29,0.010121,0,0,0,0,0,0,1461566750774,1284857
1.2395871462,9.71722213605,0.96560194575,-0.074724,0.002125,0.031133,0,0,0,0,0,0,1461566750784,1284867
1.0618140078,9.6067905765,0.7800522132,-0.085527,-0.077806,0.060171,0,0,0,0,0,0,1461566750802,1284885
0.83511599145,9.51685470645,0.6609418569,-0.080582,-0.090748,0.057526,0,0,0,0,0,0,1461566750812,1284895
0.6549598614,9.43604873445,0.696853443,-0.089144,-0.066109,0.050372,0,0,0,0,0,0,1461566750821,1284904
0.4804817238,9.4698715254,0.93492705735,-0.094093,-0.039085,0.045710,0,0,0,0,0,0,1461566750831,1284914
0.5358495051,9.51640360515,1.0703457063,-0.090503,-0.004999,0.033619,0,0,0,0,0,0,1461566750841,1284924
0.5358495051,9.51640360515,1.0703457063,-0.097668,-0.000428,0.016307,0,0,0,0,0,0,1461566750851,1284934
0.62039177265,9.5437932993,1.196791362,-0.098667,-0.027569,0.006088,0,0,0,0,0,0,1461566750860,1284943
0.7412967276,9.69207814185,1.237194348,-0.105874,-0.040569,0.003503,0,0,0,0,0,0,1461566750869,1284952
0.91113636705,9.76435241535,1.31695101915,-0.098587,-0.044051,0.005915,0,0,0,0,0,0,1461566750879,1284962
1.0441622178,9.8084916969,1.30916461845,-0.090095,-0.047521,0.009564,0,0,0,0,0,0,1461566750889,1284972
1.18811256525,9.78620140875,1.292111028,-0.091314,-0.051044,0.012018,0,0,0,0,0,0,1461566750898,1284981
1.19888015715,9.7202131338,1.32099131775,-0.075506,-0.063882,0.018017,0,0,0,0,0,0,1461566750908,1284991
1.19888015715,9.7202131338,1.32099131775,-0.071928,-0.069684,0.029121,0,0,0,0,0,0,1461566750917,1285000
1.14441457845,9.62623696515,1.2238770531,-0.074410,-0.076701,0.039000,0,0,0,0,0,0,1461566750927,1285010
0.94585155405,9.53615399685,1.15339737825,-0.067123,-0.070795,0.036540,0,0,0,0,0,0,1461566750937,1285020
0.9169712643,9.5369091012,1.17240247215,-0.052389,-0.073175,0.020288,0,0,0,0,0,0,1461566750946,1285029
0.92565006105,9.53750730075,1.3070758233,-0.035557,-0.035421,0.020599,0,0,0,0,0,0,1461566750956,1285039
1.0098981321,9.57416418465,1.4623919622,-0.040567,-0.000141,0.018508,0,0,0,0,0,0,1461566750965,1285048
1.0857616029,9.58224478185,1.52120184255,-0.052829,0.037422,0.010267,0,0,0,0,0,0,1461566750976,1285059
1.1328918822,9.57251668425,1.6566204915,-0.066212,0.069049,-0.005487,0,0,0,0,0,0,1461566750986,1285069
1.20007655625,9.54274399845,1.68640298385,-0.080961,0.105468,-0.006275,0,0,0,0,0,0,1461566751004,1285087
1.2196798497,9.5234349015,1.68669718035,-0.093090,0.098354,-0.005045,0,0,0,0,0,0,1461566751014,1285097
1.18271896275,9.49545681435,1.5803059194,-0.096649,0.079525,-0.001502,0,0,0,0,0,0,1461566751023,1285106
1.1530933752,9.5340652017,1.59916391505,-0.095266,0.055949,-0.007969,0,0,0,0,0,0,1461566751033,1285116
1.14247288155,9.56278858665,1.6760766867,-0.101301,0.040638,-0.004371,0,0,0,0,0,0,1461566751043,1285126
1.14247288155,9.56278858665,1.6760766867,-0.109710,0.018237,-0.003321,0,0,0,0,0,0,1461566751052,1285135
1.15294627695,9.5247882054,1.6666427856,-0.119470,0.019389,0.000467,0,0,0,0,0,0,1461566751062,1285145
1.1632725741,9.49620211215,1.63776249585,-0.110999,0.021799,0.002937,0,0,0,0,0,0,1461566751071,1285154
1.1821207632,9.49590791565,1.66694678865,-0.113326,0.018197,-0.007029,0,0,0,0,0,0,1461566751081,1285164
1.21264855335,9.4287232416,1.61920850325,-0.092833,0.039530,0.000546,0,0,0,0,0,0,1461566751091,1285174
1.260533937,9.39968604705,1.6679960895,-0.088035,0.054851,-0.000559,0,0,0,0,0,0,1461566751100,1285183
1.260533937,9.39968604705,1.6679960895,-0.083272,0.079582,-0.002810,0,0,0,0,0,0,1461566751110,1285193
1.2883649259,9.4370980353,1.6974745788,-0.078419,0.093688,-0.010135,0,0,0,0,0,0,1461566751120,1285203
1.2883649259,9.4370980353,1.6974745788,-0.090650,0.103070,-0.006247,0,0,0,0,0,0,1461566751130,1285213
1.42782387345,9.59511097545,1.7862042432,-0.076236,0.154880,-0.015709,0,0,0,0,0,0,1461566751148,1285231
1.4261861796,9.67038605325,1.7766330504,-0.082263,0.146602,-0.017004,0,0,0,0,0,0,1461566751158,1285241
1.35076400355,9.6805554456,1.6118830104,-0.070106,0.130230,-0.008536,0,0,0,0,0,0,1461566751167,1285250
1.35076400355,9.6805554456,1.6118830104,-0.068820,0.109067,-0.005037,0,0,0,0,0,0,1461566751177,1285260
1.26442713735,9.7197620325,1.5048935499,-0.051806,0.076294,0.013174,0,0,0,0,0,0,1461566751187,1285270
1.09353819705,9.6947749431,1.425283977,-0.048051,0.038689,0.021459,0,0,0,0,0,0,1461566751197,1285280
0.70478694195,9.58014618015,1.3037808225,-0.022275,0.011653,0.007373,0,0,0,0,0,0,1461566751215,1285298
0.581332284,9.5449896984,1.2828340317,-0.033150,0.013904,-0.001246,0,0,0,0,0,0,1461566751225,1285308
0.5140005117,9.5559141951,1.3202362134,-0.032924,0.011403,-0.026124,0,0,0,0,0,0,1461566751235,1285318
0.48466912065,9.59436567765,1.30063291995,-0.043778,0.000734,-0.029909,0,0,0,0,0,0,1461566751244,1285327
0.5508143004,9.63072836505,1.3016822208,-0.043607,-0.027543,-0.033939,0,0,0,0,0,0,1461566751254,1285337
0.5508143004,9.63072836505,1.3016822208,-0.036146,-0.055784,-0.038000,0,0,0,0,0,0,1461566751264,1285347
0.66677675415,9.5711731869,1.2840304308,-0.029865,-0.080536,-0.048230,0,0,0,0,0,0,1461566751274,1285357
0.89497517265,9.61382187285,1.37426049735,-0.007631,-0.117052,-0.069847,0,0,0,0,0,0,1461566751293,1285376
0.9988167306,9.64045646265,1.4526638646,-0.020977,-0.114784,-0.073484,0,0,0,0,0,0,1461566751302,1285385
1.15100458005,9.7121325366,1.3877248905,-0.016056,-0.118322,-0.078516,0,0,0,0,0,0,1461566751311,1285394
1.2193856532,9.65377375755,1.35001870575,-0.019644,-0.134806,-0.076185,0,0,0,0,0,0,1461566751322,1285405
1.2193856532,9.65377375755,1.35001870575,-0.012284,-0.166499,-0.066614,0,0,0,0,0,0,1461566751331,1285414
1.1930452599,9.58748147955,1.2053230605,-0.004995,-0.194623,-0.050793,0,0,0,0,0,0,1461566751340,1285423
1.15728077205,9.4936622157,1.15653547425,-0.000108,-0.212216,-0.043545,0,0,0,0,0,0,1461566751350,1285433
1.16985276915,9.3332466708,1.185415764,-0.005052,-0.184021,-0.049437,0,0,0,0,0,0,1461566751360,1285443
1.26187743435,9.3709626621,1.5717742209,-0.012428,-0.151144,-0.057753,0,0,0,0,0,0,1461566751369,1285452
1.3069189185,9.43724513355,1.7842625463,-0.027131,-0.104196,-0.069613,0,0,0,0,0,0,1461566751379,1285462
1.3069189185,9.43724513355,1.7842625463,-0.031999,-0.083095,-0.080550,0,0,0,0,0,0,1461566751388,1285471
1.43111887425,9.3974403471,1.9110023985,-0.035776,-0.050170,-0.083908,0,0,0,0,0,0,1461566751398,1285481
1.52314353945,9.52807339965,1.99913386335,-0.037077,-0.032517,-0.083717,0,0,0,0,0,0,1461566751408,1285491
1.5608497242,9.5832940827,1.93254738885,-0.037042,-0.041928,-0.082573,0,0,0,0,0,0,1461566751417,1285500
1.6465981974,9.6002005749,1.9243196934,-0.029872,-0.062930,-0.056736,0,0,0,0,0,0,1461566751427,1285510
1.58135522025,9.56323968795,1.8076021353,-0.027429,-0.096957,-0.039703,0,0,0,0,0,0,1461566751436,1285519
1.4014932867,9.5193946029,1.6893939816,-0.021397,-0.129753,-0.016469,0,0,0,0,0,0,1461566751446,1285529
1.22147444835,9.46642942635,1.6000563111,-0.010343,-0.160288,-0.013117,0,0,0,0,0,0,1461566751456,1285539
1.22147444835,9.46642942635,1.6000563111,-0.004390,-0.161348,0.001753,0,0,0,0,0,0,1461566751465,1285548
0.90709606845,9.42602644035,1.58584662015,-0.012852,-0.148512,-0.010496,0,0,0,0,0,0,1461566751475,1285558
0.8390091918,9.47480422005,1.57521631995,-0.025040,-0.136812,-0.012799,0,0,0,0,0,0,1461566751485,1285568
0.7812486123,9.47645172045,1.6513837938,-0.038360,-0.118135,-0.028689,0,0,0,0,0,0,1461566751494,1285577
0.74024742675,9.59077648035,1.6893939816,-0.049452,-0.086401,-0.028301,0,0,0,0,0,0,1461566751504,1285587
0.6428389656,9.66858164805,1.7074968729,-0.043285,-0.085260,-0.039502,0,0,0,0,0,0,1461566751514,1285597
0.6428389656,9.66858164805,1.7074968729,-0.040855,-0.065301,-0.050488,0,0,0,0,0,0,1461566751523,1285606
0.61425287235,9.650625855,1.72619796375,-0.046844,-0.074776,-0.055532,0,0,0,0,0,0,1461566751533,1285616
0.6625893573,9.62100026745,1.73637716265,-0.047831,-0.104272,-0.065776,0,0,0,0,0,0,1461566751543,1285626
0.76119421755,9.5238860028,1.6223564058,-0.036586,-0.170140,-0.065280,0,0,0,0,0,0,1461566751557,1285640
0.83841099225,9.48453231765,1.62340570665,-0.041203,-0.220786,-0.065787,0,0,0,0,0,0,1461566751566,1285649
0.88524707505,9.5400471972,1.60485171405,-0.036196,-0.259583,-0.061249,0,0,0,0,0,0,1461566751576,1285659
0.9053014698,9.4924658166,1.63387910205,-0.022699,-0.279555,-0.065254,0,0,0,0,0,0,1461566751586,1285669
0.93133786005,9.5958660798,1.6635046896,-0.016669,-0.283014,-0.057866,0,0,0,0,0,0,1461566751596,1285679
0.92923925835,9.66259965255,1.769297751,-0.008207,-0.258302,-0.066346,0,0,0,0,0,0,1461566751614,1285697
0.9774188385,9.6334251663,1.8085043379,-0.008216,-0.234830,-0.078526,0,0,0,0,0,0,1461566751624,1285707
1.10281519335,9.60199517355,1.7429573577,-0.015584,-0.230119,-0.072227,0,0,0,0,0,0,1461566751633,1285716
1.1906524617,9.54274399845,1.6670938869,-0.008325,-0.227715,-0.069753,0,0,0,0,0,0,1461566751643,1285726
1.24063644705,9.4751082231,1.55232783225,-0.015691,-0.230046,-0.059800,0,0,0,0,0,0,1461566751653,1285736
1.1849646627,9.4472772342,1.42633327785,-0.003670,-0.228724,-0.044933,0,0,0,0,0,0,1461566751662,1285745
1.165214271,9.4390397322,1.52239824165,-0.013393,-0.221729,-0.048536,0,0,0,0,0,0,1461566751672,1285755
1.165214271,9.4390397322,1.52239824165,-0.003781,-0.209873,-0.042247,0,0,0,0,0,0,1461566751682,1285765
1.11703469085,9.4403930361,1.569832524,-0.006204,-0.218104,-0.038591,0,0,0,0,0,0,1461566751691,1285774
1.10730659325,9.4406872326,1.61771790765,-0.018292,-0.220553,-0.044767,0,0,0,0,0,0,1461566751701,1285784
1.0977255939,9.42228033825,1.6656032913,-0.013413,-0.231104,-0.041172,0,0,0,0,0,0,1461566751711,1285794
1.0872521985,9.4418836317,1.7329350636,-0.018267,-0.241693,-0.036287,0,0,0,0,0,0,1461566751720,1285803
1.07708280615,9.4887197145,1.6654463865,-0.020642,-0.253478,-0.036397,0,0,0,0,0,0,1461566751730,1285813
1.02905032425,9.4993500147,1.69358137845,-0.007293,-0.262788,-0.029106,0,0,0,0,0,0,1461566751739,1285822
1.02905032425,9.4993500147,1.69358137845,-0.008452,-0.274566,-0.029224,0,0,0,0,0,0,1461566751749,1285832
0.94226235675,9.5202968055,1.71168426975,-0.007250,-0.285112,-0.021886,0,0,0,0,0,0,1461566751758,1285841
0.92325726285,9.5207479068,1.71139007325,-0.007223,-0.290998,-0.021948,0,0,0,0,0,0,1461566751768,1285851
0.90425216895,9.5210421033,1.6917867798,-0.016957,-0.271089,-0.031632,0,0,0,0,0,0,1461566751778,1285861
0.92280616155,9.5397530007,1.71139007325,-0.020625,-0.251144,-0.040103,0,0,0,0,0,0,1461566751787,1285870
0.9709857417,9.5012917116,1.7793200451,-0.023045,-0.220656,-0.058408,0,0,0,0,0,0,1461566751797,1285880
1.0187240271,9.50951940705,1.76061895425,-0.024390,-0.202974,-0.053246,0,0,0,0,0,0,1461566751806,1285889
1.0187240271,9.50951940705,1.76061895425,-0.030527,-0.194747,-0.050644,0,0,0,0,0,0,1461566751816,1285899
1.04640791775,9.537654399,1.81883063505,-0.035509,-0.174742,-0.047924,0,0,0,0,0,0,1461566751826,1285909
1.0268046243,9.5473824966,1.84740692175,-0.041557,-0.167751,-0.055275,0,0,0,0,0,0,1461566751835,1285918
1.00794662865,9.53854679505,1.82795072655,-0.041689,-0.160621,-0.044017,0,0,0,0,0,0,1461566751846,1285929
1.04625101295,9.5469313953,1.81883063505,-0.036808,-0.160612,-0.046526,0,0,0,0,0,0,1461566751855,1285938
1.0675018068,9.4613398269,1.76136425205,-0.032216,-0.149847,-0.021584,0,0,0,0,0,0,1461566751874,1285957
1.0493989155,9.4516117293,1.66500509175,-0.029809,-0.140432,-0.023982,0,0,0,0,0,0,1461566751884,1285967
1.0493989155,9.4516117293,1.66500509175,-0.033598,-0.126271,-0.015117,0,0,0,0,0,0,1461566751893,1285976
1.0101923286,9.48094312035,1.6932773754,-0.036073,-0.121559,-0.012570,0,0,0,0,0,0,1461566751903,1285986
0.99149123775,9.45311213145,1.7124393741,-0.037355,-0.114479,-0.008761,0,0,0,0,0,0,1461566751912,1285995
0.8870416737,9.42722283945,1.7106349689,-0.053159,-0.115724,-0.007453,0,0,0,0,0,0,1461566751922,1286005
0.8753718792,9.4939564122,1.7971287399,-0.050754,-0.106309,-0.009853,0,0,0,0,0,0,1461566751931,1286014
0.89407297005,9.5032334085,1.83603132375,-0.054531,-0.081596,-0.008333,0,0,0,0,0,0,1461566751941,1286024
0.89407297005,9.5032334085,1.83603132375,-0.063073,-0.072226,-0.009435,0,0,0,0,0,0,1461566751951,1286034
0.8918272701,9.5885307804,1.8839167074,-0.052273,-0.043919,-0.009194,0,0,0,0,0,0,1461566751961,1286044
0.92878815705,9.62594276865,1.9424225847,-0.068161,-0.019293,-0.012584,0,0,0,0,0,0,1461566751970,1286053
0.95752134855,9.6251876643,1.942873686,-0.071916,-0.001636,-0.009896,0,0,0,0,0,0,1461566751979,1286062
0.9305827557,9.56863329045,1.85578171545,-0.064692,0.007831,-0.007348,0,0,0,0,0,0,1461566751989,1286072
0.97083864345,9.5012917116,1.79862914205,-0.076782,-0.007523,-0.006206,0,0,0,0,0,0,1461566751999,1286082
0.99104013645,9.46284022905,1.72186346865,-0.079154,-0.008749,-0.012419,0,0,0,0,0,0,1461566752008,1286091
0.9816160419,9.47241142185,1.7122824693,-0.077969,-0.011069,-0.007479,0,0,0,0,0,0,1461566752018,1286101
0.9816160419,9.47241142185,1.7122824693,-0.082756,-0.026396,-0.007616,0,0,0,0,0,0,1461566752027,1286110
0.97278034035,9.4532592297,1.6639557909,-0.087667,-0.018172,-0.006262,0,0,0,0,0,0,1461566752037,1286120
0.9428605563,9.482737719,1.72111817085,-0.074421,0.000772,0.001323,0,0,0,0,0,0,1461566752047,1286130
0.95946304545,9.595709175,1.7600207547,-0.085414,0.025398,-0.005819,0,0,0,0,0,0,1461566752056,1286139
0.98745093915,9.61411606935,1.7990704368,-0.083084,0.041906,-0.003173,0,0,0,0,0,0,1461566752067,1286150
0.95991414675,9.5768609859,1.75987365645,-0.073471,0.069015,-0.005422,0,0,0,0,0,0,1461566752085,1286168
0.89377877355,9.5683292874,1.6723305846,-0.078233,0.046631,-0.004390,0,0,0,0,0,0,1461566752095,1286178
0.89377877355,9.5683292874,1.6723305846,-0.066015,0.024350,0.000285,0,0,0,0,0,0,1461566752105,1286188
0.73306903215,9.54258709365,1.47750385575,-0.062245,-0.005049,0.002441,0,0,0,0,0,0,1461566752115,1286198
0.667826055,9.46837112325,1.4475840717,-0.065810,-0.034455,0.009604,0,0,0,0,0,0,1461566752124,1286207
0.57789018495,9.60334847745,1.6005074124,-0.060646,-0.062795,-0.009362,0,0,0,0,0,0,1461566752143,1286226
0.6355036662,9.57416418465,1.66859428905,-0.067865,-0.053492,-0.022898,0,0,0,0,0,0,1461566752153,1286236
0.6355036662,9.57416418465,1.66859428905,-0.056970,-0.035810,-0.027738,0,0,0,0,0,0,1461566752162,1286245
0.70104083985,9.61097797335,1.7369753622,-0.063081,-0.021734,-0.031289,0,0,0,0,0,0,1461566752172,1286255
0.7781105163,9.6180092697,1.66125898965,-0.058119,-0.033513,-0.036408,0,0,0,0,0,0,1461566752181,1286264
0.76972591605,9.58958008125,1.5840520215,-0.042189,-0.053473,-0.040426,0,0,0,0,0,0,1461566752191,1286274
0.7995084084,9.56937858825,1.4785531566,-0.045790,-0.068773,-0.036841,0,0,0,0,0,0,1461566752200,1286283
0.7727169138,9.5036845098,1.4203414758,-0.040796,-0.108733,-0.029831,0,0,0,0,0,0,1461566752210,1286293
0.7828961127,9.4658312268,1.439797671,-0.035669,-0.149958,-0.037744,0,0,0,0,0,0,1461566752220,1286303
0.7828961127,9.4658312268,1.439797671,-0.034324,-0.172335,-0.040470,0,0,0,0,0,0,1461566752229,1286312
0.80040080445,9.5316724035,1.4785531566,-0.029447,-0.161761,-0.047840,0,0,0,0,0,0,1461566752239,1286322
0.82015119615,9.502939212,1.45969516095,-0.026961,-0.159439,-0.055283,0,0,0,0,0,0,1461566752249,1286332
0.85741608615,9.53062310265,1.5177597435,-0.025810,-0.150000,-0.052706,0,0,0,0,0,0,1461566752259,1286342
0.8951222709,9.53944899765,1.5568094256,-0.013556,-0.139450,-0.070052,0,0,0,0,0,0,1461566752268,1286351
0.88569817635,9.5397530007,1.5375101352,-0.018495,-0.122991,-0.069854,0,0,0,0,0,0,1461566752278,1286361
0.9549814521,9.4435311321,1.50009814695,-0.015902,-0.143038,-0.077531,0,0,0,0,0,0,1461566752287,1286370
0.9549814521,9.4435311321,1.50009814695,-0.015817,-0.178297,-0.067961,0,0,0,0,0,0,1461566752297,1286380
0.9937369377,9.41419974105,1.5101302476,-0.007168,-0.228806,-0.056106,0,0,0,0,0,0,1461566752316,1286399
0.9536281482,9.4815413199,1.5577116282,0.011165,-0.227616,-0.068610,0,0,0,0,0,0,1461566752326,1286409
0.9250518615,9.491563614,1.5476893341,0.012358,-0.238154,-0.060028,0,0,0,0,0,0,1461566752335,1286418
0.94375295235,9.4819924212,1.6057441101,0.016037,-0.218211,-0.074747,0,0,0,0,0,0,1461566752345,1286428
0.94375295235,9.4819924212,1.6057441101,0.032989,-0.209875,-0.072260,0,0,0,0,0,0,1461566752355,1286438
0.9064978689,9.4451786325,1.59541781295,0.029442,-0.192357,-0.093181,0,0,0,0,0,0,1461566752364,1286447
0.9548245473,9.4157001432,1.6057441101,0.038016,-0.181802,-0.106780,0,0,0,0,0,0,1461566752373,1286456
0.9738296412,9.4154059467,1.62534740355,0.050054,-0.173452,-0.098054,0,0,0,0,0,0,1461566752384,1286467
0.90544856805,9.4644779229,1.6820586822,0.061048,-0.158184,-0.112858,0,0,0,0,0,0,1461566752402,1286485
0.9136762635,9.51161800875,1.7015148774,0.058401,-0.133407,-0.101402,0,0,0,0,0,0,1461566752412,1286495
0.9136762635,9.51161800875,1.7015148774,0.058417,-0.132244,-0.103875,0,0,0,0,0,0,1461566752422,1286505
0.8853941733,9.48408121635,1.73951525865,0.053439,-0.119281,-0.097501,0,0,0,0,0,0,1461566752432,1286515
0.98176314015,9.416445441,1.84666162395,0.045023,-0.125251,-0.104975,0,0,0,0,0,0,1461566752441,1286524
1.03981791615,9.3866727552,1.8379828272,0.048417,-0.110983,-0.083718,0,0,0,0,0,0,1461566752450,1286533
1.15414267605,9.39415515285,1.9069620999,0.022776,-0.108677,-0.071137,0,0,0,0,0,0,1461566752460,1286543
1.16312547585,9.38472125175,1.9841788746,0.026270,-0.093303,-0.062294,0,0,0,0,0,0,1461566752470,1286553
1.0254513204,9.5113140057,2.13605291445,0.016403,-0.086213,-0.049744,0,0,0,0,0,0,1461566752480,1286563
0.92474785845,9.70329683505,2.26967696475,0.018833,-0.082683,-0.052203,0,0,0,0,0,0,1461566752490,1286573
1.28537392815,9.6789079452,2.73684139365,0.015111,-0.038059,-0.067870,0,0,0,0,0,0,1461566752509,1286592
1.40164038495,9.62862976335,2.6615761224,0.028226,-0.014355,-0.051535,0,0,0,0,0,0,1461566752518,1286601
1.4365026702,9.549029997,2.04612685095,0.019753,-0.085997,-0.016205,0,0,0,0,0,0,1461566752538,1286621
1.4365026702,9.549029997,2.04612685095,0.016002,-0.095330,0.001111,0,0,0,0,0,0,1461566752547,1286630
1.315450617,9.4563973257,1.86146951445,0.009188,-0.022105,0.046644,0,0,0,0,0,0,1461566752566,1286649
1.19334926295,9.3736496568,1.8016201398,-0.002142,0.021526,0.068280,0,0,0,0,0,0,1461566752576,1286659
1.2690656355,9.381730254,1.8701483112,-0.019982,0.081852,0.131131,0,0,0,0,0,0,1461566752595,1286678
1.2690656355,9.381730254,1.8701483112,-0.022949,0.124449,0.170110,0,0,0,0,0,0,1461566752605,1286688
1.26562353645,9.4867780176,2.04357714795,-0.021004,0.196369,0.187007,0,0,0,0,0,0,1461566752614,1286697
1.2617303361,9.61052687205,2.2264398858,-0.017890,0.275366,0.205214,0,0,0,0,0,0,1461566752623,1286706
1.3844298897,9.62743336425,2.3917783188,0.002257,0.367336,0.213535,0,0,0,0,0,0,1461566752633,1286716
1.44233756745,9.5702709843,2.4984735828,0.032425,0.405176,0.217507,0,0,0,0,0,0,1461566752643,1286726
1.5273309363,9.30197358285,2.1145079241,0.056230,0.208843,0.242667,0,0,0,0,0,0,1461566752662,1286745
1.68280398,9.268758798,1.8665591139,0.061413,0.036159,0.300473,0,0,0,0,0,0,1461566752672,1286755
1.5758145195,9.38397595395,1.78799884185,0.072623,-0.075447,0.330316,0,0,0,0,0,0,1461566752682,1286765
1.39954178325,9.5488730922,1.8722469129,0.087957,-0.078573,0.386120,0,0,0,0,0,0,1461566752691,1286774
1.0950385992,9.84021588615,2.1281194155,0.084830,0.264181,0.419546,0,0,0,0,0,0,1461566752710,1286793
1.16132107065,9.8764314753,2.1290216181,0.071758,0.478306,0.408186,0,0,0,0,0,0,1461566752719,1286802
1.16132107065,9.8764314753,2.1290216181,0.027527,0.641526,0.374085,0,0,0,0,0,0,1461566752730,1286813
1.2184834506,9.81972019665,2.30290155615,0.033412,0.807132,0.304967,0,0,0,0,0,0,1461566752748,1286831
1.28821782765,9.28865628795,2.15909830695,0.087262,0.762540,0.285592,0,0,0,0,0,0,1461566752758,1286841
0.8249465991,9.14620634265,1.84411192095,0.143773,0.639187,0.282773,0,0,0,0,0,0,1461566752768,1286851
0.5677207926,9.2069579199,1.53242053575,0.194545,0.461599,0.270718,0,0,0,0,0,0,1461566752778,1286861
0.3097496883,9.26816059845,1.3554025017,0.170287,0.193081,0.271755,0,0,0,0,0,0,1461566752796,1286879
0.0565641804,9.4349994336,1.4866337538,0.146073,0.171782,0.272896,0,0,0,0,0,0,1461566752806,1286889
0.0261834885,9.4742060205,1.6114319091,0.124825,0.227238,0.310845,0,0,0,0,0,0,1461566752816,1286899
0.1283873526,9.5113140057,1.91130640155,0.108396,0.315596,0.335460,0,0,0,0,0,0,1461566752826,1286909
0.4780889256,9.59032537905,2.2437974793,0.097898,0.390003,0.384750,0,0,0,0,0,0,1461566752835,1286918
0.4780889256,9.59032537905,2.2437974793,0.120764,0.410215,0.399757,0,0,0,0,0,0,1461566752844,1286927
0.8601128874,9.50802881145,2.5282462686,0.160989,0.345789,0.421246,0,0,0,0,0,0,1461566752855,1286938
1.5779131212,9.06659676975,2.4323382096,0.228558,0.174293,0.430295,0,0,0,0,0,0,1461566752864,1286947
1.8246655323,8.80458536685,2.12797231725,0.282899,-0.016133,0.434240,0,0,0,0,0,0,1461566752874,1286957
2.09011903425,8.60751293805,1.69852387965,0.307660,-0.182947,0.473371,0,0,0,0,0,0,1461566752884,1286967
2.1394950135,8.63295112875,1.42019437755,0.317768,-0.278209,0.481020,0,0,0,0,0,0,1461566752893,1286976
2.15027241195,8.56681575555,1.4395034745,0.300643,-0.226586,0.465496,0,0,0,0,0,0,1461566752902,1286985
2.15027241195,8.56681575555,1.4395034745,0.245408,-0.058680,0.436469,0,0,0,0,0,0,1461566752912,1286995
2.0305638561,8.71256070165,1.70734977465,0.155288,0.132280,0.353188,0,0,0,0,0,0,1461566752921,1287004
1.82122343325,8.99312609715,2.0607876432,0.037118,0.325520,0.280012,0,0,0,0,0,0,1461566752932,1287015
0.1429010466,10.0398282114,3.64424146515,-0.150385,0.644024,0.145127,0,0,0,0,0,0,1461566752950,1287033
-0.51340231215,9.90321316335,3.61505717235,-0.173120,0.669484,0.089595,0,0,0,0,0,0,1461566752960,1287043
-0.71435813475,9.5942185794,3.24605630895,-0.140866,0.547154,0.080696,0,0,0,0,0,0,1461566752969,1287052
-0.62039177265,9.34447517055,2.8526665557,-0.064540,0.327423,0.087952,0,0,0,0,0,0,1461566752979,1287062
-0.62039177265,9.34447517055,2.8526665557,0.010619,0.144028,0.069501,0,0,0,0,0,0,1461566752989,1287072
-0.46327122855,9.26366919855,2.5275009708,0.080455,0.023114,0.070369,0,0,0,0,0,0,1461566752999,1287082
-0.0613497768,9.40298104785,2.02382675625,0.141283,-0.027094,0.090661,0,0,0,0,0,0,1461566753009,1287092
0.49918281465,9.68115364515,1.67622378495,0.177441,-0.024367,0.124055,0,0,0,0,0,0,1461566753018,1287101
1.80894563265,10.2913662189,1.2153453546,0.184427,0.056840,0.114931,0,0,0,0,0,0,1461566753037,1287120
1.8089554392,10.2913662189,1.2153453546,0.152080,0.035243,0.072621,0,0,0,0,0,0,1461566753047,1287130
2.20428688935,10.1498184762,1.1535444765,0.102706,0.015938,0.034153,0,0,0,0,0,0,1461566753056,1287139
2.3922294201,9.2053104195,1.7902445418,0.049345,0.036727,0.009789,0,0,0,0,0,0,1461566753065,1287148
2.2041397911,8.91936122805,2.2298721783,0.022286,0.134211,-0.006449,0,0,0,0,0,0,1461566753075,1287158
1.971901074,8.99147859675,2.370831528,0.027907,0.268316,-0.027438,0,0,0,0,0,0,1461566753085,1287168
1.8144863334,9.2582854026,2.1860368998,0.062690,0.436592,-0.066853,0,0,0,0,0,0,1461566753095,1287178
1.8144863334,9.2582854026,2.1860368998,0.088905,0.617777,-0.106090,0,0,0,0,0,0,1461566753104,1287187
1.69567998015,9.55156989345,1.8863095056,0.110278,0.783671,-0.139250,0,0,0,0,0,0,1461566753114,1287197
1.71527346705,9.69941344125,1.38638139315,0.138945,0.887410,-0.138307,0,0,0,0,0,0,1461566753123,1287206
1.9086096003,9.70300263855,1.0715421054,0.164377,0.919274,-0.145556,0,0,0,0,0,0,1461566753133,1287216
1.71947067045,9.7240965276,0.7320197313,0.179370,0.869781,-0.166031,0,0,0,0,0,0,1461566753143,1287226
1.3344557109,9.74369982105,1.014977925,0.148532,0.758813,-0.193131,0,0,0,0,0,0,1461566753152,1287235
1.3344557109,9.74369982105,1.014977925,0.067808,0.681675,-0.232052,0,0,0,0,0,0,1461566753162,1287245
0.8813538747,9.71033793795,1.6530312942,0.057186,0.662633,-0.258290,0,0,0,0,0,0,1461566753171,1287254
0.6759066522,9.74624952405,2.1888807993,0.115286,0.733474,-0.270265,0,0,0,0,0,0,1461566753181,1287264
0.75327052515,9.69731483955,2.2286757792,0.187486,0.871599,-0.262968,0,0,0,0,0,0,1461566753191,1287274
1.24691263905,9.60768297255,1.64884389735,0.227953,1.048387,-0.261320,0,0,0,0,0,0,1461566753200,1287283
1.8750908124,9.55156989345,0.87836287695,0.228387,1.199119,-0.253531,0,0,0,0,0,0,1461566753210,1287293
2.45133349695,9.6389560605,0.25213620705,0.214713,1.255586,-0.249143,0,0,0,0,0,0,1461566753219,1287302
2.45133349695,9.6389560605,0.25213620705,0.201377,1.217953,-0.232075,0,0,0,0,0,0,1461566753229,1287312
2.81809846695,9.56323968795,-0.0213978921,0.189378,1.166161,-0.221374,0,0,0,0,0,0,1461566753238,1287321
2.94588762,9.3907130538,-0.00030400305,0.171403,1.135391,-0.234032,0,0,0,0,0,0,1461566753248,1287331
2.8691219466,9.2626198977,0.44067693735,0.137518,1.140998,-0.253683,0,0,0,0,0,0,1461566753258,1287341
2.78338327995,9.1436664462,0.7567126242,0.122895,1.149169,-0.253524,0,0,0,0,0,0,1461566753267,1287350
2.6389818312,9.08246376765,1.0722874032,0.121274,1.182295,-0.224591,0,0,0,0,0,0,1461566753278,1287361
2.33806784445,9.16685893695,1.4526638646,0.160151,1.246690,-0.117255,0,0,0,0,0,0,1461566753296,1287379
2.2445427771,9.10221415935,1.3453802076,0.193510,1.288378,-0.062315,0,0,0,0,0,0,1461566753306,1287389
2.1888807993,9.05582917785,1.2481188447,0.192613,1.357048,0.004262,0,0,0,0,0,0,1461566753325,1287408
2.1888807993,9.12076815195,1.0558320123,0.197205,1.401844,0.010920,0,0,0,0,0,0,1461566753335,1287418
2.2327160778,9.3458186679,0.9507842487,0.205534,1.445422,0.007608,0,0,0,0,0,0,1461566753344,1287427
2.3213084505,9.70210043595,0.85651388355,0.218697,1.487867,0.007986,0,0,0,0,0,0,1461566753354,1287437
2.43562340385,9.69043064145,0.9157748652,0.214706,1.537369,0.020950,0,0,0,0,0,0,1461566753364,1287447
2.4658569975,9.64210396305,0.86818367805,0.229848,1.569575,0.079609,0,0,0,0,0,0,1461566753383,1287466
2.3709884328,9.57865558455,0.98221424145,0.250118,1.586367,0.115716,0,0,0,0,0,0,1461566753392,1287475
2.25771297375,9.45954522825,1.11493608915,0.294818,1.564470,0.158751,0,0,0,0,0,0,1461566753402,1287485
1.97893237035,9.42961563765,1.4381501706,0.349165,1.560271,0.200680,0,0,0,0,0,0,1461566753411,1287494
1.8059546349,9.3688640604,1.71452816925,0.431480,1.574969,0.230241,0,0,0,0,0,0,1461566753421,1287504
1.60320421365,9.3657259644,2.0001831642,0.493378,1.603482,0.224016,0,0,0,0,0,0,1461566753431,1287514
1.60320421365,9.3657259644,2.0001831642,0.485834,1.697489,0.201431,0,0,0,0,0,0,1461566753440,1287523
1.5800117229,9.4991931099,2.16358970685,0.405333,1.836938,0.158565,0,0,0,0,0,0,1461566753450,1287533
1.7990704368,9.6341704641,1.88810410425,0.310410,1.973860,0.098350,0,0,0,0,0,0,1461566753460,1287543
1.79966863635,9.7359232269,1.4837898543,0.213083,2.072030,0.056379,0,0,0,0,0,0,1461566753470,1287553
2.5795737513,9.7145253348,0.7736191164,0.023407,2.138069,0.030687,0,0,0,0,0,0,1461566753489,1287572
2.64856283055,9.6744165453,0.6495662589,-0.006233,2.167588,0.069664,0,0,0,0,0,0,1461566753498,1287581
2.65124982525,9.55156989345,0.61111477635,0.013843,2.189207,0.125703,0,0,0,0,0,0,1461566753508,1287591
2.65124982525,9.55156989345,0.61111477635,0.101792,2.218317,0.198874,0,0,0,0,0,0,1461566753517,1287600
2.5288542747,9.5065284093,0.49365192045,0.176455,2.243788,0.264620,0,0,0,0,0,0,1461566753527,1287610
2.33806784445,9.46403662815,0.5772919854,0.268274,2.252814,0.322652,0,0,0,0,0,0,1461566753537,1287620
1.76420815155,9.485875815,0.5111566122,0.358682,2.313596,0.375021,0,0,0,0,0,0,1461566753556,1287639
1.37290719345,9.53107420395,0.27443630175,0.364355,2.359663,0.396597,0,0,0,0,0,0,1461566753565,1287648
1.37290719345,9.53107420395,0.27443630175,0.339824,2.379649,0.411840,0,0,0,0,0,0,1461566753575,1287658
0.5624840949,9.54707849355,-0.06449767935,0.298403,2.378348,0.424459,0,0,0,0,0,0,1461566753584,1287667
0.13302585075,9.62100026745,-0.3977340549,0.273047,2.324138,0.435202,0,0,0,0,0,0,1461566753595,1287678
-0.9685929435,9.8512874811,-0.7796011119,0.365507,2.052623,0.431893,0,0,0,0,0,0,1461566753613,1287696
-1.5568094256,10.0351897132,-0.63400326405,0.494091,1.890637,0.407186,0,0,0,0,0,0,1461566753623,1287706
-1.9853752737,10.291974225,-0.29373559215,0.657161,1.737887,0.324004,0,0,0,0,0,0,1461566753632,1287715
-1.9853752737,10.291974225,-0.29373559215,0.803749,1.609331,0.165364,0,0,0,0,0,0,1461566753642,1287725
-2.18738039715,10.6017141068,0.3097496883,0.833304,1.595460,-0.013851,0,0,0,0,0,0,1461566753652,1287735
-2.04328295145,10.6891002738,1.29374872185,0.678082,1.613597,-0.204230,0,0,0,0,0,0,1461566753661,1287744
-1.251708042,10.4875462516,2.16149110515,0.337128,1.479339,-0.334389,0,0,0,0,0,0,1461566753671,1287754
1.33819200645,9.75746821725,1.7947359417,0.027472,1.252740,-0.378696,0,0,0,0,0,0,1461566753681,1287764
2.06018944365,9.68205584775,1.30483012335,-0.150401,1.082390,-0.374617,0,0,0,0,0,0,1461566753691,1287774
2.5315412694,9.6600597561,0.98460703965,-0.204849,1.030337,-0.373646,0,0,0,0,0,0,1461566753700,1287783
2.5315412694,9.6600597561,0.98460703965,-0.222212,1.051615,-0.344759,0,0,0,0,0,0,1461566753709,1287792
2.89710003375,9.61337077155,0.8358710958,-0.202590,1.185016,-0.297487,0,0,0,0,0,0,1461566753719,1287802
3.1679471382,9.4751082231,0.80130300705,-0.160378,1.402179,-0.238268,0,0,0,0,0,0,1461566753729,1287812
3.255186207,9.4444333347,0.7351578273,-0.101148,1.642888,-0.192556,0,0,0,0,0,0,1461566753738,1287821
3.20655552555,9.473911824,0.7441406271,0.004179,1.883876,-0.137132,0,0,0,0,0,0,1461566753748,1287831
3.02729179155,9.4112087433,0.60662337645,0.084757,2.022130,-0.114966,0,0,0,0,0,0,1461566753758,1287841
2.830366461,9.32905927395,0.31513348425,0.152645,2.050730,-0.111279,0,0,0,0,0,0,1461566753768,1287851
2.71379600115,9.1120893552,-0.1005563637,0.211013,1.933648,-0.050673,0,0,0,0,0,0,1461566753786,1287869
2.44490040015,9.19304242545,-0.19108062675,0.248437,1.910532,-0.008858,0,0,0,0,0,0,1461566753796,1287879
2.0334077556,9.2671112976,-0.3799253601,0.289853,1.853167,0.011456,0,0,0,0,0,0,1461566753806,1287889
1.5921326187,9.398793651,-0.55933619235,0.329113,1.774483,0.011678,0,0,0,0,0,0,1461566753816,1287899
1.121673189,9.5312213022,-0.68174154945,0.359812,1.715742,0.007181,0,0,0,0,0,0,1461566753825,1287908
1.121673189,9.5312213022,-0.68174154945,0.402628,1.691113,-0.011930,0,0,0,0,0,0,1461566753834,1287917
0.68054515035,9.57894978105,-0.6592943565,0.464815,1.714735,-0.049270,0,0,0,0,0,0,1461566753844,1287927
0.33339328035,9.69133284405,-0.5487156987,0.531968,1.747694,-0.103933,0,0,0,0,0,0,1461566753854,1287937
-0.15397264155,9.5904724773,-0.26755210365,0.587577,1.804821,-0.242775,0,0,0,0,0,0,1461566753873,1287956
-0.00014709825,9.51191220525,-0.1785184362,0.580926,1.769146,-0.297786,0,0,0,0,0,0,1461566753883,1287966
0.3832203609,9.4378433331,-0.0863368662,0.544291,1.461165,-0.390290,0,0,0,0,0,0,1461566753902,1287985
0.8608581852,9.3720021564,0.16085683965,0.511372,1.284237,-0.421798,0,0,0,0,0,0,1461566753912,1287995
1.48274055345,9.2837235933,0.3722958642,0.523136,1.146439,-0.441938,0,0,0,0,0,0,1461566753921,1288004
1.95843668085,9.34956477,0.51385341345,0.553907,1.079435,-0.450249,0,0,0,0,0,0,1461566753930,1288013
2.18692929585,9.37305145725,0.57475208895,0.594072,1.053771,-0.443265,0,0,0,0,0,0,1461566753940,1288023
2.30319575265,9.3600381654,0.3939879528,0.626547,1.077626,-0.417085,0,0,0,0,0,0,1461566753950,1288033
2.30319575265,9.3600381654,0.3939879528,0.657809,1.109688,-0.395783,0,0,0,0,0,0,1461566753960,1288043
2.28015036015,9.15189414165,0.2394171117,0.714400,1.259005,-0.275222,0,0,0,0,0,0,1461566753979,1288062
2.0712610386,9.0902403618,0.21696991875,0.785322,1.332631,-0.225106,0,0,0,0,0,0,1461566753988,1288071
1.8221158293,9.0685482732,0.35763507195,0.900006,1.459260,-0.205717,0,0,0,0,0,0,1461566753998,1288081
1.688491779,9.35704716765,0.7888781082,1.035189,1.665887,-0.211687,0,0,0,0,0,0,1461566754008,1288091
1.7350336653,9.67068024975,1.36737629925,1.217666,1.951427,-0.249372,0,0,0,0,0,0,1461566754018,1288101
1.75298945835,9.86416348125,2.301401154,0.817804,2.880529,-0.474954,0,0,0,0,0,0,1461566754036,1288119
0.5971992819,10.1964976542,6.50932311315,0.056955,3.066197,-0.708996,0,0,0,0,0,0,1461566754046,1288129
0.9775757433,10.440553264,6.07238247135,-0.464387,2.619670,-0.743351,0,0,0,0,0,0,1461566754055,1288138
1.8367864281,10.4989120431,4.71862747005,-0.733075,1.825931,-0.575122,0,0,0,0,0,0,1461566754065,1288148
2.20877828925,10.4191651785,3.77143241865,-0.791162,1.147272,-0.229063,0,0,0,0,0,0,1461566754075,1288158
1.5738728226,10.953808478,4.03224742245,-0.757671,0.861163,0.133071,0,0,0,0,0,0,1461566754084,1288167
0.70119774465,12.0759327682,3.7126225383,-0.666650,0.880961,0.419843,0,0,0,0,0,0,1461566754095,1288178
0.70119774465,12.0759327682,3.7126225383,-0.509831,1.064053,0.596168,0,0,0,0,0,0,1461566754104,1288187
-1.10701239675,13.6257108975,1.9077073977,-0.247814,1.506157,0.691429,0,0,0,0,0,0,1461566754123,1288206
-2.03025985305,14.4931492777,1.4043371862,-0.315125,1.839399,0.562309,0,0,0,0,0,0,1461566754132,1288215
-2.82123656295,14.8313281545,1.3449291063,-0.477637,2.344954,0.385770,0,0,0,0,0,0,1461566754142,1288225
-2.82123656295,14.8313281545,1.3449291063,-0.642957,2.895343,0.228353,0,0,0,0,0,0,1461566754151,1288234
-3.0488367819,14.4563452956,0.9079884645,-0.744311,3.339568,0.181329,0,0,0,0,0,0,1461566754161,1288244
-2.4972771837,13.0988441922,0.02917448625,-0.770080,3.646704,0.182190,0,0,0,0,0,0,1461566754171,1288254
-0.5418315006,10.6482559931,-0.01181689275,-0.792754,3.840754,0.168184,0,0,0,0,0,0,1461566754180,1288263
0.1771651323,10.1016290895,1.3159017183,-0.904343,4.050943,0.168461,0,0,0,0,0,0,1461566754190,1288273
0.77017701735,9.99359032815,2.97027650985,-1.124558,4.314909,0.193455,0,0,0,0,0,0,1461566754199,1288282
1.53571553655,9.9931490334,4.2228769479,-1.329542,4.522180,0.174290,0,0,0,0,0,0,1461566754209,1288292
2.4193151112,10.1284205841,3.25458800745,-1.488135,4.213913,0.132096,0,0,0,0,0,0,1461566754219,1288302
2.4193151112,10.1284205841,3.25458800745,-1.679469,3.025241,0.142972,0,0,0,0,0,0,1461566754229,1288312
3.0654490776,10.3253361081,0.5410862028,-1.797868,1.115950,0.266457,0,0,0,0,0,0,1461566754239,1288322
3.1056951588,10.512533341,-2.989428702,-1.782280,-0.921982,0.425197,0,0,0,0,0,0,1461566754248,1288331
-0.1292895552,10.4303838717,-3.5668775922,-1.532313,-2.733222,0.903220,0,0,0,0,0,0,1461566754267,1288350
-0.9157748652,9.8369306919,-1.43306057115,-1.358041,-2.450947,1.115287,0,0,0,0,0,0,1461566754277,1288360
-0.9157748652,9.8369306919,-1.433060571