% Accelerometer data recorded with 'snsrlog'
% 
% Sampling frequency: 100 Hz
% 
% Label description:
% 	 0: Default Label
% 	 1: still_drop
% 	 2: walk_drop
% 	 3: other
% 	 4: dtw_same
% 	 5: dtw_diff
% 	 6: delete
% 	 7: steal
% 
% Column description:
% 	 1: Seconds.milliseconds since 1970
% 	 2: Number of skipped measurements
% 	 3: Acceleration value in x-direction
% 	 4: Acceleration value in y-direction
% 	 5: Acceleration value in z-direction
% 	 6: Label used for the current sample
% 
% 
1463571891.468	 0	 0.019241	 -0.363098	 -0.529678	 2
1463571891.478	 0	 0.027130	 -0.376572	 -0.510132	 2
1463571891.488	 0	 0.074142	 -0.393997	 -0.499985	 2
1463571891.498	 0	 0.134994	 -0.415329	 -0.496628	 2
1463571891.508	 0	 0.198105	 -0.427399	 -0.504013	 2
1463571891.518	 0	 0.259720	 -0.424545	 -0.528992	 2
1463571891.528	 0	 0.291443	 -0.400421	 -0.559006	 2
1463571891.538	 0	 0.303574	 -0.353195	 -0.567398	 2
1463571891.548	 0	 0.326447	 -0.301224	 -0.550720	 2
1463571891.558	 0	 0.330185	 -0.264206	 -0.523270	 2
1463571891.568	 0	 0.306946	 -0.240173	 -0.457397	 2
1463571891.578	 0	 0.298843	 -0.228485	 -0.391602	 2
1463571891.588	 0	 0.307083	 -0.200989	 -0.362976	 2
1463571891.598	 0	 0.325882	 -0.161026	 -0.323425	 2
1463571891.608	 0	 0.430176	 -0.082108	 -0.272751	 2
1463571891.618	 0	 0.488419	 -0.029419	 -0.254410	 2
1463571891.628	 0	 0.573944	 -0.015442	 -0.256577	 2
1463571891.638	 0	 0.678116	 0.006058	 -0.270035	 2
1463571891.648	 0	 0.810913	 0.019623	 -0.314484	 2
1463571891.658	 0	 0.953705	 0.022125	 -0.447021	 2
1463571891.668	 0	 1.054550	 0.072632	 -0.595963	 2
1463571891.678	 0	 1.088287	 0.188415	 -0.640060	 2
1463571891.698	 0	 1.016373	 0.383774	 -0.430023	 2
1463571891.688	 0	 1.038208	 0.293289	 -0.577774	 2
1463571891.708	 0	 1.018448	 0.446472	 -0.272324	 2
1463571891.718	 0	 1.059921	 0.447708	 -0.128754	 2
1463571891.728	 0	 1.141357	 0.425034	 -0.034988	 2
1463571891.738	 0	 1.247787	 0.355881	 0.024887	 2
1463571891.748	 0	 1.373322	 0.286697	 0.024216	 2
1463571891.758	 0	 1.490341	 0.263107	 -0.008194	 2
1463571891.768	 0	 1.575775	 0.257172	 -0.042480	 2
1463571891.778	 1	 1.622101	 0.223114	 -0.070831	 2
1463571891.798	 1	 1.620010	 0.291412	 -0.135986	 2
1463571891.808	 1	 1.547607	 0.355621	 -0.109634	 2
1463571891.818	 1	 1.496597	 0.423843	 -0.052948	 2
1463571891.828	 1	 1.483856	 0.485397	 0.038727	 2
1463571891.838	 1	 1.506226	 0.504242	 0.121796	 2
1463571891.848	 1	 1.556519	 0.475281	 0.177841	 2
1463571891.858	 1	 1.632874	 0.402206	 0.200562	 2
1463571891.868	 1	 1.693130	 0.286774	 0.205414	 2
1463571891.878	 1	 1.710312	 0.187546	 0.182678	 2
1463571891.888	 1	 1.672379	 0.138824	 0.147202	 2
1463571891.898	 1	 1.620361	 0.121643	 0.119080	 2
1463571891.908	 1	 1.588135	 0.133026	 0.115219	 2
1463571891.918	 1	 1.546112	 0.141754	 0.126129	 2
1463571891.928	 1	 1.514923	 0.101212	 0.114975	 2
1463571891.938	 1	 1.469635	 0.114853	 0.128036	 2
1463571891.948	 1	 1.460007	 0.003326	 0.221191	 2
1463571891.958	 1	 1.397278	 -0.110779	 0.242554	 2
1463571891.968	 1	 1.348755	 -0.130936	 0.269272	 2
1463571891.978	 1	 1.365799	 -0.101837	 0.278656	 2
1463571891.988	 1	 1.373840	 -0.109283	 0.280228	 2
1463571891.998	 1	 1.353928	 -0.149353	 0.271530	 2
1463571892.008	 1	 1.293915	 -0.145721	 0.261002	 2
1463571892.018	 1	 1.248062	 -0.136307	 0.268875	 2
1463571892.028	 1	 1.227158	 -0.137146	 0.276474	 2
1463571892.038	 1	 1.223053	 -0.122559	 0.304047	 2
1463571892.048	 1	 1.207245	 -0.118591	 0.327362	 2
1463571892.058	 1	 1.184387	 -0.129623	 0.334427	 2
1463571892.068	 1	 1.161346	 -0.145432	 0.334641	 2
1463571892.078	 1	 1.142654	 -0.153641	 0.344910	 2
1463571892.088	 1	 1.120850	 -0.145584	 0.357864	 2
1463571892.098	 1	 1.095169	 -0.137787	 0.378571	 2
1463571892.108	 1	 1.084137	 -0.133835	 0.397812	 2
1463571892.118	 1	 1.077988	 -0.132996	 0.417969	 2
1463571892.128	 1	 1.054749	 -0.131378	 0.430389	 2
1463571892.138	 1	 1.052307	 -0.134964	 0.440094	 2
1463571892.148	 1	 1.091095	 -0.147705	 0.451004	 2
1463571892.158	 1	 1.108978	 -0.171310	 0.484543	 2
1463571892.168	 1	 1.150497	 -0.175293	 0.534836	 2
1463571892.178	 1	 1.132126	 -0.099258	 0.589142	 2
1463571892.188	 1	 1.119110	 0.029678	 0.587524	 2
1463571892.198	 1	 1.158752	 0.132782	 0.541916	 2
1463571892.208	 1	 1.138428	 0.220459	 0.386398	 2
1463571892.218	 1	 1.146790	 0.296951	 0.238998	 2
1463571892.228	 1	 1.116150	 0.392609	 0.132950	 2
1463571892.238	 1	 1.104828	 0.503845	 0.098053	 2
1463571892.248	 1	 1.120880	 0.528229	 0.121338	 2
1463571892.258	 1	 1.125946	 0.582047	 0.223740	 2
1463571892.268	 1	 1.113754	 0.470230	 0.235962	 2
1463571892.278	 1	 1.067856	 0.350479	 0.123428	 2
1463571892.288	 1	 1.000046	 0.378815	 0.065079	 2
1463571892.298	 1	 0.903488	 0.470413	 0.122421	 2
1463571892.308	 1	 0.799515	 0.485596	 0.146729	 2
1463571892.318	 1	 0.773468	 0.376938	 0.049179	 2
1463571892.328	 1	 0.841492	 0.237442	 -0.096787	 2
1463571892.338	 1	 0.905121	 0.173386	 -0.238968	 2
1463571892.348	 1	 0.848968	 0.265305	 -0.299225	 2
1463571892.358	 1	 0.768021	 0.387115	 -0.302780	 2
1463571892.368	 1	 0.709412	 0.422089	 -0.325302	 2
1463571892.378	 1	 0.734482	 0.412064	 -0.374603	 2
1463571892.388	 1	 0.821762	 0.438904	 -0.416977	 2
1463571892.398	 1	 0.909256	 0.458023	 -0.448807	 2
1463571892.408	 1	 0.976822	 0.448471	 -0.456299	 2
1463571892.418	 1	 1.024246	 0.402695	 -0.413284	 2
1463571892.428	 1	 1.051636	 0.318085	 -0.289886	 2
1463571892.438	 1	 1.075394	 0.116608	 -0.202820	 2
1463571892.448	 1	 1.080536	 0.012726	 -0.239868	 2
1463571892.458	 1	 1.051819	 0.068893	 -0.313858	 2
1463571892.478	 1	 0.855209	 0.405594	 -0.201202	 2
1463571892.468	 1	 0.979523	 0.235001	 -0.292023	 2
1463571892.488	 1	 0.694504	 0.511017	 -0.092957	 2
1463571892.498	 1	 0.531326	 0.516098	 0.020218	 2
1463571892.528	 3	 0.541306	 0.494507	 0.209976	 2
1463571892.538	 3	 0.600906	 0.486481	 0.195755	 2
1463571892.548	 3	 0.584579	 0.475250	 0.179688	 2
1463571892.558	 3	 0.527939	 0.393585	 0.136078	 2
1463571892.568	 3	 0.608170	 0.399948	 0.098022	 2
1463571892.578	 3	 0.741852	 0.292480	 -0.096191	 2
1463571892.588	 3	 0.870422	 0.280441	 -0.067093	 2
1463571892.598	 3	 0.941589	 0.313614	 -0.088120	 2
1463571892.608	 3	 1.011612	 0.341019	 -0.165573	 2
1463571892.618	 3	 1.176636	 0.407532	 -0.228119	 2
1463571892.628	 3	 1.323090	 0.398407	 -0.253189	 2
1463571892.638	 3	 1.356583	 0.358810	 -0.238892	 2
1463571892.648	 3	 1.338394	 0.424362	 -0.148560	 2
1463571892.658	 3	 1.290024	 0.474762	 -0.019913	 2
1463571892.668	 3	 1.298691	 0.645569	 0.158264	 2
1463571892.678	 3	 1.258698	 0.714752	 0.238220	 2
1463571892.688	 3	 1.208862	 0.781952	 0.298309	 2
1463571892.698	 3	 1.161575	 0.767166	 0.327133	 2
1463571892.708	 3	 1.187592	 0.719299	 0.306839	 2
1463571892.718	 3	 1.243942	 0.635666	 0.182434	 2
1463571892.728	 3	 1.081574	 0.586151	 0.031494	 2
1463571892.738	 3	 1.036133	 0.607361	 -0.002350	 2
1463571892.748	 3	 1.067810	 0.751709	 0.016098	 2
1463571892.758	 3	 1.086258	 0.929825	 0.041534	 2
1463571892.768	 3	 1.067062	 1.026062	 0.066544	 2
1463571892.778	 3	 1.045151	 1.028259	 0.120804	 2
1463571892.788	 3	 1.046646	 0.954681	 0.119904	 2
1463571892.798	 3	 1.012634	 0.882019	 0.128479	 2
1463571892.808	 3	 0.950211	 0.769867	 0.097549	 2
1463571892.818	 3	 0.919723	 0.746689	 0.104462	 2
1463571892.828	 3	 0.950150	 0.750992	 0.116150	 2
1463571892.838	 3	 0.959763	 0.725159	 0.084595	 2
1463571892.848	 3	 0.872681	 0.651443	 0.035599	 2
1463571892.858	 3	 0.702896	 0.538788	 0.073257	 2
1463571892.868	 3	 0.586090	 0.459290	 0.129272	 2
1463571892.878	 3	 0.479324	 0.473831	 0.145203	 2
1463571892.888	 3	 0.423828	 0.517212	 0.090256	 2
1463571892.898	 3	 0.390640	 0.601715	 0.085938	 2
1463571892.908	 3	 0.399246	 0.715668	 0.061310	 2
1463571892.918	 3	 0.456955	 0.774582	 0.077667	 2
1463571892.928	 3	 0.487045	 0.821793	 0.098541	 2
1463571892.938	 3	 0.471970	 0.833801	 0.062103	 2
1463571892.948	 3	 0.547836	 0.899796	 0.006332	 2
1463571892.958	 3	 0.641953	 1.036758	 0.007706	 2
1463571892.968	 3	 0.702118	 1.171448	 0.030396	 2
1463571892.978	 3	 0.773590	 1.262589	 0.034027	 2
1463571892.988	 3	 0.835739	 1.321487	 -0.028061	 2
1463571892.998	 3	 0.824631	 1.296997	 -0.071213	 2
1463571893.008	 3	 0.785492	 1.206955	 -0.029205	 2
1463571893.018	 3	 0.744659	 1.062134	 0.013626	 2
1463571893.028	 3	 0.677750	 0.729416	 0.014297	 2
1463571893.038	 3	 0.610504	 0.541992	 0.056992	 2
1463571893.048	 3	 0.565460	 0.447922	 0.089874	 2
1463571893.058	 3	 0.535095	 0.423325	 0.102142	 2
1463571893.068	 3	 0.461060	 0.478439	 0.138763	 2
1463571893.078	 3	 0.408615	 0.507370	 0.143005	 2
1463571893.088	 3	 0.373550	 0.398621	 0.068466	 2
1463571893.098	 3	 0.355118	 0.369751	 0.114410	 2
1463571893.108	 3	 0.301315	 0.386948	 0.288635	 2
1463571893.118	 3	 0.196335	 0.389038	 0.376129	 2
1463571893.128	 3	 0.202057	 0.421021	 0.408310	 2
1463571893.138	 3	 0.282059	 0.504211	 0.275070	 2
1463571893.148	 3	 0.275604	 0.524826	 0.063141	 2
1463571893.158	 3	 0.228775	 0.513580	 0.057159	 2
1463571893.168	 3	 0.187027	 0.518860	 0.152481	 2
1463571893.178	 3	 0.173996	 0.505707	 0.152084	 2
1463571893.188	 3	 0.196396	 0.480255	 0.136292	 2
1463571893.198	 3	 0.245056	 0.437653	 0.374741	 2
1463571893.208	 3	 0.325958	 0.435837	 0.697174	 2
1463571893.218	 3	 0.391388	 0.486740	 1.032181	 2
1463571893.238	 4	 0.962311	 0.691284	 1.178452	 2
1463571893.248	 4	 1.131577	 0.750595	 1.029373	 2
1463571893.258	 4	 1.146759	 0.842972	 0.882629	 2
1463571893.268	 4	 1.152054	 0.986664	 0.792511	 2
1463571893.278	 4	 1.087158	 1.039459	 0.713364	 2
1463571893.288	 4	 0.931076	 1.019409	 0.651810	 2
1463571893.298	 4	 0.710068	 0.889236	 0.622986	 2
1463571893.308	 4	 0.644836	 0.770691	 0.620178	 2
1463571893.318	 4	 0.751099	 0.796829	 0.642853	 2
1463571893.328	 4	 0.890686	 0.877289	 0.572281	 2
1463571893.338	 4	 1.042465	 0.958206	 0.550705	 2
1463571893.348	 4	 1.203278	 0.961838	 0.453644	 2
1463571893.358	 4	 1.282455	 0.893692	 0.238083	 2
1463571893.368	 4	 1.272797	 0.853165	 -0.022934	 2
1463571893.378	 4	 1.183121	 1.008987	 -0.115967	 2
1463571893.388	 4	 1.025619	 0.987930	 -0.078339	 2
1463571893.398	 4	 0.721588	 0.894012	 0.082840	 2
1463571893.408	 4	 0.422943	 0.861343	 0.324341	 2
1463571893.418	 4	 0.192444	 0.907486	 0.496338	 2
1463571893.428	 4	 0.320953	 0.918625	 0.358627	 2
1463571893.438	 4	 0.486801	 0.691956	 -0.141388	 2
1463571893.448	 4	 0.387146	 0.695618	 -0.096420	 2
1463571893.458	 4	 0.485565	 0.832031	 -0.324432	 2
1463571893.468	 4	 0.506134	 0.943176	 -0.474442	 2
1463571893.478	 4	 0.445038	 0.779831	 -0.455994	 2
1463571893.488	 4	 0.417801	 0.609695	 -0.458084	 2
1463571893.498	 4	 0.387726	 0.478653	 -0.371780	 2
1463571893.508	 4	 0.386993	 0.459290	 -0.265076	 2
1463571893.518	 4	 0.326981	 0.530823	 -0.128510	 2
1463571893.528	 4	 0.388153	 0.534775	 -0.073074	 2
1463571893.538	 4	 0.503952	 0.585754	 0.170853	 2
1463571893.548	 4	 0.656235	 0.532043	 0.540100	 2
1463571893.558	 4	 0.780655	 0.460617	 1.020035	 2
1463571893.568	 4	 0.793915	 0.467712	 0.818909	 2
1463571893.578	 4	 0.684708	 0.585907	 0.501633	 2
1463571893.588	 4	 0.593338	 0.675308	 0.293365	 2
1463571893.598	 4	 0.560577	 0.711227	 0.137650	 2
1463571893.608	 4	 0.522247	 0.719284	 -0.005447	 2
1463571893.618	 4	 0.455734	 0.702881	 -0.076508	 2
1463571893.628	 4	 0.411057	 0.665939	 -0.166336	 2
1463571893.638	 5	 0.425797	 0.646896	 -0.254745	 2
1463571893.658	 5	 0.564575	 0.666992	 -0.243454	 2
1463571893.668	 5	 0.628983	 0.640198	 -0.161682	 2
1463571893.678	 5	 0.757721	 0.589096	 -0.032318	 2
1463571893.688	 5	 0.839325	 0.536606	 0.117676	 2
1463571893.698	 5	 0.823776	 0.522430	 0.198212	 2
1463571893.708	 5	 0.735504	 0.532074	 0.242004	 2
1463571893.718	 5	 0.642136	 0.591873	 0.235519	 2
1463571893.728	 5	 0.545959	 0.642441	 0.215057	 2
1463571893.738	 5	 0.455444	 0.648575	 0.189056	 2
1463571893.748	 5	 0.392487	 0.626816	 0.133453	 2
1463571893.758	 6	 0.371582	 0.631622	 0.085175	 2
1463571893.778	 6	 0.346664	 0.660019	 0.038376	 2
1463571893.788	 6	 0.359299	 0.655319	 0.041718	 2
1463571893.798	 6	 0.519730	 0.694977	 0.091385	 2
1463571893.808	 6	 0.733582	 0.801819	 0.145264	 2
1463571893.818	 6	 0.955322	 1.048309	 0.171295	 2
1463571893.828	 6	 1.147964	 1.190094	 0.169022	 2
1463571893.838	 6	 1.292496	 1.082825	 0.175919	 2
1463571893.848	 6	 1.339218	 0.960754	 0.189560	 2
1463571893.858	 6	 1.328827	 0.879395	 0.198593	 2
1463571893.868	 6	 1.296768	 0.867538	 0.159973	 2
1463571893.878	 7	 1.243454	 0.919968	 0.150970	 2
1463571893.898	 7	 1.052567	 0.928955	 0.221878	 2
1463571893.908	 7	 0.988205	 0.893372	 0.251022	 2
1463571893.918	 7	 0.940369	 0.917419	 0.258667	 2
1463571893.928	 7	 0.873489	 1.037216	 0.267090	 2
1463571893.938	 7	 0.844467	 1.063110	 0.213791	 2
1463571893.948	 7	 0.816422	 1.056046	 0.155640	 2
1463571893.958	 7	 0.776611	 1.112122	 0.133835	 2
1463571893.968	 7	 0.699081	 1.171265	 0.191345	 2
1463571893.978	 7	 0.729111	 1.034988	 0.551102	 2
1463571893.988	 7	 0.714508	 1.056076	 0.661346	 2
1463571893.998	 7	 0.603546	 1.099457	 0.292877	 2
1463571894.008	 7	 0.566772	 1.160477	 -0.048004	 2
1463571894.018	 7	 0.555527	 1.204086	 -0.131577	 2
1463571894.028	 7	 0.545715	 1.215729	 -0.116562	 2
1463571894.038	 7	 0.563583	 1.239578	 -0.068283	 2
1463571894.048	 7	 0.572937	 1.184097	 0.011276	 2
1463571894.058	 8	 0.550064	 1.035583	 0.099014	 2
1463571894.078	 8	 0.400085	 0.876160	 0.341202	 2
1463571894.088	 8	 0.344376	 0.847214	 0.411575	 2
1463571894.098	 8	 0.337631	 0.741104	 0.415070	 2
1463571894.108	 8	 0.409332	 0.779861	 0.320007	 2
1463571894.118	 8	 0.486588	 1.011841	 0.254639	 2
1463571894.128	 8	 0.488403	 0.909729	 0.207245	 2
1463571894.138	 8	 0.420731	 0.868835	 0.196716	 2
1463571894.148	 8	 0.343445	 0.816925	 0.245895	 2
1463571894.158	 8	 0.320038	 0.761139	 0.254654	 2
1463571894.168	 8	 0.318314	 0.707962	 0.238205	 2
1463571894.178	 8	 0.336609	 0.681320	 0.228302	 2
1463571894.188	 8	 0.263702	 0.651001	 0.188293	 2
1463571894.198	 8	 0.211319	 0.583466	 0.156845	 2
1463571894.208	 8	 0.189697	 0.548126	 0.159225	 2
1463571894.218	 8	 0.189804	 0.523788	 0.113113	 2
1463571894.228	 8	 0.228134	 0.474197	 0.062653	 2
1463571894.238	 8	 0.256714	 0.441818	 0.002594	 2
1463571894.248	 8	 0.276337	 0.445602	 -0.027237	 2
1463571894.258	 8	 0.248505	 0.515335	 -0.051147	 2
1463571894.268	 8	 0.177109	 0.591187	 -0.000168	 2
1463571894.278	 8	 0.132202	 0.574646	 0.065567	 2
1463571894.288	 8	 0.135284	 0.628403	 0.149399	 2
1463571894.298	 8	 0.049606	 0.620468	 0.258194	 2
1463571894.308	 8	 0.067093	 0.633179	 0.324341	 2
1463571894.318	 8	 0.116226	 0.704849	 0.402328	 2
1463571894.328	 8	 0.167847	 0.836884	 0.584244	 2
1463571894.338	 8	 0.205765	 0.929825	 0.863083	 2
1463571894.348	 8	 0.281586	 1.002518	 1.130356	 2
1463571894.358	 8	 0.521317	 1.132751	 1.319534	 2
1463571894.368	 8	 0.787689	 1.206818	 1.450134	 2
1463571894.378	 8	 0.868515	 1.125763	 1.879044	 2
1463571894.388	 8	 0.814697	 1.025925	 1.333847	 2
1463571894.398	 8	 0.748795	 1.048157	 0.888016	 2
1463571894.408	 8	 0.871292	 0.831146	 0.491943	 2
1463571894.418	 8	 0.918228	 0.670746	 0.351425	 2
1463571894.428	 8	 0.839233	 0.809143	 0.371216	 2
1463571894.438	 8	 0.653885	 0.821854	 0.454529	 2
1463571894.448	 8	 0.535278	 0.925461	 0.618225	 2
1463571894.458	 8	 0.531265	 1.103790	 0.643997	 2
1463571894.468	 8	 0.524292	 1.198334	 0.487915	 2
1463571894.478	 9	 0.489868	 1.119507	 0.381348	 2
1463571894.498	 9	 0.406204	 1.091187	 0.083069	 2
1463571894.508	 9	 0.268539	 1.149307	 -0.202011	 2
1463571894.518	 9	 0.177612	 1.098740	 -0.337540	 2
1463571894.528	 9	 0.194122	 0.975754	 -0.248734	 2
1463571894.538	 9	 0.255127	 0.927917	 0.158173	 2
1463571894.548	 9	 -0.074097	 0.790207	 1.083786	 2
1463571894.558	 9	 -0.472260	 0.591141	 1.429642	 2
1463571894.568	 9	 -0.300095	 0.695007	 0.809769	 2
1463571894.578	 9	 0.009201	 0.851868	 0.292831	 2
1463571894.588	 9	 0.190186	 0.911636	 -0.256989	 2
1463571894.598	 9	 0.294464	 0.869568	 -0.525192	 2
1463571894.618	 10	 0.236237	 0.866562	 -0.455978	 2
1463571894.628	 11	 0.245621	 0.958328	 -0.354095	 2
1463571894.648	 11	 0.232941	 1.060852	 -0.179810	 2
1463571894.658	 11	 0.252350	 0.972656	 -0.151962	 2
1463571894.668	 11	 0.337570	 1.137909	 -0.096451	 2
1463571894.678	 11	 0.490555	 1.255997	 0.114914	 2
1463571894.688	 11	 0.591888	 1.199036	 0.322586	 2
1463571894.698	 11	 0.614136	 0.958603	 0.407913	 2
1463571894.708	 11	 0.579880	 0.823349	 0.392166	 2
1463571894.718	 11	 0.569580	 0.868088	 0.389694	 2
1463571894.728	 11	 0.547714	 0.875763	 0.358002	 2
1463571894.738	 11	 0.484253	 0.856094	 0.301254	 2
1463571894.748	 11	 0.455215	 0.826584	 0.262360	 2
1463571894.758	 11	 0.449860	 0.822510	 0.228775	 2
1463571894.768	 11	 0.448669	 0.812042	 0.210907	 2
1463571894.778	 11	 0.432831	 0.788208	 0.161194	 2
1463571894.788	 11	 0.426620	 0.786087	 0.111710	 2
1463571894.798	 11	 0.415726	 0.782089	 0.045761	 2
1463571894.808	 12	 0.415314	 0.775467	 -0.009872	 2
1463571894.828	 12	 0.385345	 0.778946	 -0.058990	 2
1463571894.838	 12	 0.376007	 0.776871	 -0.070236	 2
1463571894.848	 12	 0.352234	 0.773087	 -0.076477	 2
1463571894.858	 12	 0.321182	 0.742096	 -0.084091	 2
1463571894.868	 12	 0.296768	 0.799698	 -0.020706	 2
1463571894.878	 12	 0.275131	 0.855682	 0.059204	 2
1463571894.888	 12	 0.251556	 0.859833	 0.124680	 2
1463571894.898	 12	 0.229721	 0.844193	 0.190491	 2
1463571894.908	 12	 0.232452	 0.847046	 0.238617	 2
1463571894.918	 12	 0.267502	 0.882370	 0.242035	 2
1463571894.928	 12	 0.346710	 0.954163	 0.208206	 2
1463571894.938	 12	 0.431763	 0.994308	 0.136887	 2
1463571894.948	 12	 0.511856	 1.039322	 0.080978	 2
1463571894.958	 12	 0.580994	 1.063385	 0.058945	 2
1463571894.968	 12	 0.636093	 1.085281	 0.055099	 2
1463571894.978	 12	 0.684494	 1.109650	 0.059662	 2
1463571894.988	 12	 0.737289	 1.188065	 0.113022	 2
1463571894.998	 12	 0.751480	 1.127472	 0.112076	 2
1463571895.008	 12	 0.794357	 1.191345	 0.217972	 2
1463571895.018	 12	 0.812408	 1.253601	 0.274185	 2
1463571895.028	 12	 0.792603	 1.248291	 0.325562	 2
1463571895.038	 12	 0.783524	 1.217514	 0.375504	 2
1463571895.048	 12	 0.746552	 1.240509	 0.373032	 2
1463571895.058	 12	 0.689056	 1.183060	 0.357758	 2
1463571895.068	 12	 0.588852	 1.244720	 0.393372	 2
1463571895.078	 12	 0.547958	 1.211777	 0.483780	 2
1463571895.088	 12	 0.451218	 1.065216	 0.575272	 2
1463571895.108	 12	 0.372833	 1.157852	 0.394318	 2
1463571895.098	 12	 0.360199	 1.032318	 0.570358	 2
1463571895.118	 12	 0.447342	 1.218308	 0.149734	 2
1463571895.128	 12	 0.457947	 1.169388	 0.007980	 2
1463571895.138	 12	 0.456177	 1.153091	 -0.060379	 2
1463571895.148	 12	 0.411926	 1.146606	 -0.129791	 2
1463571895.158	 12	 0.377884	 1.091644	 -0.149338	 2
1463571895.168	 12	 0.380707	 1.153625	 -0.104675	 2
1463571895.178	 12	 0.369492	 1.260300	 -0.114883	 2
1463571895.188	 12	 0.360855	 1.270599	 -0.134277	 2
1463571895.198	 12	 0.342682	 1.297287	 -0.137329	 2
1463571895.208	 12	 0.284470	 1.299744	 -0.092300	 2
1463571895.218	 12	 0.255478	 1.293198	 -0.018402	 2
1463571895.228	 12	 0.239014	 1.310379	 0.073074	 2
1463571895.238	 12	 0.198303	 1.087173	 0.098404	 2
1463571895.248	 12	 0.165283	 0.869644	 0.193024	 2
1463571895.258	 12	 0.130569	 0.800247	 0.300613	 2
1463571895.268	 12	 0.074539	 0.750076	 0.359985	 2
1463571895.278	 12	 0.039154	 0.725601	 0.388916	 2
1463571895.288	 12	 0.038712	 0.723129	 0.371796	 2
1463571895.298	 12	 0.056549	 0.695023	 0.302063	 2
1463571895.308	 12	 0.095520	 0.657501	 0.205948	 2
1463571895.318	 12	 0.131088	 0.619736	 0.127869	 2
1463571895.328	 12	 0.168152	 0.593658	 0.064789	 2
1463571895.338	 12	 0.193619	 0.558060	 0.020493	 2
1463571895.348	 12	 0.198914	 0.531738	 -0.009628	 2
1463571895.358	 12	 0.196594	 0.542450	 -0.024048	 2
1463571895.368	 12	 0.181656	 0.564331	 -0.005905	 2
1463571895.378	 12	 0.138657	 0.577469	 0.036270	 2
1463571895.388	 12	 0.087387	 0.591354	 0.080292	 2
1463571895.398	 12	 0.055817	 0.602097	 0.132248	 2
1463571895.408	 12	 0.040359	 0.608856	 0.184158	 2
1463571895.418	 12	 0.039398	 0.544830	 0.225922	 2
1463571895.428	 12	 0.042328	 0.522995	 0.306763	 2
1463571895.438	 12	 0.022110	 0.387344	 0.505295	 2
1463571895.448	 12	 0.100754	 0.531158	 0.752396	 2
1463571895.458	 12	 0.224960	 0.807251	 1.082047	 2
1463571895.468	 12	 0.439728	 1.053589	 1.298370	 2
1463571895.478	 12	 0.752350	 1.116028	 1.385620	 2
1463571895.488	 12	 0.897385	 0.884949	 1.571899	 2
1463571895.498	 12	 0.963852	 0.951233	 1.412750	 2
1463571895.508	 12	 0.943970	 1.010452	 0.971741	 2
1463571895.518	 12	 0.936920	 0.972733	 0.586899	 2
1463571895.528	 12	 0.975403	 0.953003	 0.397629	 2
1463571895.538	 12	 0.900574	 0.927093	 0.362015	 2
1463571895.548	 12	 0.770508	 1.044403	 0.496643	 2
1463571895.558	 12	 0.659134	 1.185211	 0.590149	 2
1463571895.568	 12	 0.566284	 1.197464	 0.638535	 2
1463571895.578	 12	 0.542389	 1.295624	 0.579529	 2
1463571895.588	 12	 0.603775	 1.202423	 0.586151	 2
1463571895.598	 12	 0.645935	 1.117065	 0.296127	 2
1463571895.608	 12	 0.631287	 1.143509	 -0.088959	 2
1463571895.618	 12	 0.606049	 1.216217	 -0.181320	 2
1463571895.628	 12	 0.364944	 1.199600	 -0.202164	 2
1463571895.638	 12	 0.098618	 1.160568	 0.020721	 2
1463571895.648	 12	 -0.204926	 0.926392	 0.572891	 2
1463571895.658	 12	 -0.552246	 0.670334	 1.078522	 2
1463571895.668	 12	 -0.536041	 0.658844	 0.971420	 2
1463571895.678	 12	 -0.165604	 0.849396	 0.418854	 2
1463571895.688	 12	 0.105957	 1.035263	 -0.251633	 2
1463571895.698	 12	 0.257751	 1.055664	 -0.696579	 2
1463571895.708	 12	 0.241165	 0.966660	 -0.790665	 2
1463571895.718	 12	 0.118576	 0.704529	 -0.620483	 2
1463571895.728	 12	 0.206665	 0.643066	 -0.312225	 2
1463571895.738	 12	 0.224792	 0.685196	 -0.102173	 2
1463571895.748	 12	 0.309601	 0.805450	 0.108963	 2
1463571895.758	 12	 0.397095	 0.945312	 0.295670	 2
1463571895.768	 12	 0.424469	 1.069672	 0.427139	 2
1463571895.778	 12	 0.418564	 1.153061	 0.466599	 2
1463571895.788	 12	 0.401382	 1.156967	 0.401047	 2
1463571895.798	 12	 0.421341	 1.135925	 0.360687	 2
1463571895.808	 12	 0.452530	 1.104660	 0.363953	 2
1463571895.818	 12	 0.500168	 1.052124	 0.244965	 2
1463571895.828	 12	 0.560135	 1.075150	 0.184814	 2
1463571895.838	 12	 0.433167	 0.962158	 0.304169	 2
1463571895.848	 12	 0.396103	 0.817505	 0.250153	 2
1463571895.858	 12	 0.415222	 0.772842	 0.204910	 2
1463571895.868	 12	 0.411423	 0.735535	 0.180542	 2
1463571895.878	 12	 0.395782	 0.692688	 0.168839	 2
1463571895.888	 12	 0.386261	 0.665680	 0.158936	 2
1463571895.898	 12	 0.366623	 0.640305	 0.139145	 2
1463571895.908	 12	 0.346634	 0.639404	 0.114853	 2
1463571895.918	 12	 0.327087	 0.631958	 0.091705	 2
1463571895.928	 12	 0.322144	 0.641892	 0.072800	 2
1463571895.938	 12	 0.330338	 0.670715	 0.070053	 2
1463571895.948	 12	 0.335098	 0.692764	 0.066727	 2
1463571895.958	 12	 0.341660	 0.725540	 0.062973	 2
1463571895.968	 12	 0.349045	 0.758469	 0.067230	 2
1463571895.978	 12	 0.368988	 0.801392	 0.081650	 2
1463571895.988	 12	 0.385315	 0.857269	 0.098480	 2
1463571895.998	 12	 0.385101	 0.893402	 0.106400	 2
1463571896.008	 12	 0.398437	 0.912155	 0.109268	 2
1463571896.018	 12	 0.410889	 0.920700	 0.104614	 2
1463571896.028	 12	 0.425537	 0.923981	 0.105042	 2
1463571896.038	 12	 0.426163	 0.914444	 0.118118	 2
1463571896.048	 12	 0.434647	 0.943893	 0.096161	 2
1463571896.058	 12	 0.461746	 0.975861	 0.156738	 2
1463571896.068	 12	 0.516922	 1.022415	 0.183456	 2
1463571896.078	 12	 0.597610	 1.089111	 0.204803	 2
1463571896.088	 12	 0.669495	 1.130615	 0.229675	 2
1463571896.098	 13	 0.726837	 1.118515	 0.187912	 2
1463571896.118	 13	 0.810104	 1.092011	 0.244110	 2
1463571896.128	 13	 0.823273	 1.074753	 0.270630	 2
1463571896.138	 13	 0.842270	 1.056381	 0.299225	 2
1463571896.148	 13	 0.874466	 1.061142	 0.310608	 2
1463571896.158	 13	 0.879654	 1.055222	 0.276337	 2
1463571896.168	 13	 0.879700	 1.141907	 0.247864	 2
1463571896.178	 13	 0.865570	 1.215347	 0.195786	 2
1463571896.188	 13	 0.838730	 1.273010	 0.176346	 2
1463571896.198	 13	 0.775894	 1.209335	 0.195419	 2
1463571896.208	 13	 0.723114	 1.134659	 0.245056	 2
1463571896.218	 13	 0.655502	 1.037003	 0.318787	 2
1463571896.228	 13	 0.545822	 0.921539	 0.428421	 2
1463571896.238	 13	 0.430832	 0.986450	 0.305084	 2
1463571896.248	 13	 0.491119	 1.016708	 0.090393	 2
1463571896.268	 14	 0.564590	 1.001526	 -0.033081	 2
1463571896.278	 14	 0.488983	 0.981247	 -0.031830	 2
1463571896.288	 14	 0.440094	 1.069473	 0.028900	 2
1463571896.298	 14	 0.407196	 1.224915	 0.020096	 2
1463571896.308	 14	 0.349792	 1.228271	 -0.010742	 2
1463571896.318	 14	 0.289795	 0.969299	 -0.110275	 2
1463571896.328	 15	 0.326218	 0.979874	 0.019836	 2
1463571896.348	 15	 0.497849	 1.114609	 0.030167	 2
1463571896.358	 15	 0.556931	 1.214142	 0.069839	 2
1463571896.368	 15	 0.537827	 1.279572	 0.066071	 2
1463571896.378	 15	 0.459442	 1.250290	 0.000732	 2
1463571896.388	 15	 0.362213	 0.909241	 -0.086410	 2
1463571896.398	 15	 0.340652	 0.768890	 -0.025192	 2
1463571896.408	 15	 0.370789	 0.764664	 0.073654	 2
1463571896.418	 15	 0.362198	 0.744263	 0.147919	 2
1463571896.428	 15	 0.341187	 0.676544	 0.194901	 2
1463571896.438	 15	 0.317474	 0.638321	 0.230789	 2
1463571896.448	 15	 0.299164	 0.606064	 0.249451	 2
1463571896.458	 15	 0.306778	 0.586212	 0.201569	 2
1463571896.468	 15	 0.290588	 0.573791	 0.120911	 2
1463571896.478	 15	 0.258041	 0.574600	 0.050903	 2
1463571896.488	 15	 0.205505	 0.593765	 0.001129	 2
1463571896.498	 15	 0.134995	 0.614532	 -0.022934	 2
1463571896.508	 15	 0.058792	 0.615448	 -0.014603	 2
1463571896.518	 15	 0.015945	 0.603729	 0.016098	 2
1463571896.528	 15	 0.006714	 0.595886	 0.050812	 2
1463571896.538	 15	 0.006424	 0.582794	 0.085678	 2
1463571896.548	 15	 0.013382	 0.553467	 0.141632	 2
1463571896.558	 15	 0.022491	 0.572556	 0.249008	 2
1463571896.568	 15	 0.022888	 0.591629	 0.370743	 2
1463571896.578	 15	 0.020050	 0.620895	 0.547806	 2
1463571896.588	 15	 0.016800	 0.684006	 0.818680	 2
1463571896.598	 15	 0.024033	 0.784866	 1.106934	 2
1463571896.608	 16	 0.273987	 0.887283	 1.387650	 2
1463571896.628	 16	 0.843842	 1.027130	 1.806122	 2
1463571896.638	 16	 1.024994	 1.025681	 1.284607	 2
1463571896.658	 17	 1.243622	 0.876678	 0.436783	 2
1463571896.668	 17	 1.286835	 0.961090	 0.239685	 2
1463571896.678	 17	 1.045593	 0.961121	 0.222244	 2
1463571896.688	 17	 0.832840	 0.977310	 0.333694	 2
1463571896.698	 17	 0.731232	 1.001633	 0.462662	 2
1463571896.708	 17	 0.655334	 1.009872	 0.503906	 2
1463571896.718	 18	 0.611099	 0.972305	 0.513367	 2
1463571896.738	 18	 0.734558	 0.904800	 0.175674	 2
1463571896.748	 18	 0.750198	 0.974930	 -0.176132	 2
1463571896.758	 18	 0.613571	 1.024841	 -0.364258	 2
1463571896.768	 18	 0.468765	 1.060486	 -0.217270	 2
1463571896.778	 18	 0.251205	 1.093079	 0.484589	 2
1463571896.788	 18	 -0.097244	 0.905579	 1.167389	 2
1463571896.798	 18	 -0.323456	 0.860596	 1.145660	 2
1463571896.808	 18	 -0.136383	 0.916901	 0.586014	 2
1463571896.818	 19	 0.139420	 0.933090	 0.120895	 2
1463571896.838	 19	 0.408279	 0.909927	 -0.495163	 2
1463571896.848	 20	 0.430466	 0.906326	 -0.482162	 2
1463571896.868	 20	 0.401032	 1.080048	 -0.301315	 2
1463571896.878	 20	 0.392563	 1.163208	 -0.236099	 2
1463571896.888	 20	 0.421188	 1.216309	 -0.118042	 2
1463571896.898	 20	 0.481934	 1.198166	 0.014221	 2
1463571896.908	 20	 0.547317	 1.120560	 0.147781	 2
1463571896.918	 20	 0.591309	 1.027466	 0.278809	 2
1463571896.928	 20	 0.615387	 0.941299	 0.384735	 2
1463571896.938	 20	 0.590469	 0.880524	 0.454132	 2
1463571896.948	 20	 0.569870	 0.834518	 0.431763	 2
1463571896.958	 20	 0.536926	 0.815018	 0.384415	 2
1463571896.968	 20	 0.511093	 0.818741	 0.306671	 2
1463571896.978	 20	 0.483124	 0.800949	 0.221848	 2
1463571896.988	 20	 0.453033	 0.797363	 0.160950	 2
1463571896.998	 20	 0.430878	 0.798843	 0.122482	 2
1463571897.008	 20	 0.414368	 0.777496	 0.117447	 2
1463571897.018	 20	 0.425720	 0.756989	 0.131500	 2
1463571897.028	 20	 0.429214	 0.726822	 0.134109	 2
1463571897.038	 20	 0.424652	 0.705505	 0.143463	 2
1463571897.048	 20	 0.438080	 0.710480	 0.141342	 2
1463571897.058	 20	 0.466232	 0.705429	 0.153854	 2
1463571897.068	 20	 0.483032	 0.708908	 0.154297	 2
1463571897.078	 20	 0.496231	 0.718903	 0.144440	 2
1463571897.088	 20	 0.513718	 0.739914	 0.137802	 2
1463571897.098	 20	 0.531113	 0.765823	 0.131744	 2
1463571897.108	 20	 0.551605	 0.785660	 0.136536	 2
1463571897.118	 21	 0.554092	 0.798553	 0.143433	 2
1463571897.138	 21	 0.533386	 0.829697	 0.172607	 2
1463571897.148	 22	 0.547379	 0.847870	 0.186386	 2
1463571897.168	 22	 0.581848	 0.905960	 0.158020	 2
1463571897.178	 22	 0.606689	 0.905090	 0.174011	 2
1463571897.188	 22	 0.637085	 0.904572	 0.189804	 2
1463571897.198	 22	 0.654388	 0.926544	 0.177063	 2
1463571897.208	 22	 0.720642	 0.971710	 0.158096	 2
1463571897.228	 23	 0.754349	 1.023453	 0.136139	 2
1463571897.238	 23	 0.746323	 0.999680	 0.117599	 2
1463571897.248	 23	 0.761429	 1.065430	 0.111526	 2
1463571897.258	 23	 0.750122	 1.094803	 0.065765	 2
1463571897.268	 23	 0.764221	 1.021896	 0.111420	 2
1463571897.278	 23	 0.804047	 1.047211	 0.143555	 2
1463571897.288	 23	 0.837143	 1.093414	 0.136887	 2
1463571897.299	 23	 0.837326	 1.111786	 0.159164	 2
1463571897.308	 23	 0.817535	 1.118042	 0.190369	 2
1463571897.319	 23	 0.793686	 1.103134	 0.208664	 2
1463571897.328	 23	 0.801315	 1.121490	 0.222885	 2
1463571897.338	 23	 0.773697	 1.129837	 0.229614	 2
1463571897.348	 23	 0.749557	 1.113464	 0.235184	 2
1463571897.359	 23	 0.727722	 1.147202	 0.289627	 2
1463571897.369	 23	 0.731354	 1.159271	 0.048645	 2
1463571897.379	 23	 0.693008	 1.119232	 -0.078918	 2
1463571897.389	 23	 0.665451	 1.071320	 -0.056702	 2
1463571897.399	 23	 0.609070	 1.167419	 -0.108566	 2
1463571897.408	 23	 0.485596	 1.104187	 -0.108154	 2
1463571897.419	 23	 0.361282	 0.963989	 -0.076950	 2
1463571897.429	 23	 0.308990	 1.037262	 -0.046951	 2
1463571897.438	 23	 0.309341	 1.119476	 -0.088165	 2
1463571897.449	 23	 0.296814	 1.101639	 -0.083801	 2
1463571897.459	 23	 0.201859	 1.041595	 -0.192520	 2
1463571897.469	 23	 0.163071	 1.084839	 -0.198517	 2
1463571897.479	 23	 0.203873	 1.101410	 -0.168198	 2
1463571897.489	 23	 0.259750	 1.023682	 -0.220871	 2
1463571897.499	 23	 0.249588	 0.866959	 -0.267395	 2
1463571897.508	 23	 0.294861	 0.805878	 -0.273499	 2
1463571897.518	 23	 0.424103	 0.761215	 -0.320770	 2
1463571897.529	 23	 0.516678	 0.695099	 -0.322922	 2
1463571897.539	 23	 0.581482	 0.631317	 -0.327148	 2
1463571897.549	 23	 0.601364	 0.560974	 -0.309021	 2
1463571897.559	 23	 0.613586	 0.489349	 -0.298248	 2
1463571897.569	 23	 0.662216	 0.457947	 -0.214905	 2
1463571897.579	 23	 0.732864	 0.486481	 -0.132492	 2
1463571897.589	 23	 0.754700	 0.456238	 -0.086197	 2
1463571897.599	 23	 0.778946	 0.406815	 -0.080048	 2
1463571897.609	 23	 0.797104	 0.315475	 -0.119461	 2
1463571897.619	 23	 0.870026	 0.272858	 -0.007172	 2
1463571897.629	 23	 0.894791	 0.259399	 0.019852	 2
1463571897.639	 23	 0.857544	 0.199249	 -0.006744	 2
1463571897.649	 23	 0.861267	 0.158585	 -0.031143	 2
1463571897.659	 23	 0.850174	 0.169235	 -0.050400	 2
1463571897.669	 23	 0.847427	 0.169373	 -0.092346	 2
1463571897.679	 23	 0.858139	 0.130386	 -0.144547	 2
1463571897.689	 23	 0.886887	 0.152100	 -0.243896	 2
1463571897.698	 23	 0.906967	 0.166428	 -0.385727	 2
1463571897.709	 23	 0.941361	 0.216553	 -0.537338	 2
1463571897.718	 23	 0.958282	 0.257919	 -0.635147	 2
1463571897.728	 23	 0.961105	 0.266739	 -0.718292	 2
1463571897.739	 23	 0.957092	 0.284073	 -0.781677	 2
1463571897.749	 23	 0.979263	 0.302811	 -0.787186	 2
1463571897.759	 23	 0.980789	 0.291534	 -0.810959	 2
1463571897.769	 23	 1.004120	 0.302475	 -0.800751	 2
1463571897.779	 23	 1.053024	 0.310104	 -0.801559	 2
1463571897.789	 23	 1.088318	 0.305756	 -0.818207	 2
1463571897.799	 23	 1.091125	 0.256363	 -0.827728	 2
1463571897.809	 23	 1.152329	 0.267838	 -0.890106	 2
1463571897.819	 23	 1.169327	 0.300369	 -0.963043	 2
1463571897.829	 23	 1.153656	 0.380981	 -1.005081	 2
1463571897.839	 23	 1.126434	 0.388702	 -1.146072	 2
1463571897.849	 23	 1.105347	 0.387680	 -1.148453	 2
1463571897.859	 23	 1.131638	 0.441956	 -1.180695	 2
1463571897.869	 23	 1.140839	 0.466614	 -1.194199	 2
1463571897.879	 23	 1.105942	 0.419098	 -1.171265	 2
1463571897.889	 23	 1.000198	 0.281769	 -1.226242	 2
1463571897.899	 23	 0.953171	 0.227310	 -1.217880	 2
1463571897.909	 23	 0.950150	 0.267197	 -1.225891	 2
1463571897.919	 23	 0.962738	 0.250320	 -1.262955	 2
1463571897.929	 23	 0.935303	 0.225662	 -1.251953	 2
1463571897.939	 23	 0.869369	 0.236359	 -1.204987	 2
1463571897.949	 23	 0.800919	 0.170609	 -1.159103	 2
1463571897.959	 23	 0.770096	 0.214340	 -1.079575	 2
1463571897.969	 23	 0.690155	 0.262070	 -1.054153	 2
1463571897.979	 23	 0.621384	 0.247223	 -1.014496	 2
1463571897.989	 23	 0.581802	 0.203476	 -0.986679	 2
1463571897.999	 23	 0.540207	 0.172867	 -0.974381	 2
1463571898.009	 23	 0.529648	 0.156036	 -1.002457	 2
1463571898.019	 23	 0.526093	 0.187439	 -1.058594	 2
1463571898.029	 23	 0.545731	 0.222382	 -1.080154	 2
1463571898.039	 23	 0.565537	 0.235046	 -1.070602	 2
1463571898.049	 23	 0.566376	 0.228653	 -1.045425	 2
1463571898.059	 23	 0.496201	 0.185745	 -1.063522	 2
1463571898.069	 23	 0.492142	 0.127579	 -1.000534	 2
1463571898.079	 23	 0.565353	 0.160721	 -0.875900	 2
1463571898.089	 23	 0.545715	 0.183929	 -0.864395	 2
1463571898.099	 23	 0.484589	 0.178009	 -0.885742	 2
1463571898.109	 23	 0.452789	 0.188629	 -0.879562	 2
1463571898.119	 23	 0.416367	 0.205215	 -0.845245	 2
1463571898.129	 23	 0.403595	 0.226425	 -0.783951	 2
1463571898.139	 24	 0.406204	 0.234421	 -0.727097	 2
1463571898.159	 24	 0.361572	 0.099808	 -0.654602	 2
1463571898.169	 24	 0.319611	 0.064438	 -0.598312	 2
1463571898.179	 24	 0.242950	 0.000320	 -0.627945	 2
1463571898.189	 24	 0.293777	 -0.011551	 -0.553162	 2
1463571898.199	 24	 0.297455	 -0.043213	 -0.527451	 2
1463571898.209	 24	 0.325516	 -0.063492	 -0.481537	 2
1463571898.219	 24	 0.356659	 -0.107529	 -0.475403	 2
1463571898.229	 24	 0.323227	 -0.169891	 -0.538589	 2
1463571898.239	 24	 0.297134	 -0.186707	 -0.601196	 2
1463571898.249	 24	 0.345551	 -0.142166	 -0.604782	 2
1463571898.259	 24	 0.311203	 -0.192841	 -0.646194	 2
1463571898.269	 24	 0.286423	 -0.255646	 -0.678131	 2
1463571898.279	 24	 0.270050	 -0.255386	 -0.640823	 2
1463571898.289	 24	 0.239578	 -0.263550	 -0.602417	 2
1463571898.299	 24	 0.186737	 -0.300400	 -0.576859	 2
1463571898.309	 24	 0.158401	 -0.325272	 -0.531158	 2
1463571898.319	 24	 0.166092	 -0.347244	 -0.495071	 2
1463571898.329	 24	 0.196426	 -0.385437	 -0.519897	 2
1463571898.339	 24	 0.225632	 -0.431244	 -0.565643	 2
1463571898.349	 24	 0.253128	 -0.483566	 -0.590118	 2
1463571898.359	 24	 0.252533	 -0.526764	 -0.627136	 2
1463571898.369	 24	 0.232285	 -0.532898	 -0.668442	 2
1463571898.379	 24	 0.207581	 -0.494782	 -0.693314	 2
1463571898.389	 24	 0.162399	 -0.475876	 -0.705841	 2
1463571898.399	 24	 0.112717	 -0.499573	 -0.692047	 2
1463571898.409	 24	 0.090561	 -0.519043	 -0.667114	 2
1463571898.419	 24	 0.101059	 -0.569138	 -0.657181	 2
1463571898.429	 24	 0.108124	 -0.646713	 -0.683945	 2
1463571898.439	 24	 0.134399	 -0.685989	 -0.716736	 2
1463571898.449	 24	 0.187012	 -0.665466	 -0.746780	 2
1463571898.459	 24	 0.250961	 -0.634537	 -0.798096	 2
1463571898.469	 24	 0.321259	 -0.562515	 -0.869141	 2
1463571898.479	 24	 0.363449	 -0.495102	 -0.945648	 2
1463571898.489	 24	 0.363632	 -0.467987	 -1.013153	 2
1463571898.499	 24	 0.344971	 -0.441742	 -1.026535	 2
1463571898.509	 24	 0.315491	 -0.430161	 -0.995575	 2
1463571898.519	 24	 0.269958	 -0.443405	 -0.944550	 2
1463571898.529	 24	 0.238297	 -0.465790	 -0.842423	 2
1463571898.539	 24	 0.232712	 -0.482178	 -0.752167	 2
1463571898.549	 24	 0.254456	 -0.506516	 -0.687027	 2
1463571898.569	 24	 0.317688	 -0.612518	 -0.690659	 2
1463571898.579	 25	 0.328705	 -0.621384	 -0.726852	 2
1463571898.589	 25	 0.323013	 -0.616653	 -0.744141	 2
1463571898.599	 25	 0.278809	 -0.609818	 -0.729279	 2
1463571898.609	 25	 0.220459	 -0.610031	 -0.715256	 2
1463571898.619	 25	 0.173813	 -0.597275	 -0.694519	 2
1463571898.629	 25	 0.139954	 -0.574478	 -0.650589	 2
1463571898.639	 25	 0.117752	 -0.567581	 -0.615692	 2
