% Compass data recorded with 'snsrlog'
% 
% 
% Label description:
% 	 0: Default Label
% 	 1: still_drop
% 	 2: walk_drop
% 	 3: other
% 	 4: dtw_same
% 	 5: dtw_diff
% 	 6: delete
% 	 7: steal
% 
% Column description:
% 	 1: Seconds.milliseconds since 1970
% 	 2: Magnetic heading in degrees starting at due north and continuing clockwise (e.g. east = 90) - negative values indicate invalid values
% 		 NOTE: True heading only provides valid values when GPS is activated at same time!
% 	 3: True heading in degrees starting at due north and continuing clockwise (e.g. east = 90) - negative values indicate invalid values
% 	 4: Error likelihood - negative values indicate invalid values
% 	 5: Geomagnetic data for the x-axis measured in microteslas
% 	 6: Geomagnetic data for the y-axis measured in microteslas
% 	 7: Geomagnetic data for the z-axis measured in microteslas
% 	 8: Label used for the current sample
% 
% 
1463570294.999	 81.159676	 -1.000000	 25.000000	 -7.219760	 -21.310997	 -32.489380	 1
1463570295.020	 80.436546	 -1.000000	 25.000000	 -5.832177	 -20.965271	 -32.906891	 1
1463570295.045	 79.525177	 -1.000000	 25.000000	 -4.444592	 -20.619545	 -33.023773	 1
1463570295.059	 78.324188	 -1.000000	 25.000000	 -1.426596	 -20.100967	 -33.658417	 1
1463570295.080	 78.575882	 -1.000000	 25.000000	 2.250504	 -19.962669	 -33.725189	 1
1463570295.102	 78.668953	 -1.000000	 25.000000	 5.684775	 -19.374939	 -33.825409	 1
1463570295.121	 78.805466	 -1.000000	 25.000000	 9.327186	 -18.648911	 -33.791992	 1
1463570295.140	 79.186035	 -1.000000	 25.000000	 12.900217	 -17.646317	 -33.625000	 1
1463570295.161	 79.660080	 -1.000000	 25.000000	 15.952903	 -15.848549	 -33.023804	 1
1463570295.181	 80.798553	 -1.000000	 25.000000	 18.797453	 -13.774208	 -31.888184	 1
1463570295.201	 83.021126	 -1.000000	 25.000000	 21.503244	 -11.976440	 -29.950989	 1
1463570295.221	 86.651810	 -1.000000	 25.000000	 23.966209	 -10.697266	 -27.045135	 1
1463570295.241	 91.093880	 -1.000000	 25.000000	 26.741375	 -8.899498	 -23.705078	 1
1463570295.264	 96.487091	 -1.000000	 25.000000	 29.724686	 -7.378311	 -20.365051	 1
1463570295.282	 102.063690	 -1.000000	 25.000000	 31.910133	 -5.269386	 -17.058380	 1
1463570295.305	 108.571457	 -1.000000	 25.000000	 33.713993	 -2.849319	 -13.918732	 1
1463570295.324	 115.566772	 -1.000000	 25.000000	 35.101578	 0.262207	 -11.513885	 1
1463570295.344	 123.435356	 -1.000000	 25.000000	 35.725994	 2.889709	 -9.843903	 1
1463570295.364	 131.301178	 -1.000000	 25.000000	 35.448475	 5.655502	 -8.374298	 1
1463570295.383	 139.552765	 -1.000000	 25.000000	 35.170956	 7.868134	 -7.572693	 1
1463570295.403	 148.233643	 -1.000000	 25.000000	 34.754681	 9.665909	 -7.038300	 1
1463570295.423	 156.423370	 -1.000000	 25.000000	 34.303715	 11.083374	 -7.338898	 1
1463570295.443	 163.396454	 -1.000000	 25.000000	 33.575233	 12.224274	 -7.439117	 1
1463570295.463	 169.105499	 -1.000000	 25.000000	 33.471165	 12.327988	 -7.739716	 1
1463570295.484	 173.059662	 -1.000000	 25.000000	 32.950821	 12.362564	 -8.307526	 1
1463570295.504	 175.541992	 -1.000000	 25.000000	 32.950821	 12.085983	 -9.109131	 1
1463570295.526	 177.064789	 -1.000000	 25.000000	 32.881439	 11.394531	 -9.576752	 1
1463570295.545	 177.114655	 -1.000000	 25.000000	 33.054886	 10.322784	 -10.478577	 1
1463570295.566	 175.330353	 -1.000000	 25.000000	 32.777370	 9.631317	 -11.747772	 1
1463570295.584	 168.974777	 -1.000000	 25.000000	 33.054882	 8.732437	 -12.749786	 1
1463570295.605	 167.560608	 -1.000000	 25.000000	 33.020195	 8.213837	 -13.985596	 1
1463570295.626	 162.870056	 -1.000000	 25.000000	 33.193645	 7.349533	 -15.021027	 1
1463570295.645	 154.608414	 -1.000000	 25.000000	 33.401783	 6.727234	 -15.421844	 1
1463570295.666	 154.076523	 -1.000000	 25.000000	 33.922127	 6.001205	 -15.254852	 1
1463570295.695	 151.788055	 -1.000000	 25.000000	 34.234333	 4.791168	 -14.620209	 1
1463570295.719	 146.918365	 -1.000000	 25.000000	 34.511852	 3.615707	 -13.818604	 1
1463570295.743	 147.228928	 -1.000000	 25.000000	 34.719986	 2.855118	 -12.883392	 1
1463570295.755	 142.720490	 -1.000000	 25.000000	 34.997505	 2.440247	 -12.348969	 1
1463570295.776	 140.563416	 -1.000000	 25.000000	 35.101574	 2.198242	 -11.714386	 1
1463570295.799	 139.689163	 -1.000000	 25.000000	 34.962814	 3.027985	 -11.781219	 1
1463570295.816	 136.157486	 -1.000000	 25.000000	 35.205643	 4.238022	 -11.413788	 1
1463570295.841	 135.633362	 -1.000000	 25.000000	 34.858746	 6.450653	 -11.146606	 1
1463570295.856	 137.757553	 -1.000000	 25.000000	 34.026196	 8.732437	 -10.812622	 1
1463570295.876	 135.570068	 -1.000000	 25.000000	 33.297710	 11.740234	 -10.645599	 1
1463570295.896	 145.627380	 -1.000000	 25.000000	 32.291714	 14.609741	 -10.010986	 1
1463570295.937	 144.137604	 -1.000000	 25.000000	 30.973507	 17.306396	 -10.478607	 1
1463570295.948	 162.998276	 -1.000000	 25.000000	 30.036888	 19.207886	 -10.846008	 1
1463570295.959	 169.454285	 -1.000000	 25.000000	 29.169647	 20.625351	 -11.213379	 1
1463570295.978	 170.934113	 -1.000000	 25.000000	 28.406475	 21.316803	 -11.747803	 1
1463570296.007	 170.281906	 -1.000000	 25.000000	 27.886135	 21.835388	 -12.516022	 1
1463570296.019	 169.068069	 -1.000000	 25.000000	 27.227030	 21.800812	 -12.415833	 1
1463570296.038	 168.408173	 -1.000000	 25.000000	 26.671993	 22.008255	 -12.349030	 1
1463570296.067	 175.433044	 -1.000000	 25.000000	 25.325451	 23.631241	 -11.754883	 1
1463570296.079	 177.159088	 -1.000000	 25.000000	 24.770420	 24.253555	 -11.754883	 1
1463570296.097	 178.675781	 -1.000000	 25.000000	 24.146009	 24.599274	 -11.754883	 1
1463570296.126	 179.815704	 -1.000000	 25.000000	 23.625668	 25.394470	 -12.055450	 1
1463570296.139	 180.809662	 -1.000000	 25.000000	 23.070641	 25.809326	 -12.389404	 1
1463570296.159	 182.175766	 -1.000000	 25.000000	 22.758434	 26.466217	 -12.556396	 1
1463570296.186	 183.701431	 -1.000000	 25.000000	 22.515606	 26.708237	 -12.790131	 1
1463570296.199	 184.647400	 -1.000000	 25.000000	 22.446228	 26.984818	 -12.790131	 1
1463570296.220	 185.206711	 -1.000000	 25.000000	 22.619675	 26.950241	 -12.823547	 1
1463570296.245	 185.194733	 -1.000000	 25.000000	 22.342157	 27.295975	 -13.090759	 1
1463570296.260	 184.543289	 -1.000000	 25.000000	 21.821812	 27.192261	 -13.458130	 1
1463570296.280	 183.249191	 -1.000000	 25.000000	 21.093334	 27.780014	 -13.892334	 1
1463570296.302	 183.039413	 -1.000000	 25.000000	 20.122028	 28.748062	 -14.025909	 1
1463570296.321	 182.877792	 -1.000000	 25.000000	 18.630383	 29.750702	 -14.059326	 1
1463570296.341	 185.468216	 -1.000000	 25.000000	 17.901903	 30.545883	 -13.691956	 1
1463570296.361	 188.818588	 -1.000000	 25.000000	 16.514328	 31.513931	 -13.291138	 1
1463570296.381	 194.219177	 -1.000000	 25.000000	 15.889919	 31.790497	 -12.355957	 1
1463570296.401	 199.287781	 -1.000000	 25.000000	 15.577713	 31.894226	 -12.055389	 1
1463570296.422	 203.918884	 -1.000000	 25.000000	 15.404267	 31.859650	 -11.487610	 1
1463570296.442	 207.152542	 -1.000000	 25.000000	 15.334889	 31.444778	 -11.220428	 1
1463570296.462	 207.708557	 -1.000000	 25.000000	 15.647095	 31.479355	 -11.187042	 1
1463570296.482	 205.929291	 -1.000000	 25.000000	 15.196129	 31.444778	 -11.688049	 1
1463570296.504	 205.350967	 -1.000000	 25.000000	 14.918616	 31.237335	 -11.955200	 1
1463570296.523	 204.432999	 -1.000000	 25.000000	 14.849237	 31.513931	 -12.422791	 1
1463570296.544	 204.086411	 -1.000000	 25.000000	 14.432964	 31.790527	 -12.489594	 1
1463570296.563	 204.481934	 -1.000000	 25.000000	 14.467653	 31.617661	 -12.723389	 1
1463570296.583	 205.047531	 -1.000000	 25.000000	 14.641102	 31.652237	 -12.556396	 1
1463570296.604	 204.329605	 -1.000000	 25.000000	 14.537032	 31.686798	 -12.656586	 1
1463570296.624	 204.526688	 -1.000000	 25.000000	 14.918616	 31.375641	 -12.756775	 1
1463570296.647	 204.834915	 -1.000000	 25.000000	 14.918616	 31.444778	 -13.023926	 1
1463570296.663	 204.884232	 -1.000000	 25.000000	 14.467651	 31.202759	 -12.990540	 1
1463570296.683	 205.113235	 -1.000000	 25.000000	 14.571718	 31.029892	 -13.491516	 1
1463570296.712	 205.738785	 -1.000000	 25.000000	 14.953302	 30.857025	 -13.524872	 1
1463570296.732	 205.959900	 -1.000000	 25.000000	 14.849235	 30.684158	 -13.491486	 1
1463570296.753	 212.620178	 -1.000000	 25.000000	 15.126751	 30.545853	 -13.424683	 1
1463570296.773	 213.771149	 -1.000000	 25.000000	 15.508335	 30.580429	 -13.658508	 1
1463570296.793	 214.153198	 -1.000000	 25.000000	 15.230819	 30.857025	 -13.190918	 1
1463570296.813	 214.007599	 -1.000000	 25.000000	 15.126751	 30.891602	 -13.157532	 1
1463570296.834	 213.381256	 -1.000000	 25.000000	 15.057369	 30.960754	 -13.625122	 1
1463570296.854	 212.989456	 -1.000000	 25.000000	 14.987988	 31.029892	 -13.825470	 1
1463570296.880	 213.905151	 -1.000000	 25.000000	 13.896246	 27.511215	 -9.277252	 1
1463570296.894	 214.800415	 -1.000000	 25.000000	 14.104385	 27.442062	 -9.277252	 1
1463570296.917	 215.583878	 -1.000000	 25.000000	 14.000317	 27.684082	 -9.110260	 1
1463570296.935	 216.429291	 -1.000000	 25.000000	 14.069698	 27.684082	 -8.509125	 1
1463570296.955	 220.279480	 -1.000000	 25.000000	 14.173769	 27.926086	 -8.475739	 1
1463570296.976	 221.924438	 -1.000000	 25.000000	 14.069698	 28.029800	 -8.241974	 1
1463570296.996	 221.827988	 -1.000000	 25.000000	 14.035009	 28.271805	 -8.408936	 1
1463570297.019	 222.087143	 -1.000000	 25.000000	 13.861559	 27.891495	 -8.575928	 1
1463570297.042	 221.290375	 -1.000000	 25.000000	 13.653419	 28.237228	 -8.843079	 1
1463570297.057	 220.653854	 -1.000000	 25.000000	 13.271833	 27.926071	 -8.876434	 1
1463570297.077	 219.977310	 -1.000000	 25.000000	 12.820868	 27.960648	 -8.776276	 1
1463570297.096	 220.188766	 -1.000000	 25.000000	 12.820868	 27.684067	 -8.776276	 1
1463570297.116	 220.734833	 -1.000000	 25.000000	 13.098387	 27.891495	 -8.709473	 1
1463570297.148	 221.724350	 -1.000000	 25.000000	 13.133076	 27.511200	 -8.208527	 1
1463570297.161	 222.483032	 -1.000000	 25.000000	 13.237144	 27.822357	 -7.907959	 1
1463570297.182	 222.855057	 -1.000000	 25.000000	 13.375901	 27.753204	 -7.974762	 1
1463570297.207	 223.117889	 -1.000000	 25.000000	 13.202452	 27.926071	 -7.740997	 1
1463570297.219	 223.648865	 -1.000000	 25.000000	 13.237141	 28.168076	 -7.440460	 1
1463570297.238	 223.721130	 -1.000000	 25.000000	 13.271830	 28.340942	 -7.340271	 1
1463570297.267	 223.834717	 -1.000000	 25.000000	 13.237141	 27.960648	 -7.306885	 1
1463570297.282	 224.752289	 -1.000000	 25.000000	 13.653419	 27.960648	 -7.240082	 1
1463570297.298	 225.318787	 -1.000000	 25.000000	 14.000317	 27.960648	 -7.306885	 1
1463570297.326	 225.921417	 -1.000000	 25.000000	 14.104387	 27.856934	 -7.139893	 1
1463570297.358	 225.592331	 -1.000000	 25.000000	 14.104387	 27.787781	 -7.407043	 1
1463570297.358	 225.764053	 -1.000000	 25.000000	 14.243145	 28.064346	 -7.407043	 1
1463570297.386	 225.860992	 -1.000000	 25.000000	 14.208456	 28.306366	 -7.306885	 1
1463570297.398	 226.252869	 -1.000000	 25.000000	 14.139077	 28.375504	 -7.039734	 1
1463570297.419	 225.028717	 -1.000000	 25.000000	 13.688108	 28.271790	 -7.340302	 1
1463570297.445	 224.785141	 -1.000000	 25.000000	 13.584041	 28.306351	 -7.306915	 1
1463570297.459	 224.799927	 -1.000000	 25.000000	 13.757491	 28.202652	 -7.340302	 1
1463570297.479	 224.821243	 -1.000000	 25.000000	 14.000317	 27.753189	 -7.574097	 1
1463570297.501	 224.825424	 -1.000000	 25.000000	 13.826870	 27.649490	 -7.674255	 1
1463570297.520	 224.854523	 -1.000000	 25.000000	 14.069698	 27.960648	 -7.440491	 1
1463570297.540	 224.884842	 -1.000000	 25.000000	 14.208456	 28.098938	 -7.507294	 1
1463570297.561	 224.915894	 -1.000000	 25.000000	 14.139077	 28.029800	 -7.440491	 1
1463570297.581	 224.946457	 -1.000000	 25.000000	 13.965630	 28.271805	 -7.273529	 1
1463570297.600	 224.972946	 -1.000000	 25.000000	 14.035009	 28.064362	 -7.473907	 1
1463570297.625	 225.001572	 -1.000000	 25.000000	 14.035009	 27.718643	 -7.473907	 1
1463570297.646	 225.016342	 -1.000000	 25.000000	 13.896252	 27.718643	 -7.674255	 1
1463570297.661	 225.028534	 -1.000000	 25.000000	 13.757491	 27.511200	 -7.674255	 1
1463570297.692	 225.036911	 -1.000000	 25.000000	 13.549352	 27.442047	 -7.607483	 1
1463570297.711	 225.039825	 -1.000000	 25.000000	 13.653419	 27.476624	 -7.841278	 1
1463570297.731	 225.025543	 -1.000000	 25.000000	 13.653419	 27.614914	 -8.175232	 1
1463570297.751	 225.040421	 -1.000000	 25.000000	 13.861556	 27.684052	 -7.774506	 1
1463570297.773	 225.045624	 -1.000000	 25.000000	 13.792177	 28.098923	 -7.841309	 1
1463570297.791	 225.043762	 -1.000000	 25.000000	 13.757488	 28.202637	 -7.941467	 1
1463570297.811	 225.064804	 -1.000000	 25.000000	 13.722798	 28.029770	 -7.507294	 1
1463570297.833	 225.122147	 -1.000000	 25.000000	 13.597994	 27.476257	 -6.942719	 1
1463570297.855	 225.163101	 -1.000000	 25.000000	 13.424546	 27.303406	 -7.109711	 1
1463570297.878	 225.205215	 -1.000000	 25.000000	 13.285789	 27.579987	 -6.909363	 1
1463570297.892	 225.246307	 -1.000000	 25.000000	 13.112341	 27.545425	 -6.742371	 1
1463570297.914	 225.275406	 -1.000000	 25.000000	 13.112341	 27.822006	 -6.942719	 1
1463570297.935	 225.298431	 -1.000000	 25.000000	 12.869516	 28.064026	 -6.842560	 1
1463570297.954	 225.327866	 -1.000000	 25.000000	 12.973583	 28.167740	 -6.742371	 1
1463570297.974	 225.367325	 -1.000000	 25.000000	 13.285789	 27.580002	 -6.708923	 1
1463570297.995	 225.408630	 -1.000000	 25.000000	 13.355167	 27.372574	 -6.642181	 1
1463570298.017	 225.452911	 -1.000000	 25.000000	 13.355167	 27.510849	 -6.508575	 1
1463570298.033	 225.495422	 -1.000000	 25.000000	 13.632686	 27.510849	 -6.775757	 1
1463570298.053	 225.527557	 -1.000000	 25.000000	 13.424549	 27.510849	 -6.976105	 1
1463570298.073	 225.546097	 -1.000000	 25.000000	 13.355170	 27.718292	 -7.376892	 1
1463570298.093	 225.559860	 -1.000000	 25.000000	 13.493929	 27.856583	 -7.644043	 1
1463570298.114	 225.573456	 -1.000000	 25.000000	 13.597996	 27.752869	 -7.811035	 1
1463570298.135	 225.580597	 -1.000000	 25.000000	 13.424546	 27.787445	 -7.911194	 1
1463570298.156	 225.598679	 -1.000000	 25.000000	 13.702062	 27.580002	 -7.777649	 1
1463570298.180	 225.609207	 -1.000000	 25.000000	 13.493925	 27.649155	 -7.911194	 1
1463570298.195	 225.617599	 -1.000000	 25.000000	 13.459236	 27.891159	 -7.944611	 1
1463570298.215	 225.626297	 -1.000000	 25.000000	 13.389856	 27.822006	 -7.877808	 1
1463570298.237	 225.640884	 -1.000000	 25.000000	 13.355167	 27.649139	 -7.710846	 1
1463570298.260	 225.649490	 -1.000000	 25.000000	 13.181721	 27.822006	 -7.744232	 1
1463570298.276	 225.678452	 -1.000000	 25.000000	 13.632686	 27.718292	 -7.443695	 1
1463570298.296	 225.703644	 -1.000000	 25.000000	 13.459239	 27.476288	 -7.477081	 1
1463570298.319	 225.720932	 -1.000000	 25.000000	 13.216410	 27.372559	 -7.577271	 1
1463570298.336	 225.735611	 -1.000000	 25.000000	 13.216410	 27.510849	 -7.644043	 1
1463570298.356	 225.747330	 -1.000000	 25.000000	 13.147031	 27.441711	 -7.710846	 1
1463570298.378	 225.752975	 -1.000000	 25.000000	 12.800134	 27.234283	 -7.644043	 1
1463570298.397	 225.761597	 -1.000000	 25.000000	 12.973581	 27.337997	 -7.677429	 1
1463570298.417	 225.782669	 -1.000000	 25.000000	 13.459239	 27.545441	 -7.610657	 1
1463570298.437	 225.802750	 -1.000000	 25.000000	 13.285789	 27.787445	 -7.443695	 1
1463570298.468	 225.820862	 -1.000000	 25.000000	 13.320478	 28.167725	 -7.477081	 1
1463570298.485	 225.840057	 -1.000000	 25.000000	 13.597996	 28.167725	 -7.677429	 1
1463570298.499	 225.862503	 -1.000000	 25.000000	 13.736753	 28.098587	 -7.677429	 1
1463570298.528	 225.871719	 -1.000000	 25.000000	 13.251097	 27.960297	 -7.744232	 1
1463570298.539	 225.879868	 -1.000000	 25.000000	 13.285789	 27.787445	 -7.844391	 1
1463570298.558	 225.895798	 -1.000000	 25.000000	 13.355167	 27.234283	 -7.710846	 1
1463570298.587	 225.910965	 -1.000000	 25.000000	 13.320478	 27.476288	 -7.677429	 1
1463570298.599	 225.924988	 -1.000000	 25.000000	 13.320478	 27.407150	 -7.744232	 1
1463570298.621	 225.933990	 -1.000000	 25.000000	 13.216410	 27.441742	 -7.844391	 1
1463570298.654	 225.944427	 -1.000000	 25.000000	 13.251100	 27.130585	 -7.877808	 1
1463570298.660	 225.951859	 -1.000000	 25.000000	 13.216410	 27.510880	 -7.911194	 1
1463570298.679	 225.955200	 -1.000000	 25.000000	 12.973581	 27.822037	 -7.811035	 1
1463570298.706	 225.960281	 -1.000000	 25.000000	 13.112341	 27.891174	 -7.877808	 1
1463570298.729	 225.974167	 -1.000000	 25.000000	 13.251102	 27.960312	 -7.677429	 1
1463570298.749	 225.982056	 -1.000000	 25.000000	 12.938894	 28.340607	 -7.577271	 1
1463570298.770	 225.982361	 -1.000000	 25.000000	 12.765444	 28.167755	 -7.744232	 1
1463570298.795	 225.981308	 -1.000000	 25.000000	 12.557305	 28.098618	 -7.610657	 1
1463570298.812	 225.978287	 -1.000000	 25.000000	 12.175718	 28.133194	 -7.310120	 1
1463570298.831	 225.985138	 -1.000000	 25.000000	 12.418544	 28.029465	 -7.209930	 1
1463570298.855	 226.002792	 -1.000000	 25.000000	 13.042959	 27.822037	 -7.410278	 1
1463570298.871	 226.029999	 -1.000000	 25.000000	 13.042959	 27.752884	 -7.076355	 1
1463570298.891	 226.060410	 -1.000000	 25.000000	 13.355167	 27.441727	 -7.243317	 1
1463570298.913	 226.093307	 -1.000000	 25.000000	 13.424546	 27.510880	 -7.176514	 1
1463570298.931	 226.118683	 -1.000000	 25.000000	 13.216410	 27.580017	 -7.243317	 1
1463570298.951	 226.141937	 -1.000000	 25.000000	 13.042959	 27.614594	 -7.143158	 1
1463570298.973	 226.159958	 -1.000000	 25.000000	 13.181721	 27.822021	 -7.410278	 1
1463570298.992	 226.183868	 -1.000000	 25.000000	 13.077652	 27.787445	 -7.109741	 1
1463570299.016	 226.208694	 -1.000000	 25.000000	 13.389860	 27.752869	 -7.343506	 1
1463570299.032	 226.240860	 -1.000000	 25.000000	 13.771446	 27.856583	 -7.376923	 1
1463570299.054	 226.271301	 -1.000000	 25.000000	 13.563307	 27.925720	 -7.243317	 1
1463570299.074	 226.311295	 -1.000000	 25.000000	 13.702065	 27.579987	 -7.042969	 1
1463570299.094	 226.337418	 -1.000000	 25.000000	 13.493925	 27.787430	 -7.310150	 1
1463570299.114	 226.357925	 -1.000000	 25.000000	 13.112339	 27.545425	 -7.209961	 1
1463570299.134	 226.375305	 -1.000000	 25.000000	 12.869510	 27.372559	 -7.109772	 1
1463570299.156	 226.385422	 -1.000000	 25.000000	 12.696062	 27.337997	 -7.209961	 1
1463570299.178	 226.388092	 -1.000000	 25.000000	 12.349165	 27.407150	 -7.143158	 1
1463570299.193	 226.395142	 -1.000000	 25.000000	 12.314476	 27.095993	 -6.976166	 1
1463570299.213	 226.398972	 -1.000000	 25.000000	 12.418544	 27.199722	 -7.143158	 1
1463570299.234	 226.401947	 -1.000000	 25.000000	 12.696062	 27.268860	 -7.410278	 1
1463570299.254	 226.413864	 -1.000000	 25.000000	 13.112339	 27.407135	 -7.410278	 1
1463570299.278	 226.428024	 -1.000000	 25.000000	 13.424546	 27.441711	 -7.577271	 1
1463570299.295	 226.442169	 -1.000000	 25.000000	 13.632686	 27.718292	 -7.710846	 1
1463570299.318	 226.452805	 -1.000000	 25.000000	 13.632686	 28.064026	 -7.777649	 1
1463570299.335	 226.464386	 -1.000000	 25.000000	 13.493925	 27.925735	 -7.644043	 1
1463570299.355	 226.471756	 -1.000000	 25.000000	 13.320478	 27.683731	 -7.677429	 1
1463570299.376	 226.474991	 -1.000000	 25.000000	 13.147031	 27.510864	 -7.710846	 1
1463570299.395	 226.474869	 -1.000000	 25.000000	 13.008270	 27.510880	 -7.710846	 1
1463570299.415	 226.484375	 -1.000000	 25.000000	 13.077649	 27.372589	 -7.443695	 1
1463570299.438	 226.494339	 -1.000000	 25.000000	 13.077649	 27.372589	 -7.443695	 1
1463570299.458	 226.515137	 -1.000000	 25.000000	 13.320475	 27.268875	 -7.276733	 1
1463570299.481	 226.539322	 -1.000000	 25.000000	 13.320475	 27.338028	 -7.143158	 1
1463570299.497	 226.565002	 -1.000000	 25.000000	 13.389856	 27.407166	 -7.143158	 1
1463570299.519	 226.584610	 -1.000000	 25.000000	 13.112339	 27.199738	 -7.143158	 1
1463570299.537	 226.608719	 -1.000000	 25.000000	 13.112339	 27.199738	 -7.009552	 1
1463570299.557	 226.620956	 -1.000000	 25.000000	 12.938891	 27.510895	 -7.243317	 1
1463570299.577	 226.630966	 -1.000000	 25.000000	 12.938891	 27.718323	 -7.310120	 1
1463570299.608	 226.642090	 -1.000000	 25.000000	 13.355167	 27.718323	 -7.644043	 1
1463570299.621	 226.659561	 -1.000000	 25.000000	 13.597996	 27.752899	 -7.610657	 1
1463570299.643	 226.668472	 -1.000000	 25.000000	 13.563307	 27.718323	 -7.911194	 1
1463570299.668	 226.688339	 -1.000000	 25.000000	 14.048962	 27.649185	 -7.911194	 1
1463570299.681	 226.708496	 -1.000000	 25.000000	 14.222408	 27.683746	 -8.011383	 1
1463570299.699	 227.512329	 -1.000000	 25.000000	 13.702062	 27.165161	 -7.844391	 1
1463570299.729	 226.888184	 -1.000000	 25.000000	 13.667372	 27.199738	 -8.144958	 1
1463570299.758	 227.007980	 -1.000000	 25.000000	 13.806133	 27.199738	 -7.877808	 1
1463570299.772	 226.026642	 -1.000000	 25.000000	 13.702065	 27.165176	 -7.777649	 1
1463570299.788	 226.407227	 -1.000000	 25.000000	 14.187719	 26.681137	 -7.443695	 1
1463570299.817	 226.210327	 -1.000000	 25.000000	 15.020274	 26.888580	 -7.443695	 1
1463570299.830	 226.423370	 -1.000000	 25.000000	 15.679379	 26.646561	 -7.009552	 1
1463570299.852	 225.594574	 -1.000000	 25.000000	 16.234413	 26.162552	 -6.876007	 1
1463570299.876	 224.446823	 -1.000000	 25.000000	 16.997585	 25.609390	 -7.009552	 1
1463570299.889	 222.091599	 -1.000000	 25.000000	 17.448555	 25.436523	 -7.577301	 1
1463570299.909	 220.483948	 -1.000000	 25.000000	 18.107655	 25.056229	 -7.343506	 1
1463570299.936	 220.858002	 -1.000000	 25.000000	 18.836140	 24.330200	 -7.777649	 1
1463570299.950	 218.029617	 -1.000000	 25.000000	 19.425865	 24.019058	 -8.078156	 1
1463570299.970	 217.086792	 -1.000000	 25.000000	 20.050282	 23.396744	 -8.078156	 1
1463570299.995	 218.653397	 -1.000000	 25.000000	 20.744076	 22.359558	 -7.944611	 1
1463570300.015	 217.878586	 -1.000000	 25.000000	 21.541941	 21.633545	 -8.378754	 1
1463570300.030	 215.176849	 -1.000000	 25.000000	 22.339804	 20.976654	 -8.412109	 1
1463570300.053	 212.530670	 -1.000000	 25.000000	 22.964216	 20.077759	 -8.812866	 1
1463570300.071	 212.501266	 -1.000000	 25.000000	 23.519249	 19.040573	 -9.347198	 1
1463570300.091	 206.122162	 -1.000000	 25.000000	 24.213041	 18.210831	 -9.948334	 1
1463570300.113	 203.167328	 -1.000000	 25.000000	 24.941525	 16.724213	 -10.516022	 1
1463570300.131	 204.383682	 -1.000000	 25.000000	 25.600628	 15.306732	 -11.083771	 1
1463570300.154	 200.143280	 -1.000000	 25.000000	 26.606632	 13.820114	 -11.384338	 1
1463570300.177	 196.535355	 -1.000000	 25.000000	 27.577942	 12.506378	 -11.851898	 1
1463570300.192	 197.104736	 -1.000000	 25.000000	 28.306427	 10.812317	 -12.352814	 1
1463570300.213	 188.996231	 -1.000000	 25.000000	 28.688015	 9.118256	 -12.653381	 1
1463570300.232	 182.625763	 -1.000000	 25.000000	 28.861462	 7.700775	 -13.221100	 1
1463570300.254	 182.393478	 -1.000000	 25.000000	 29.000221	 6.317871	 -13.755463	 1
1463570300.273	 176.896301	 -1.000000	 25.000000	 29.069599	 5.211548	 -13.822266	 1
1463570300.295	 176.789871	 -1.000000	 25.000000	 29.312428	 4.831253	 -13.722076	 1
1463570300.316	 176.603210	 -1.000000	 25.000000	 29.416496	 4.589249	 -14.089447	 1
1463570300.333	 175.933319	 -1.000000	 25.000000	 29.485878	 4.658386	 -14.423401	 1
1463570300.354	 173.097214	 -1.000000	 25.000000	 29.069599	 5.073257	 -15.024506	 1
1463570300.373	 170.589996	 -1.000000	 25.000000	 28.306423	 5.280701	 -16.226776	 1
1463570300.393	 165.792343	 -1.000000	 25.000000	 27.439182	 5.730133	 -17.395630	 1
1463570300.414	 162.542511	 -1.000000	 25.000000	 26.086285	 6.179565	 -18.497711	 1
1463570300.434	 160.698120	 -1.000000	 25.000000	 25.219044	 5.937561	 -19.866943	 1
1463570300.456	 158.439499	 -1.000000	 25.000000	 24.351803	 5.418976	 -21.035797	 1
1463570300.479	 155.541245	 -1.000000	 25.000000	 23.345800	 4.623810	 -22.271454	 1
1463570300.494	 154.445099	 -1.000000	 25.000000	 22.027590	 3.379196	 -23.874451	 1
1463570300.516	 148.413177	 -1.000000	 25.000000	 20.744072	 2.307449	 -25.444061	 1
1463570300.534	 143.257904	 -1.000000	 25.000000	 18.419865	 1.304855	 -27.080444	 1
1463570300.555	 141.636932	 -1.000000	 25.000000	 16.095655	 0.233093	 -28.984009	 1
1463570300.577	 132.821808	 -1.000000	 25.000000	 14.114231	 -0.850113	 -30.485168	 1
1463570300.600	 131.672363	 -1.000000	 25.000000	 11.963505	 -2.233063	 -31.553833	 1
1463570300.627	 125.615189	 -1.000000	 25.000000	 9.604641	 -3.823441	 -32.288483	 1
1463570300.657	 122.133072	 -1.000000	 25.000000	 7.453915	 -5.275513	 -32.488831	 1
1463570300.669	 118.936508	 -1.000000	 25.000000	 4.713471	 -6.554718	 -32.522247	 1
1463570300.691	 118.754280	 -1.000000	 25.000000	 2.423988	 -7.661064	 -32.922974	 1
1463570300.707	 114.322624	 -1.000000	 25.000000	 -0.593966	 -8.871124	 -33.156708	 1
1463570300.718	 114.242462	 -1.000000	 25.000000	 -3.611921	 -10.150345	 -33.256897	 1
1463570300.737	 110.077148	 -1.000000	 25.000000	 -6.082068	 -11.429123	 -34.205750	 1
1463570300.756	 109.031601	 -1.000000	 25.000000	 -8.198057	 -12.915810	 -33.638031	 1
1463570300.779	 109.811546	 -1.000000	 25.000000	 -10.383425	 -14.402489	 -32.736420	 1
1463570300.808	 109.007233	 -1.000000	 25.000000	 -12.083153	 -15.889191	 -31.434052	 1
1463570300.830	 109.259369	 -1.000000	 25.000000	 -13.158493	 -17.306732	 -29.931335	 1
1463570300.838	 108.747177	 -1.000000	 25.000000	 -13.911160	 -18.466072	 -28.812469	 1
1463570300.867	 109.024048	 -1.000000	 25.000000	 -14.986469	 -19.676201	 -27.309753	 1
1463570300.879	 109.295929	 -1.000000	 25.000000	 -15.714905	 -20.817184	 -26.074188	 1
1463570300.898	 109.556412	 -1.000000	 25.000000	 -16.269901	 -21.716141	 -24.738403	 1
1463570300.926	 109.724182	 -1.000000	 25.000000	 -16.998337	 -22.373055	 -23.836792	 1
1463570300.939	 110.185158	 -1.000000	 25.000000	 -17.345209	 -22.926262	 -22.901764	 1
1463570300.958	 110.932243	 -1.000000	 25.000000	 -17.553331	 -23.617760	 -22.167084	 1
1463570300.986	 111.789406	 -1.000000	 25.000000	 -17.900206	 -24.101822	 -21.098450	 1
1463570300.999	 112.403503	 -1.000000	 25.000000	 -18.455202	 -24.516716	 -20.564148	 1
1463570301.019	 113.305267	 -1.000000	 25.000000	 -18.247078	 -24.862473	 -20.029816	 1
1463570301.046	 114.459564	 -1.000000	 25.000000	 -18.281767	 -25.519417	 -19.595703	 1
1463570301.060	 115.682343	 -1.000000	 25.000000	 -17.934893	 -25.934311	 -19.261780	 1
1463570301.080	 116.328835	 -1.000000	 25.000000	 -17.761456	 -25.830597	 -19.228363	 1
1463570301.105	 116.829254	 -1.000000	 25.000000	 -17.588020	 -25.934326	 -18.927826	 1
1463570301.120	 116.643181	 -1.000000	 25.000000	 -17.969580	 -25.899757	 -18.694061	 1
1463570301.140	 116.299370	 -1.000000	 25.000000	 -17.830830	 -25.830597	 -18.560486	 1
1463570301.161	 116.334816	 -1.000000	 25.000000	 -17.865517	 -25.796021	 -18.326752	 1
1463570301.191	 116.302635	 -1.000000	 25.000000	 -17.900202	 -26.245491	 -18.026184	 1
1463570301.201	 116.405243	 -1.000000	 25.000000	 -17.657391	 -26.210922	 -18.126373	 1
1463570301.221	 117.016602	 -1.000000	 25.000000	 -17.310518	 -26.556671	 -17.992798	 1
1463570301.241	 117.458275	 -1.000000	 25.000000	 -17.206455	 -26.729553	 -18.092987	 1
1463570301.262	 117.798561	 -1.000000	 25.000000	 -17.483955	 -26.937004	 -18.092987	 1
1463570301.282	 117.882874	 -1.000000	 25.000000	 -17.206459	 -26.522102	 -18.026184	 1
1463570301.307	 118.079109	 -1.000000	 25.000000	 -17.206459	 -26.729553	 -17.892639	 1
1463570301.322	 118.156868	 -1.000000	 25.000000	 -17.206459	 -27.006149	 -17.759033	 1
1463570301.342	 118.211639	 -1.000000	 25.000000	 -17.275833	 -27.006149	 -17.291504	 1
