% Accelerometer data recorded with 'snsrlog'
% 
% Sampling frequency: 100 Hz
% 
% Label description:
% 	 0: Default Label
% 	 1: still_drop
% 	 2: walk_drop
% 	 3: other
% 	 4: dtw_same
% 	 5: dtw_diff
% 	 6: delete
% 
% Column description:
% 	 1: Seconds.milliseconds since 1970
% 	 2: Number of skipped measurements
% 	 3: Acceleration value in x-direction
% 	 4: Acceleration value in y-direction
% 	 5: Acceleration value in z-direction
% 	 6: Label used for the current sample
% 
% 
1462170477.788	 0	 -0.694809	 0.925919	 -0.342545	 4
1462170477.798	 0	 -0.707977	 0.947388	 -0.339783	 4
1462170477.808	 0	 -0.701614	 0.966553	 -0.330826	 4
1462170477.817	 0	 -0.680618	 0.981583	 -0.313828	 4
1462170477.827	 0	 -0.661270	 0.986969	 -0.306656	 4
1462170477.836	 0	 -0.661270	 0.986969	 -0.306656	 4
1462170477.846	 0	 -0.636948	 0.991196	 -0.313171	 4
1462170477.856	 0	 -0.615295	 0.989624	 -0.335403	 4
1462170477.865	 0	 -0.587250	 0.996750	 -0.326141	 4
1462170477.875	 0	 -0.592285	 1.001724	 -0.317398	 4
1462170477.885	 0	 -0.594330	 1.002808	 -0.307617	 4
1462170477.894	 0	 -0.594330	 1.002808	 -0.307617	 4
1462170477.904	 0	 -0.591400	 0.997009	 -0.293839	 4
1462170477.913	 0	 -0.577454	 0.982300	 -0.287766	 4
1462170477.923	 0	 -0.556763	 0.971268	 -0.286499	 4
1462170477.933	 0	 -0.543716	 0.954605	 -0.288284	 4
1462170477.942	 0	 -0.536758	 0.947708	 -0.286224	 4
1462170477.952	 0	 -0.536758	 0.947708	 -0.286224	 4
1462170477.961	 0	 -0.532700	 0.945618	 -0.300873	 4
1462170477.971	 0	 -0.525940	 0.947418	 -0.295868	 4
1462170477.981	 0	 -0.514191	 0.945221	 -0.297653	 4
1462170477.990	 0	 -0.500381	 0.939133	 -0.301392	 4
1462170478.000	 0	 -0.500381	 0.939133	 -0.301392	 4
1462170478.009	 0	 -0.497391	 0.936172	 -0.302338	 4
1462170478.019	 0	 -0.499329	 0.935242	 -0.302368	 4
1462170478.029	 0	 -0.518936	 0.930084	 -0.273224	 4
1462170478.038	 0	 -0.523849	 0.931168	 -0.269379	 4
1462170478.048	 0	 -0.524673	 0.924438	 -0.270355	 4
1462170478.058	 0	 -0.524673	 0.924438	 -0.270355	 4
1462170478.067	 0	 -0.513062	 0.927109	 -0.264297	 4
1462170478.077	 0	 -0.509979	 0.924072	 -0.278961	 4
1462170478.086	 0	 -0.503082	 0.924805	 -0.291626	 4
1462170478.096	 0	 -0.494370	 0.924667	 -0.281693	 4
1462170478.106	 0	 -0.478653	 0.920425	 -0.286377	 4
1462170478.115	 0	 -0.478653	 0.920425	 -0.286377	 4
1462170478.125	 0	 -0.473816	 0.921326	 -0.282364	 4
1462170478.134	 0	 -0.465073	 0.921143	 -0.279297	 4
1462170478.144	 0	 -0.455338	 0.919968	 -0.274261	 4
1462170478.154	 0	 -0.448593	 0.923706	 -0.271194	 4
1462170478.163	 0	 -0.446655	 0.925552	 -0.275101	 4
1462170478.173	 0	 -0.446655	 0.925552	 -0.275101	 4
1462170478.182	 0	 -0.440887	 0.930237	 -0.277954	 4
1462170478.192	 0	 -0.431290	 0.935822	 -0.272903	 4
1462170478.202	 0	 -0.419586	 0.935532	 -0.276672	 4
1462170478.211	 0	 -0.405731	 0.929428	 -0.282349	 4
1462170478.221	 0	 -0.405731	 0.929428	 -0.282349	 4
1462170478.231	 0	 -0.394028	 0.923477	 -0.267456	 4
1462170478.240	 0	 -0.394089	 0.922577	 -0.256653	 4
1462170478.250	 0	 -0.387192	 0.925217	 -0.272263	 4
1462170478.259	 0	 -0.390167	 0.924362	 -0.264435	 4
1462170478.269	 0	 -0.412750	 0.929733	 -0.255936	 4
1462170478.279	 0	 -0.412750	 0.929733	 -0.255936	 4
1462170478.288	 0	 -0.415741	 0.927948	 -0.243225	 4
1462170478.298	 0	 -0.409973	 0.926910	 -0.229416	 4
1462170478.307	 0	 -0.406006	 0.923019	 -0.224457	 4
1462170478.317	 0	 -0.395264	 0.918961	 -0.217438	 4
1462170478.327	 0	 -0.387482	 0.918808	 -0.213394	 4
1462170478.336	 0	 -0.380554	 0.914810	 -0.213287	 4
1462170478.346	 0	 -0.380554	 0.914810	 -0.213287	 4
1462170478.355	 0	 -0.381561	 0.914825	 -0.212341	 4
1462170478.365	 0	 -0.382645	 0.918716	 -0.210388	 4
1462170478.375	 0	 -0.382523	 0.912003	 -0.206467	 4
1462170478.384	 0	 -0.382370	 0.908096	 -0.215286	 4
1462170478.394	 0	 -0.382370	 0.908096	 -0.215286	 4
1462170478.403	 0	 -0.377426	 0.904160	 -0.211288	 4
1462170478.413	 0	 -0.366745	 0.903961	 -0.206238	 4
1462170478.423	 0	 -0.343155	 0.896667	 -0.210800	 4
1462170478.432	 0	 -0.331268	 0.891541	 -0.221420	 4
1462170478.442	 0	 -0.323349	 0.887466	 -0.225220	 4
1462170478.452	 0	 -0.323349	 0.887466	 -0.225220	 4
1462170478.461	 0	 -0.321228	 0.881622	 -0.229141	 4
1462170478.471	 0	 -0.324173	 0.881683	 -0.230164	 4
1462170478.481	 0	 -0.327164	 0.881790	 -0.222366	 4
1462170478.490	 0	 -0.339859	 0.882111	 -0.216660	 4
1462170478.500	 0	 -0.348923	 0.890106	 -0.200089	 4
1462170478.509	 0	 -0.348923	 0.890106	 -0.200089	 4
1462170478.519	 0	 -0.370361	 0.887726	 -0.197479	 4
1462170478.529	 0	 -0.379303	 0.891815	 -0.185822	 4
1462170478.538	 0	 -0.381180	 0.888031	 -0.184875	 4
1462170478.548	 0	 -0.388046	 0.891052	 -0.185959	 4
1462170478.557	 0	 -0.388046	 0.891052	 -0.185959	 4
1462170478.567	 0	 -0.391068	 0.892120	 -0.178146	 4
1462170478.577	 0	 -0.384201	 0.890991	 -0.181000	 4
1462170478.586	 0	 -0.382187	 0.893768	 -0.197647	 4
1462170478.596	 0	 -0.368530	 0.895340	 -0.204315	 4
1462170478.605	 0	 -0.362534	 0.891296	 -0.212082	 4
1462170478.615	 0	 -0.362534	 0.891296	 -0.212082	 4
1462170478.625	 0	 -0.358688	 0.895050	 -0.215942	 4
1462170478.634	 0	 -0.358673	 0.894089	 -0.215942	 4
1462170478.644	 0	 -0.361832	 0.902863	 -0.208130	 4
1462170478.654	 0	 -0.362686	 0.898056	 -0.209122	 4
1462170478.663	 0	 -0.367691	 0.903946	 -0.210175	 4
1462170478.673	 0	 -0.367691	 0.903946	 -0.210175	 4
1462170478.682	 0	 -0.387146	 0.904358	 -0.215363	 4
1462170478.692	 0	 -0.389969	 0.900543	 -0.221313	 4
1462170478.702	 0	 -0.396698	 0.899673	 -0.230240	 4
1462170478.711	 0	 -0.391708	 0.895691	 -0.235062	 4
1462170478.721	 0	 -0.386856	 0.898438	 -0.238922	 4
1462170478.730	 0	 -0.386856	 0.898438	 -0.238922	 4
1462170478.740	 0	 -0.382935	 0.900223	 -0.250656	 4
1462170478.750	 0	 -0.382019	 0.903076	 -0.249634	 4
1462170478.759	 0	 -0.378128	 0.903000	 -0.248596	 4
1462170478.769	 0	 -0.381058	 0.904022	 -0.249619	 4
1462170478.778	 0	 -0.378113	 0.903946	 -0.252518	 4
1462170478.788	 0	 -0.378113	 0.903946	 -0.252518	 4
1462170478.798	 0	 -0.374161	 0.903824	 -0.258347	 4
1462170478.807	 0	 -0.375336	 0.913467	 -0.260315	 4
1462170478.817	 0	 -0.380371	 0.921280	 -0.261368	 4
1462170478.827	 0	 -0.388168	 0.920502	 -0.257568	 4
1462170478.836	 0	 -0.388168	 0.920502	 -0.257568	 4
1462170478.846	 0	 -0.399902	 0.920776	 -0.254791	 4
1462170478.855	 0	 -0.399796	 0.915970	 -0.253815	 4
1462170478.865	 0	 -0.396866	 0.914001	 -0.251801	 4
1462170478.875	 0	 -0.388199	 0.918610	 -0.250717	 4
1462170478.884	 0	 -0.393021	 0.919647	 -0.257629	 4
1462170478.894	 0	 -0.395935	 0.914947	 -0.248856	 4
1462170478.903	 0	 -0.395935	 0.914948	 -0.248856	 4
1462170478.913	 0	 -0.398941	 0.917923	 -0.245956	 4
1462170478.923	 0	 -0.399918	 0.917954	 -0.244003	 4
1462170478.932	 0	 -0.401932	 0.919952	 -0.241074	 4
1462170478.942	 0	 -0.396973	 0.916916	 -0.244949	 4
1462170478.952	 0	 -0.396973	 0.916916	 -0.244949	 4
1462170478.961	 0	 -0.397064	 0.922668	 -0.249832	 4
1462170478.971	 0	 -0.394058	 0.918747	 -0.250793	 4
1462170478.980	 0	 -0.395020	 0.918762	 -0.251770	 4
1462170478.990	 0	 -0.384125	 0.911758	 -0.253586	 4
1462170478.999	 0	 -0.380264	 0.912689	 -0.248627	 4
1462170479.009	 0	 -0.380264	 0.912689	 -0.248627	 4
1462170479.019	 0	 -0.381241	 0.911728	 -0.248642	 4
1462170479.028	 0	 -0.383316	 0.913773	 -0.236893	 4
1462170479.038	 0	 -0.390183	 0.914902	 -0.234055	 4
1462170479.048	 0	 -0.397079	 0.916992	 -0.231201	 4
1462170479.057	 0	 -0.399124	 0.919006	 -0.224365	 4
1462170479.067	 0	 -0.399124	 0.919006	 -0.224365	 4
1462170479.076	 0	 -0.404129	 0.922073	 -0.213623	 4
1462170479.086	 0	 -0.399078	 0.915192	 -0.218475	 4
1462170479.096	 0	 -0.395142	 0.915085	 -0.222336	 4
1462170479.105	 0	 -0.394272	 0.917038	 -0.214478	 4
1462170479.115	 0	 -0.394211	 0.916992	 -0.222321	 4
1462170479.124	 0	 -0.394211	 0.916992	 -0.222321	 4
1462170479.134	 0	 -0.395309	 0.920898	 -0.215454	 4
1462170479.144	 0	 -0.393234	 0.916962	 -0.221344	 4
1462170479.153	 0	 -0.388443	 0.920715	 -0.221268	 4
1462170479.163	 0	 -0.380600	 0.918610	 -0.221161	 4
1462170479.173	 0	 -0.378586	 0.914749	 -0.217194	 4
1462170479.182	 0	 -0.378586	 0.914749	 -0.217194	 4
1462170479.192	 0	 -0.377563	 0.912781	 -0.219147	 4
1462170479.201	 0	 -0.373734	 0.915604	 -0.217117	 4
1462170479.211	 0	 -0.373825	 0.921341	 -0.224960	 4
1462170479.220	 0	 -0.370850	 0.918381	 -0.222977	 4
1462170479.230	 0	 -0.370865	 0.919357	 -0.222961	 4
1462170479.240	 0	 -0.377548	 0.911819	 -0.217178	 4
1462170479.249	 0	 -0.377548	 0.911819	 -0.217178	 4
1462170479.259	 0	 -0.376495	 0.907959	 -0.217163	 4
1462170479.269	 0	 -0.382263	 0.904236	 -0.219223	 4
1462170479.278	 0	 -0.378464	 0.908981	 -0.217194	 4
1462170479.288	 0	 -0.378479	 0.909927	 -0.217194	 4
1462170479.297	 0	 -0.380371	 0.908020	 -0.221161	 4
1462170479.307	 0	 -0.376602	 0.914658	 -0.223053	 4
1462170479.317	 0	 -0.368774	 0.915421	 -0.228836	 4
1462170479.326	 0	 -0.368774	 0.915421	 -0.228836	 4
1462170479.336	 0	 -0.367767	 0.915375	 -0.232742	 4
1462170479.346	 0	 -0.361023	 0.918106	 -0.232636	 4
1462170479.355	 0	 -0.360077	 0.920975	 -0.234558	 4
1462170479.365	 0	 -0.363937	 0.918182	 -0.232681	 4
1462170479.374	 0	 -0.364853	 0.913422	 -0.226807	 4
1462170479.384	 0	 -0.373703	 0.916504	 -0.225937	 4
1462170479.394	 0	 -0.373703	 0.916504	 -0.225937	 4
1462170479.403	 0	 -0.373764	 0.918442	 -0.223984	 4
1462170479.413	 0	 -0.374786	 0.922302	 -0.226929	 4
1462170479.422	 0	 -0.378677	 0.921433	 -0.226990	 4
1462170479.432	 0	 -0.377594	 0.916580	 -0.225998	 4
1462170479.442	 0	 -0.381378	 0.910904	 -0.226059	 4
1462170479.451	 0	 -0.381378	 0.910904	 -0.226059	 4
1462170479.461	 0	 -0.378525	 0.914688	 -0.227005	 4
1462170479.471	 0	 -0.366791	 0.914413	 -0.229782	 4
1462170479.480	 0	 -0.369888	 0.922180	 -0.229813	 4
1462170479.490	 0	 -0.370850	 0.920303	 -0.226883	 4
1462170479.499	 0	 -0.368912	 0.922150	 -0.230774	 4
1462170479.509	 0	 -0.368912	 0.922150	 -0.230774	 4
1462170479.518	 0	 -0.368942	 0.923126	 -0.228821	 4
1462170479.528	 0	 -0.373810	 0.922272	 -0.228882	 4
1462170479.538	 0	 -0.374847	 0.926132	 -0.227905	 4
1462170479.547	 0	 -0.373856	 0.925140	 -0.231827	 4
1462170479.557	 0	 -0.374863	 0.925201	 -0.223984	 4
1462170479.566	 0	 -0.374863	 0.925201	 -0.223984	 4
1462170479.576	 0	 -0.372894	 0.926086	 -0.227890	 4
1462170479.586	 0	 -0.380692	 0.924377	 -0.225067	 4
1462170479.595	 0	 -0.382538	 0.919601	 -0.226059	 4
1462170479.605	 0	 -0.382538	 0.918640	 -0.225113	 4
1462170479.615	 0	 -0.382492	 0.915771	 -0.221191	 4
1462170479.624	 0	 -0.382492	 0.915771	 -0.221191	 4
1462170479.634	 0	 -0.381363	 0.909943	 -0.224106	 4
1462170479.643	 0	 -0.381592	 0.919586	 -0.223114	 4
1462170479.653	 0	 -0.381470	 0.912872	 -0.219208	 4
1462170479.663	 0	 -0.377625	 0.917557	 -0.224045	 4
1462170479.672	 0	 -0.377625	 0.917557	 -0.224045	 4
1462170479.682	 0	 -0.375595	 0.913681	 -0.224014	 4
1462170479.691	 0	 -0.371735	 0.917389	 -0.230835	 4
1462170479.701	 0	 -0.370834	 0.920288	 -0.227859	 4
1462170479.711	 0	 -0.370880	 0.922211	 -0.227860	 4
1462170479.720	 0	 -0.373810	 0.922272	 -0.227890	 4
1462170479.730	 0	 -0.381592	 0.921478	 -0.229004	 4
1462170479.740	 0	 -0.381592	 0.921478	 -0.229004	 4
1462170479.749	 0	 -0.381607	 0.920563	 -0.222122	 4
1462170479.759	 0	 -0.386566	 0.922607	 -0.219269	 4
1462170479.768	 0	 -0.384583	 0.922531	 -0.223160	 4
1462170479.778	 0	 -0.384659	 0.923553	 -0.213333	 4
1462170479.788	 0	 -0.384659	 0.923553	 -0.213333	 4
1462170479.797	 0	 -0.386612	 0.926422	 -0.223190	 4
1462170479.807	 0	 -0.377792	 0.923370	 -0.219131	 4
1462170479.819	 0	 -0.372818	 0.919403	 -0.221039	 4
1462170479.831	 0	 -0.375671	 0.916565	 -0.223038	 4
1462170479.840	 0	 -0.370865	 0.918396	 -0.221024	 4
1462170479.850	 0	 -0.370865	 0.918396	 -0.221024	 4
1462170479.860	 0	 -0.370712	 0.912613	 -0.222977	 4
1462170479.869	 0	 -0.375549	 0.909851	 -0.219116	 4
1462170479.879	 0	 -0.382431	 0.911942	 -0.217255	 4
1462170479.888	 0	 -0.379578	 0.913818	 -0.213272	 4
1462170479.898	 0	 -0.377548	 0.911804	 -0.219147	 4
1462170479.908	 0	 -0.377548	 0.911804	 -0.219147	 4
1462170479.917	 0	 -0.377609	 0.914703	 -0.218155	 4
1462170479.927	 0	 -0.375641	 0.913712	 -0.218124	 4
1462170479.937	 0	 -0.371765	 0.914597	 -0.217102	 4
1462170479.946	 0	 -0.373825	 0.919464	 -0.217102	 4
1462170479.956	 0	 -0.371948	 0.923248	 -0.219055	 4
1462170479.965	 0	 -0.370972	 0.925125	 -0.224930	 4
1462170479.975	 0	 -0.369949	 0.923172	 -0.223923	 4
1462170479.985	 0	 -0.369949	 0.923172	 -0.223923	 4
1462170479.994	 0	 -0.368942	 0.919342	 -0.219009	 4
1462170480.004	 0	 -0.370850	 0.917465	 -0.217087	 4
1462170480.013	 0	 -0.370956	 0.922272	 -0.219040	 4
1462170480.023	 0	 -0.367096	 0.924103	 -0.218979	 4
1462170480.033	 0	 -0.370880	 0.921265	 -0.225891	 4
1462170480.042	 0	 -0.370880	 0.921265	 -0.225891	 4
1462170480.052	 0	 -0.370865	 0.921249	 -0.227859	 4
1462170480.061	 0	 -0.370941	 0.922256	 -0.220016	 4
1462170480.071	 0	 -0.368942	 0.920288	 -0.219986	 4
1462170480.081	 0	 -0.369049	 0.924149	 -0.218018	 4
1462170480.090	 0	 -0.370117	 0.928024	 -0.215088	 4
1462170480.100	 0	 -0.370911	 0.922241	 -0.223938	 4
1462170480.110	 0	 -0.371902	 0.921310	 -0.221024	 4
1462170480.119	 0	 -0.364929	 0.917267	 -0.225815	 4
1462170480.129	 0	 -0.364929	 0.917267	 -0.225815	 4
1462170480.138	 0	 -0.362976	 0.916275	 -0.223831	 4
1462170480.148	 0	 -0.362000	 0.918137	 -0.231674	 4
1462170480.158	 0	 -0.363022	 0.920105	 -0.228729	 4
1462170480.167	 0	 -0.363037	 0.918213	 -0.221863	 4
1462170480.177	 0	 -0.368896	 0.919312	 -0.224899	 4
1462170480.186	 0	 -0.370865	 0.920319	 -0.223938	 4
1462170480.196	 0	 -0.370865	 0.920319	 -0.223938	 4
1462170480.206	 0	 -0.369934	 0.921249	 -0.222946	 4
1462170480.215	 0	 -0.368958	 0.922195	 -0.223907	 4
1462170480.225	 0	 -0.365173	 0.925980	 -0.218948	 4
1462170480.235	 0	 -0.364120	 0.923065	 -0.219910	 4
1462170480.244	 0	 -0.368896	 0.917404	 -0.219025	 4
1462170480.254	 0	 -0.374756	 0.918472	 -0.220078	 4
1462170480.264	 0	 -0.374756	 0.918472	 -0.220078	 4
1462170480.273	 0	 -0.373734	 0.915588	 -0.219086	 4
1462170480.283	 0	 -0.373764	 0.916550	 -0.219086	 4
1462170480.292	 0	 -0.369003	 0.922226	 -0.218018	 4
1462170480.302	 0	 -0.370972	 0.923248	 -0.217072	 4
1462170480.311	 0	 -0.373917	 0.923309	 -0.215134	 4
1462170480.321	 0	 -0.373917	 0.923309	 -0.215134	 4
1462170480.331	 0	 -0.374786	 0.918503	 -0.215164	 4
1462170480.340	 0	 -0.373734	 0.915588	 -0.219086	 4
1462170480.350	 0	 -0.369873	 0.917435	 -0.217072	 4
1462170480.359	 0	 -0.367966	 0.919327	 -0.217026	 4
1462170480.369	 0	 -0.365128	 0.923111	 -0.216003	 4
1462170480.379	 0	 -0.365128	 0.923111	 -0.216003	 4
1462170480.388	 0	 -0.367050	 0.923126	 -0.220947	 4
1462170480.398	 0	 -0.371063	 0.927094	 -0.218048	 4
1462170480.408	 0	 -0.366180	 0.925079	 -0.211105	 4
1462170480.417	 0	 -0.370071	 0.925156	 -0.213120	 4
1462170480.427	 0	 -0.374878	 0.923325	 -0.215149	 4
1462170480.436	 0	 -0.378754	 0.921494	 -0.215210	 4
1462170480.446	 0	 -0.379700	 0.920547	 -0.216217	 4
1462170480.456	 0	 -0.379700	 0.920547	 -0.216217	 4
1462170480.465	 0	 -0.377762	 0.919571	 -0.211273	 4
1462170480.475	 0	 -0.371902	 0.923218	 -0.223953	 4
1462170480.484	 0	 -0.369064	 0.927017	 -0.223907	 4
1462170480.494	 0	 -0.366074	 0.923096	 -0.219940	 4
1462170480.504	 0	 -0.367996	 0.921219	 -0.220963	 4
1462170480.513	 0	 -0.370911	 0.921280	 -0.222961	 4
1462170480.523	 0	 -0.373001	 0.929016	 -0.222992	 4
1462170480.532	 0	 -0.373001	 0.929016	 -0.222992	 4
1462170480.542	 0	 -0.374847	 0.923294	 -0.220062	 4
1462170480.552	 0	 -0.373917	 0.924240	 -0.220047	 4
1462170480.561	 0	 -0.377686	 0.918533	 -0.221115	 4
1462170480.571	 0	 -0.375809	 0.921417	 -0.219101	 4
1462170480.581	 0	 -0.377731	 0.920486	 -0.218140	 4
1462170480.590	 0	 -0.377655	 0.917572	 -0.220123	 4
1462170480.600	 0	 -0.377655	 0.917572	 -0.220123	 4
1462170480.610	 0	 -0.378662	 0.918564	 -0.220139	 4
1462170480.619	 0	 -0.378662	 0.920486	 -0.224045	 4
1462170480.629	 0	 -0.372818	 0.920349	 -0.222992	 4
1462170480.638	 0	 -0.374725	 0.919418	 -0.226929	 4
1462170480.648	 0	 -0.375854	 0.925247	 -0.222031	 4
1462170480.657	 0	 -0.375855	 0.925247	 -0.222031	 4
1462170480.667	 0	 -0.377792	 0.924316	 -0.222061	 4
1462170480.677	 0	 -0.376862	 0.926224	 -0.220093	 4
1462170480.686	 0	 -0.379807	 0.926300	 -0.219162	 4
1462170480.696	 0	 -0.379730	 0.923401	 -0.221130	 4
1462170480.705	 0	 -0.374954	 0.927185	 -0.217117	 4
1462170480.715	 0	 -0.374954	 0.927185	 -0.217117	 4
1462170480.725	 0	 -0.372971	 0.926163	 -0.217102	 4
1462170480.734	 0	 -0.373901	 0.923294	 -0.219070	 4
1462170480.744	 0	 -0.372879	 0.922287	 -0.220047	 4
1462170480.754	 0	 -0.373871	 0.922317	 -0.221039	 4
1462170480.763	 0	 -0.373871	 0.922318	 -0.221039	 4
1462170480.773	 0	 -0.369049	 0.925095	 -0.220978	 4
1462170480.783	 0	 -0.374832	 0.921402	 -0.217117	 4
1462170480.792	 0	 -0.370056	 0.926086	 -0.218033	 4
1462170480.802	 0	 -0.370895	 0.918427	 -0.215118	 4
1462170480.811	 0	 -0.370804	 0.915527	 -0.218063	 4
1462170480.821	 0	 -0.370804	 0.915527	 -0.218063	 4
1462170480.830	 0	 -0.371887	 0.919418	 -0.215118	 4
1462170480.840	 0	 -0.366013	 0.919281	 -0.216995	 4
1462170480.850	 0	 -0.367065	 0.922195	 -0.215042	 4
1462170480.859	 0	 -0.370880	 0.918411	 -0.218063	 4
1462170480.869	 0	 -0.364044	 0.918274	 -0.216980	 4
1462170480.879	 0	 -0.364044	 0.918274	 -0.216980	 4
1462170480.888	 0	 -0.363022	 0.915375	 -0.214020	 4
1462170480.898	 0	 -0.362091	 0.918228	 -0.216949	 4
1462170480.907	 0	 -0.366013	 0.918304	 -0.215042	 4
1462170480.917	 0	 -0.364960	 0.914459	 -0.213058	 4
1462170480.927	 0	 -0.364960	 0.914459	 -0.213058	 4
1462170480.936	 0	 -0.369873	 0.916473	 -0.215103	 4
1462170480.946	 0	 -0.363037	 0.916321	 -0.214996	 4
1462170480.955	 0	 -0.364090	 0.919266	 -0.214020	 4
1462170480.965	 0	 -0.364059	 0.917328	 -0.212082	 4
1462170480.975	 0	 -0.360092	 0.915314	 -0.212982	 4
1462170480.984	 0	 -0.361038	 0.913391	 -0.214966	 4
1462170480.994	 0	 -0.361038	 0.913391	 -0.214966	 4
1462170481.003	 0	 -0.358139	 0.914307	 -0.212952	 4
1462170481.013	 0	 -0.363037	 0.915375	 -0.212067	 4
1462170481.023	 0	 -0.364120	 0.920242	 -0.211075	 4
1462170481.032	 0	 -0.363113	 0.919235	 -0.214005	 4
1462170481.042	 0	 -0.363113	 0.919235	 -0.214005	 4
1462170481.052	 0	 -0.367004	 0.918350	 -0.214081	 4
1462170481.061	 0	 -0.363068	 0.916336	 -0.212067	 4
1462170481.071	 0	 -0.369049	 0.921310	 -0.209183	 4
1462170481.080	 0	 -0.367172	 0.926071	 -0.211121	 4
1462170481.090	 0	 -0.370956	 0.922272	 -0.219040	 4
1462170481.100	 0	 -0.370956	 0.922272	 -0.219040	 4
1462170481.109	 0	 -0.367966	 0.919312	 -0.218002	 4
1462170481.119	 0	 -0.367035	 0.922165	 -0.220947	 4
1462170481.129	 0	 -0.365097	 0.922134	 -0.218948	 4
1462170481.138	 0	 -0.364197	 0.925980	 -0.216965	 4
1462170481.148	 0	 -0.366058	 0.923096	 -0.221893	 4
1462170481.157	 0	 -0.366058	 0.923096	 -0.221893	 4
1462170481.167	 0	 -0.367065	 0.925034	 -0.224869	 4
1462170481.176	 0	 -0.363113	 0.922073	 -0.221848	 4
1462170481.186	 0	 -0.364014	 0.920151	 -0.226776	 4
1462170481.196	 0	 -0.367950	 0.920258	 -0.221924	 4
1462170481.206	 0	 -0.368774	 0.914474	 -0.225876	 4
1462170481.215	 0	 -0.368774	 0.914474	 -0.225876	 4
1462170481.225	 0	 -0.376694	 0.917572	 -0.219131	 4
1462170481.234	 0	 -0.370789	 0.915512	 -0.221024	 4
1462170481.244	 0	 -0.369904	 0.919342	 -0.220001	 4
1462170481.254	 0	 -0.371017	 0.926102	 -0.221008	 4
1462170481.263	 0	 -0.365158	 0.925034	 -0.216980	 4
1462170481.273	 0	 -0.365158	 0.925034	 -0.216980	 4
1462170481.282	 0	 -0.372894	 0.923248	 -0.221039	 4
1462170481.292	 0	 -0.370895	 0.921280	 -0.224930	 4
1462170481.302	 0	 -0.371918	 0.922272	 -0.221024	 4
1462170481.311	 0	 -0.368973	 0.921249	 -0.220978	 4
1462170481.321	 0	 -0.368973	 0.921249	 -0.220978	 4
1462170481.331	 0	 -0.373886	 0.923279	 -0.221039	 4
1462170481.340	 0	 -0.371918	 0.923233	 -0.221985	 4
1462170481.349	 0	 -0.374878	 0.921417	 -0.212219	 4
1462170481.359	 0	 -0.376831	 0.923370	 -0.215179	 4
1462170481.369	 0	 -0.375732	 0.916626	 -0.213211	 4
1462170481.378	 0	 -0.374680	 0.914642	 -0.219101	 4
1462170481.388	 0	 -0.374680	 0.914642	 -0.219101	 4
1462170481.398	 0	 -0.373596	 0.909790	 -0.221054	 4
1462170481.407	 0	 -0.372742	 0.915558	 -0.218094	 4
1462170481.417	 0	 -0.376755	 0.920471	 -0.218124	 4
1462170481.426	 0	 -0.376831	 0.923370	 -0.215179	 4
1462170481.436	 0	 -0.376831	 0.923370	 -0.215179	 4
1462170481.446	 0	 -0.378799	 0.923431	 -0.214233	 4
1462170481.455	 0	 -0.380768	 0.925385	 -0.216232	 4
1462170481.465	 0	 -0.376785	 0.921432	 -0.218124	 4
1462170481.474	 0	 -0.373932	 0.924255	 -0.219070	 4
1462170481.484	 0	 -0.373001	 0.926178	 -0.214157	 4
1462170481.494	 0	 -0.383682	 0.923538	 -0.213318	 4
1462170481.503	 0	 -0.383682	 0.923538	 -0.213318	 4
1462170481.513	 0	 -0.385544	 0.918762	 -0.212402	 4
1462170481.522	 0	 -0.378693	 0.917648	 -0.212296	 4
1462170481.532	 0	 -0.374878	 0.920486	 -0.208298	 4
1462170481.542	 0	 -0.370941	 0.921310	 -0.219040	 4
1462170481.551	 0	 -0.370911	 0.920349	 -0.219040	 4
1462170481.561	 0	 -0.374817	 0.919495	 -0.214172	 4
1462170481.571	 0	 -0.374817	 0.919495	 -0.214172	 4
1462170481.580	 0	 -0.369965	 0.919388	 -0.212158	 4
1462170481.590	 0	 -0.373825	 0.917542	 -0.212219	 4
1462170481.599	 0	 -0.369888	 0.916489	 -0.213135	 4
1462170481.609	 0	 -0.372864	 0.920395	 -0.215134	 4
1462170481.619	 0	 -0.371918	 0.919434	 -0.212189	 4
1462170481.628	 0	 -0.369064	 0.923218	 -0.212143	 4
1462170481.638	 0	 -0.369049	 0.922272	 -0.211151	 4
1462170481.648	 0	 -0.369049	 0.922272	 -0.211151	 4
1462170481.657	 0	 -0.366989	 0.920242	 -0.220947	 4
1462170481.667	 0	 -0.363022	 0.919159	 -0.226761	 4
1462170481.676	 0	 -0.364014	 0.919205	 -0.223831	 4
1462170481.686	 0	 -0.362213	 0.922104	 -0.212036	 4
1462170481.695	 0	 -0.364380	 0.930847	 -0.208145	 4
1462170481.705	 0	 -0.361389	 0.925018	 -0.201218	 4
1462170481.715	 0	 -0.361389	 0.925018	 -0.201218	 4
1462170481.724	 0	 -0.367142	 0.922256	 -0.205231	 4
1462170481.734	 0	 -0.368027	 0.920303	 -0.212128	 4
1462170481.744	 0	 -0.362213	 0.921158	 -0.210068	 4
1462170481.753	 0	 -0.358337	 0.922974	 -0.211975	 4
1462170481.763	 0	 -0.354416	 0.921921	 -0.211929	 4
1462170481.772	 0	 -0.354416	 0.921921	 -0.211929	 4
1462170481.782	 0	 -0.355438	 0.925781	 -0.215866	 4
1462170481.792	 0	 -0.357193	 0.919052	 -0.223724	 4
1462170481.801	 0	 -0.359207	 0.921967	 -0.224747	 4
1462170481.811	 0	 -0.363190	 0.924011	 -0.218918	 4
1462170481.820	 0	 -0.363159	 0.923050	 -0.218918	 4
1462170481.830	 0	 -0.363159	 0.923050	 -0.218918	 4
1462170481.840	 0	 -0.368042	 0.923172	 -0.217026	 4
1462170481.849	 0	 -0.369995	 0.923203	 -0.218033	 4
1462170481.859	 0	 -0.371994	 0.924225	 -0.216110	 4
1462170481.869	 0	 -0.367050	 0.921234	 -0.215042	 4
1462170481.878	 0	 -0.363205	 0.924973	 -0.218918	 4
1462170481.888	 0	 -0.363205	 0.924973	 -0.218918	 4
1462170481.897	 0	 -0.363251	 0.927841	 -0.220886	 4
1462170481.907	 0	 -0.365067	 0.923065	 -0.223846	 4
1462170481.917	 0	 -0.367996	 0.923126	 -0.224884	 4
1462170481.926	 0	 -0.366013	 0.922104	 -0.226807	 4
1462170481.936	 0	 -0.362015	 0.919128	 -0.229691	 4
1462170481.945	 0	 -0.362015	 0.919128	 -0.229691	 4
1462170481.955	 0	 -0.363022	 0.919159	 -0.226761	 4
1462170481.965	 0	 -0.366043	 0.924011	 -0.227783	 4
1462170481.974	 0	 -0.371002	 0.927979	 -0.227859	 4
1462170481.984	 0	 -0.379791	 0.929138	 -0.227982	 4
1462170481.993	 0	 -0.379791	 0.929138	 -0.227982	 4
1462170482.003	 0	 -0.394333	 0.925598	 -0.231140	 4
1462170482.013	 0	 -0.400009	 0.924652	 -0.251831	 4
1462170482.022	 0	 -0.401825	 0.923645	 -0.267578	 4
1462170482.032	 0	 -0.407700	 0.930405	 -0.284332	 4
1462170482.042	 0	 -0.415573	 0.943893	 -0.314850	 4
1462170482.051	 0	 -0.415573	 0.943893	 -0.314850	 4
1462170482.061	 0	 -0.425491	 0.958435	 -0.335587	 4
1462170482.070	 0	 -0.459045	 0.977478	 -0.335068	 4
1462170482.080	 0	 -0.502914	 0.978439	 -0.337677	 4
1462170482.090	 0	 -0.553482	 0.972824	 -0.338440	 4
1462170482.099	 0	 -0.618744	 0.970398	 -0.341370	 4
1462170482.109	 0	 -0.618744	 0.970398	 -0.341370	 4
1462170482.118	 0	 -0.666489	 0.970489	 -0.347977	 4
1462170482.128	 0	 -0.708191	 0.960831	 -0.349564	 4
1462170482.138	 0	 -0.739380	 0.957718	 -0.340240	 4
1462170482.147	 0	 -0.756119	 0.962936	 -0.332611	 4
1462170482.157	 0	 -0.812210	 0.983521	 -0.320663	 4
1462170482.167	 0	 -0.812210	 0.983521	 -0.320663	 4
1462170482.176	 0	 -0.868317	 1.005966	 -0.316574	 4
1462170482.186	 0	 -0.905594	 1.014557	 -0.307297	 4
1462170482.195	 0	 -0.926102	 1.014069	 -0.302689	 4
1462170482.205	 0	 -0.934494	 1.000702	 -0.314590	 4
1462170482.215	 0	 -0.934494	 1.000702	 -0.314590	 4
1462170482.224	 0	 -0.940033	 0.980698	 -0.299988	 4
1462170482.234	 0	 -0.943131	 0.931900	 -0.263763	 4
1462170482.243	 0	 -0.954468	 0.906311	 -0.237488	 4
1462170482.253	 0	 -0.962997	 0.884537	 -0.206238	 4
1462170482.263	 0	 -0.980453	 0.870636	 -0.179047	 4
1462170482.272	 0	 -0.980453	 0.870636	 -0.179047	 4
1462170482.282	 0	 -1.009613	 0.858902	 -0.155930	 4
1462170482.291	 0	 -1.042069	 0.854172	 -0.099503	 4
1462170482.301	 0	 -1.074783	 0.830872	 -0.092163	 4
1462170482.311	 0	 -1.084610	 0.808426	 -0.014832	 4
1462170482.320	 0	 -1.076584	 0.792938	 0.000000	 4
1462170482.330	 0	 -1.058701	 0.770508	 0.021835	 4
1462170482.339	 0	 -1.058701	 0.770508	 0.021835	 4
1462170482.349	 0	 -1.034744	 0.744003	 0.024094	 4
1462170482.359	 0	 -1.019821	 0.723572	 0.042923	 4
1462170482.368	 0	 -1.022705	 0.715073	 0.060547	 4
1462170482.378	 0	 -1.026428	 0.705551	 0.067337	 4
1462170482.388	 0	 -1.019302	 0.685287	 0.085083	 4
1462170482.397	 0	 -1.000442	 0.661911	 0.109848	 4
1462170482.407	 0	 -0.999283	 0.641846	 0.142227	 4
1462170482.416	 0	 -0.999283	 0.641846	 0.142227	 4
1462170482.426	 0	 -1.008835	 0.627716	 0.156799	 4
1462170482.436	 0	 -1.005692	 0.607605	 0.188217	 4
1462170482.445	 0	 -0.993393	 0.571838	 0.210938	 4
1462170482.455	 0	 -0.965363	 0.534698	 0.221115	 4
1462170482.464	 0	 -0.925461	 0.451904	 0.205887	 4
1462170482.474	 0	 -0.924011	 0.421234	 0.232376	 4
1462170482.484	 0	 -0.927582	 0.396454	 0.263702	 4
1462170482.493	 0	 -0.916351	 0.366470	 0.280518	 4
1462170482.503	 0	 -0.916351	 0.366470	 0.280518	 4
1462170482.512	 0	 -0.908051	 0.341278	 0.286469	 4
1462170482.522	 0	 -0.895889	 0.322693	 0.279785	 4
1462170482.532	 0	 -0.880753	 0.302994	 0.263290	 4
1462170482.541	 0	 -0.861755	 0.277618	 0.274338	 4
1462170482.551	 0	 -0.847549	 0.254166	 0.266663	 4
1462170482.561	 0	 -0.841202	 0.228073	 0.274582	 4
1462170482.570	 0	 -0.821075	 0.200653	 0.271896	 4
1462170482.580	 0	 -0.821075	 0.200653	 0.271896	 4
1462170482.589	 0	 -0.800995	 0.131805	 0.259354	 4
1462170482.599	 0	 -0.761017	 0.087585	 0.254990	 4
1462170482.609	 0	 -0.769135	 0.055069	 0.261719	 4
1462170482.618	 0	 -0.786133	 0.033234	 0.247681	 4
1462170482.628	 0	 -0.798492	 0.021912	 0.239639	 4
1462170482.638	 0	 -0.799561	 0.019211	 0.260208	 4
1462170482.647	 0	 -0.798264	 0.006607	 0.252380	 4
1462170482.657	 0	 -0.798264	 0.006607	 0.252380	 4
1462170482.666	 0	 -0.786881	 -0.019699	 0.240753	 4
1462170482.676	 0	 -0.766754	 -0.043350	 0.222366	 4
1462170482.686	 0	 -0.744446	 -0.078583	 0.205963	 4
1462170482.695	 0	 -0.724274	 -0.112656	 0.218002	 4
1462170482.705	 0	 -0.721497	 -0.140778	 0.186615	 4
1462170482.714	 0	 -0.731216	 -0.185852	 0.182480	 4
1462170482.724	 0	 -0.731216	 -0.185852	 0.182480	 4
1462170482.734	 0	 -0.737656	 -0.204926	 0.185303	 4
1462170482.743	 0	 -0.732452	 -0.219498	 0.181442	 4
1462170482.753	 0	 -0.721313	 -0.238998	 0.182556	 4
1462170482.762	 0	 -0.703323	 -0.259613	 0.182800	 4
1462170482.772	 0	 -0.689270	 -0.277283	 0.177094	 4
1462170482.782	 0	 -0.689270	 -0.277283	 0.177094	 4
1462170482.791	 0	 -0.684067	 -0.292770	 0.181076	 4
1462170482.801	 0	 -0.688995	 -0.326508	 0.153473	 4
1462170482.811	 0	 -0.690872	 -0.329376	 0.150528	 4
1462170482.820	 0	 -0.707291	 -0.294312	 0.158157	 4
1462170482.830	 0	 -0.707291	 -0.294311	 0.158157	 4
1462170482.839	 0	 -0.712387	 -0.330734	 0.164932	 4
1462170482.849	 0	 -0.719528	 -0.417023	 0.195129	 4
1462170482.859	 0	 -0.721710	 -0.505402	 0.219528	 4
1462170482.868	 0	 -0.719681	 -0.559280	 0.231247	 4
1462170482.878	 0	 -0.720032	 -0.536270	 0.213623	 4
1462170482.887	 0	 -0.742538	 -0.487625	 0.216293	 4
1462170482.897	 0	 -0.742538	 -0.487625	 0.216293	 4
1462170482.907	 0	 -0.737335	 -0.453171	 0.202683	 4
1462170482.916	 0	 -0.712143	 -0.447922	 0.207947	 4
1462170482.926	 0	 -0.682373	 -0.482101	 0.238770	 4
1462170482.936	 0	 -0.657928	 -0.530762	 0.238098	 4
1462170482.945	 0	 -0.657928	 -0.530762	 0.238098	 4
1462170482.955	 0	 -0.653168	 -0.620331	 0.249847	 4
1462170482.964	 0	 -0.690720	 -0.642578	 0.250229	 4
1462170482.974	 0	 -0.710083	 -0.647949	 0.248962	 4
1462170482.983	 0	 -0.726669	 -0.644714	 0.242828	 4
1462170482.993	 0	 -0.722107	 -0.628494	 0.235062	 4
1462170483.003	 0	 -0.722107	 -0.628494	 0.235062	 4
1462170483.013	 0	 -0.706757	 -0.611618	 0.218628	 4
1462170483.022	 0	 -0.683212	 -0.616013	 0.213074	 4
1462170483.032	 0	 -0.663315	 -0.636627	 0.218262	 4
1462170483.041	 0	 -0.649078	 -0.672424	 0.242950	 4
1462170483.051	 0	 -0.661591	 -0.684601	 0.257477	 4
1462170483.061	 0	 -0.661591	 -0.684601	 0.257477	 4
1462170483.070	 0	 -0.679398	 -0.685883	 0.298431	 4
1462170483.080	 0	 -0.710861	 -0.668884	 0.285233	 4
1462170483.089	 0	 -0.726761	 -0.654129	 0.283066	 4
1462170483.099	 0	 -0.726242	 -0.639587	 0.301727	 4
1462170483.108	 0	 -0.714523	 -0.637955	 0.296020	 4
1462170483.118	 0	 -0.690887	 -0.647171	 0.289474	 4
1462170483.128	 0	 -0.690887	 -0.647171	 0.289474	 4
1462170483.137	 0	 -0.649445	 -0.672134	 0.292999	 4
1462170483.147	 0	 -0.611313	 -0.723984	 0.298401	 4
1462170483.157	 0	 -0.596390	 -0.730209	 0.273087	 4
1462170483.166	 0	 -0.622208	 -0.713196	 0.287460	 4
1462170483.176	 0	 -0.653976	 -0.694061	 0.312531	 4
1462170483.185	 0	 -0.691589	 -0.671036	 0.322800	 4
1462170483.195	 0	 -0.702484	 -0.662155	 0.317749	 4
1462170483.205	 0	 -0.702484	 -0.662155	 0.317749	 4
1462170483.214	 0	 -0.695694	 -0.663223	 0.328629	 4
1462170483.224	 0	 -0.668243	 -0.675293	 0.343750	 4
1462170483.234	 0	 -0.637650	 -0.694229	 0.348099	 4
1462170483.243	 0	 -0.611908	 -0.708343	 0.336685	 4
1462170483.253	 0	 -0.598923	 -0.719299	 0.323135	 4
1462170483.262	 0	 -0.605667	 -0.722031	 0.324005	 4
1462170483.272	 0	 -0.627243	 -0.716736	 0.322708	 4
1462170483.281	 0	 -0.627243	 -0.716736	 0.322708	 4
1462170483.291	 0	 -0.671555	 -0.699326	 0.332870	 4
1462170483.301	 0	 -0.685364	 -0.694183	 0.339539	 4
1462170483.310	 0	 -0.690201	 -0.694107	 0.333588	 4
1462170483.320	 0	 -0.675537	 -0.694458	 0.331833	 4
1462170483.329	 0	 -0.652054	 -0.697876	 0.328262	 4
1462170483.339	 0	 -0.652054	 -0.697876	 0.328262	 4
1462170483.349	 0	 -0.634338	 -0.698380	 0.306931	 4
1462170483.358	 0	 -0.621552	 -0.696869	 0.286514	 4
1462170483.368	 0	 -0.616653	 -0.696030	 0.282669	 4
1462170483.378	 0	 -0.628464	 -0.694748	 0.292297	 4
1462170483.387	 0	 -0.628464	 -0.694748	 0.292297	 4
1462170483.397	 0	 -0.641266	 -0.693436	 0.304871	 4
1462170483.406	 0	 -0.651062	 -0.694107	 0.315521	 4
1462170483.416	 0	 -0.655029	 -0.693954	 0.326263	 4
1462170483.426	 0	 -0.652145	 -0.692123	 0.322388	 4
1462170483.435	 0	 -0.650208	 -0.690277	 0.318481	 4
1462170483.445	 0	 -0.650208	 -0.690277	 0.318481	 4
1462170483.455	 0	 -0.647278	 -0.687470	 0.311661	 4
1462170483.464	 0	 -0.645294	 -0.684738	 0.297943	 4
1462170483.474	 0	 -0.637527	 -0.681076	 0.291199	 4
1462170483.483	 0	 -0.627594	 -0.690903	 0.293304	 4
1462170483.493	 0	 -0.626602	 -0.691895	 0.297256	 4
1462170483.502	 0	 -0.626602	 -0.691895	 0.297256	 4
1462170483.512	 0	 -0.630402	 -0.697556	 0.299133	 4
1462170483.522	 0	 -0.638275	 -0.698273	 0.311783	 4
1462170483.531	 0	 -0.644211	 -0.698074	 0.323456	 4
1462170483.541	 0	 -0.660965	 -0.691879	 0.330109	 4
1462170483.555	 0	 -0.666931	 -0.683136	 0.319214	 4
1462170483.565	 0	 -0.674744	 -0.679199	 0.307327	 4
1462170483.575	 0	 -0.667801	 -0.682282	 0.302536	 4
1462170483.584	 0	 -0.667801	 -0.682282	 0.302536	 4
1462170483.594	 0	 -0.658966	 -0.685348	 0.302658	 4
1462170483.603	 0	 -0.643906	 -0.704010	 0.297943	 4
1462170483.613	 0	 -0.631271	 -0.706146	 0.310883	 4
1462170483.623	 0	 -0.633087	 -0.713776	 0.315765	 4
1462170483.632	 0	 -0.636078	 -0.710800	 0.315720	 4
1462170483.642	 0	 -0.636078	 -0.710800	 0.315720	 4
1462170483.651	 0	 -0.645081	 -0.701935	 0.318542	 4
1462170483.661	 0	 -0.650085	 -0.697937	 0.326324	 4
1462170483.671	 0	 -0.657822	 -0.697800	 0.317383	 4
1462170483.680	 0	 -0.654892	 -0.695984	 0.309586	 4
1462170483.690	 0	 -0.638245	 -0.696411	 0.300995	 4
1462170483.700	 0	 -0.638199	 -0.696457	 0.294113	 4
1462170483.709	 0	 -0.638199	 -0.696457	 0.294113	 4
1462170483.719	 0	 -0.638290	 -0.693558	 0.298035	 4
1462170483.729	 0	 -0.646210	 -0.686646	 0.294983	 4
1462170483.738	 0	 -0.648209	 -0.685608	 0.297897	 4
1462170483.748	 0	 -0.652100	 -0.686478	 0.300812	 4
1462170483.757	 0	 -0.652100	 -0.686478	 0.300812	 4
1462170483.767	 0	 -0.647293	 -0.683685	 0.302826	 4
1462170483.776	 0	 -0.636581	 -0.683899	 0.304962	 4
1462170483.786	 0	 -0.628815	 -0.681213	 0.301147	 4
1462170483.796	 0	 -0.620865	 -0.688110	 0.301270	 4
1462170483.805	 0	 -0.620865	 -0.688110	 0.301270	 4
1462170483.815	 0	 -0.624725	 -0.686203	 0.287460	 4
1462170483.825	 0	 -0.637314	 -0.687866	 0.281387	 4
1462170483.834	 0	 -0.646225	 -0.682846	 0.285171	 4
1462170483.844	 0	 -0.659119	 -0.671982	 0.283051	 4
1462170483.853	 0	 -0.663025	 -0.676605	 0.298676	 4
1462170483.863	 0	 -0.663025	 -0.676605	 0.298676	 4
1462170483.873	 0	 -0.664841	 -0.684265	 0.301575	 4
1462170483.882	 0	 -0.659836	 -0.692032	 0.307541	 4
1462170483.892	 0	 -0.654968	 -0.693085	 0.313507	 4
1462170483.901	 0	 -0.652924	 -0.697937	 0.313538	 4
1462170483.911	 0	 -0.654938	 -0.694031	 0.312515	 4
1462170483.921	 0	 -0.656891	 -0.693069	 0.308563	 4
1462170483.930	 0	 -0.656891	 -0.693069	 0.308563	 4
1462170483.940	 0	 -0.659744	 -0.694946	 0.304596	 4
1462170483.949	 0	 -0.658783	 -0.697800	 0.314407	 4
1462170483.959	 0	 -0.658646	 -0.702652	 0.310486	 4
1462170483.969	 0	 -0.654709	 -0.706543	 0.316437	 4
1462170483.978	 0	 -0.654709	 -0.706543	 0.316437	 4
1462170483.988	 0	 -0.652740	 -0.705658	 0.309616	 4
1462170483.997	 0	 -0.654861	 -0.696945	 0.309586	 4
1462170484.007	 0	 -0.652054	 -0.692200	 0.310608	 4
1462170484.017	 0	 -0.659958	 -0.686264	 0.307541	 4
1462170484.026	 0	 -0.656052	 -0.686371	 0.305649	 4
1462170484.036	 0	 -0.656052	 -0.686371	 0.305649	 4
1462170484.046	 0	 -0.660919	 -0.687180	 0.308517	 4
1462170484.055	 0	 -0.665756	 -0.689957	 0.312363	 4
1462170484.065	 0	 -0.664627	 -0.696732	 0.310394	 4
1462170484.075	 0	 -0.662689	 -0.694885	 0.305527	 4
1462170484.084	 0	 -0.662689	 -0.694885	 0.305527	 4
1462170484.094	 0	 -0.658905	 -0.687286	 0.299713	 4
1462170484.103	 0	 -0.645065	 -0.690582	 0.284225	 4
1462170484.113	 0	 -0.642334	 -0.683853	 0.291122	 4
1462170484.123	 0	 -0.643372	 -0.681915	 0.291107	 4
1462170484.132	 0	 -0.645233	 -0.684784	 0.289108	 4
1462170484.142	 0	 -0.645233	 -0.684784	 0.289108	 4
1462170484.151	 0	 -0.652161	 -0.687363	 0.311600	 4
1462170484.161	 0	 -0.662903	 -0.686188	 0.310440	 4
1462170484.171	 0	 -0.663864	 -0.690918	 0.323181	 4
1462170484.180	 0	 -0.660797	 -0.694870	 0.315369	 4
1462170484.190	 0	 -0.658752	 -0.698776	 0.312454	 4
1462170484.199	 0	 -0.658752	 -0.698776	 0.312454	 4
1462170484.209	 0	 -0.653793	 -0.700836	 0.306641	 4
1462170484.219	 0	 -0.656677	 -0.698929	 0.294815	 4
1462170484.228	 0	 -0.663666	 -0.686340	 0.280991	 4
1462170484.238	 0	 -0.666763	 -0.680450	 0.286835	 4
1462170484.248	 0	 -0.667969	 -0.676453	 0.307434	 4
1462170484.257	 0	 -0.667969	 -0.676453	 0.307434	 4
1462170484.267	 0	 -0.672852	 -0.680130	 0.321106	 4
1462170484.276	 0	 -0.671799	 -0.684006	 0.321121	 4
1462170484.286	 0	 -0.664993	 -0.682251	 0.317291	 4
1462170484.295	 0	 -0.659012	 -0.683411	 0.303635	 4
1462170484.305	 0	 -0.651215	 -0.682648	 0.300827	 4
1462170484.315	 0	 -0.651215	 -0.682648	 0.300827	 4
1462170484.324	 0	 -0.645218	 -0.687607	 0.295990	 4
1462170484.334	 0	 -0.644852	 -0.704010	 0.293030	 4
1462170484.344	 0	 -0.648773	 -0.705795	 0.302780	 4
1462170484.353	 0	 -0.653793	 -0.700836	 0.306641	 4
1462170484.363	 0	 -0.653793	 -0.700836	 0.306641	 4
1462170484.372	 0	 -0.660614	 -0.697845	 0.298691	 4
1462170484.382	 0	 -0.653931	 -0.689377	 0.290955	 4
1462170484.392	 0	 -0.648132	 -0.685669	 0.287109	 4
1462170484.401	 0	 -0.637451	 -0.681137	 0.281387	 4
1462170484.411	 0	 -0.629562	 -0.686096	 0.284454	 4
1462170484.420	 0	 -0.624695	 -0.687180	 0.287460	 4
1462170484.430	 0	 -0.624695	 -0.687180	 0.287460	 4
1462170484.440	 0	 -0.632446	 -0.691772	 0.295181	 4
1462170484.449	 0	 -0.638260	 -0.694489	 0.299026	 4
1462170484.459	 0	 -0.652023	 -0.690338	 0.299820	 4
1462170484.468	 0	 -0.664764	 -0.689041	 0.306488	 4
1462170484.478	 0	 -0.662781	 -0.690063	 0.304565	 4
1462170484.488	 0	 -0.662781	 -0.690063	 0.304565	 4
1462170484.497	 0	 -0.662674	 -0.693924	 0.301590	 4
1462170484.507	 0	 -0.649063	 -0.691376	 0.299850	 4
1462170484.517	 0	 -0.643188	 -0.690582	 0.292099	 4
1462170484.526	 0	 -0.636353	 -0.687866	 0.283371	 4
1462170484.536	 0	 -0.632324	 -0.691864	 0.279495	 4
1462170484.546	 0	 -0.632324	 -0.691864	 0.279495	 4
1462170484.555	 0	 -0.638184	 -0.693634	 0.283325	 4
1462170484.565	 0	 -0.651749	 -0.700012	 0.290970	 4
1462170484.574	 0	 -0.670380	 -0.698578	 0.302475	 4
1462170484.584	 0	 -0.684174	 -0.696259	 0.317001	 4
1462170484.593	 0	 -0.685196	 -0.697144	 0.325821	 4
1462170484.603	 0	 -0.685242	 -0.692383	 0.316986	 4
1462170484.613	 0	 -0.681427	 -0.685791	 0.307220	 4
1462170484.622	 0	 -0.681427	 -0.685791	 0.307220	 4
1462170484.632	 0	 -0.671509	 -0.683273	 0.277939	 4
1462170484.641	 0	 -0.655914	 -0.682693	 0.274246	 4
1462170484.651	 0	 -0.654785	 -0.690384	 0.279175	 4
1462170484.661	 0	 -0.657593	 -0.697983	 0.284988	 4
1462170484.670	 0	 -0.658615	 -0.698883	 0.292831	 4
1462170484.680	 0	 -0.658768	 -0.694977	 0.303619	 4
1462170484.690	 0	 -0.659805	 -0.690155	 0.298721	 4
1462170484.699	 0	 -0.659805	 -0.690155	 0.298721	 4
1462170484.709	 0	 -0.669647	 -0.685135	 0.296631	 4
1462170484.718	 0	 -0.672653	 -0.679352	 0.289703	 4
1462170484.728	 0	 -0.665756	 -0.682404	 0.288803	 4
1462170484.738	 0	 -0.665710	 -0.683350	 0.287842	 4
1462170484.747	 0	 -0.659592	 -0.696014	 0.285950	 4
1462170484.757	 0	 -0.659699	 -0.691208	 0.286942	 4
1462170484.767	 0	 -0.659699	 -0.691208	 0.286942	 4
1462170484.776	 0	 -0.655731	 -0.693253	 0.281097	 4
1462170484.786	 0	 -0.655838	 -0.689362	 0.285034	 4
1462170484.795	 0	 -0.658813	 -0.686417	 0.284988	 4
1462170484.805	 0	 -0.659866	 -0.683487	 0.286942	 4
1462170484.814	 0	 -0.659866	 -0.683487	 0.286942	 4
1462170484.824	 0	 -0.664032	 -0.674683	 0.296722	 4
1462170484.834	 0	 -0.662003	 -0.674789	 0.285950	 4
1462170484.843	 0	 -0.659988	 -0.676758	 0.284012	 4
1462170484.853	 0	 -0.651215	 -0.677902	 0.288071	 4
1462170484.863	 0	 -0.647171	 -0.683777	 0.286148	 4
1462170484.872	 0	 -0.647171	 -0.683777	 0.286148	 4
1462170484.882	 0	 -0.641235	 -0.686813	 0.282318	 4
1462170484.891	 0	 -0.641159	 -0.690674	 0.280350	 4
1462170484.901	 0	 -0.639313	 -0.690643	 0.295090	 4
1462170484.911	 0	 -0.647110	 -0.690460	 0.295959	 4
1462170484.920	 0	 -0.647110	 -0.690460	 0.295959	 4
1462170484.930	 0	 -0.646088	 -0.693375	 0.297913	 4
1462170484.940	 0	 -0.647034	 -0.694290	 0.298889	 4
1462170484.949	 0	 -0.653778	 -0.698013	 0.296844	 4
1462170484.959	 0	 -0.657593	 -0.703674	 0.302658	 4
1462170484.968	 0	 -0.663406	 -0.705475	 0.302567	 4
1462170484.978	 0	 -0.663406	 -0.705475	 0.302567	 4
1462170484.988	 0	 -0.665436	 -0.700623	 0.299591	 4
1462170484.997	 0	 -0.663589	 -0.695877	 0.297653	 4
1462170485.007	 0	 -0.658722	 -0.693130	 0.291855	 4
1462170485.017	 0	 -0.652832	 -0.694214	 0.288986	 4
1462170485.026	 0	 -0.647964	 -0.694305	 0.291016	 4
1462170485.036	 0	 -0.647964	 -0.694305	 0.291016	 4
1462170485.045	 0	 -0.652649	 -0.702896	 0.289978	 4
1462170485.055	 0	 -0.655624	 -0.701843	 0.291901	 4
1462170485.064	 0	 -0.661697	 -0.693954	 0.301605	 4
1462170485.074	 0	 -0.664642	 -0.691040	 0.296692	 4
1462170485.084	 0	 -0.653885	 -0.690353	 0.288025	 4
1462170485.093	 0	 -0.653885	 -0.690353	 0.288025	 4
1462170485.103	 0	 -0.654800	 -0.690353	 0.282120	 4
1462170485.113	 0	 -0.656555	 -0.699951	 0.284042	 4
1462170485.122	 0	 -0.655563	 -0.702850	 0.286987	 4
1462170485.132	 0	 -0.655518	 -0.707611	 0.294830	 4
1462170485.141	 0	 -0.658600	 -0.702682	 0.303619	 4
1462170485.151	 0	 -0.658600	 -0.702682	 0.303619	 4
1462170485.161	 0	 -0.654770	 -0.696075	 0.293869	 4
1462170485.170	 0	 -0.653763	 -0.697082	 0.290939	 4
1462170485.180	 0	 -0.649796	 -0.698166	 0.285095	 4
1462170485.189	 0	 -0.647903	 -0.698151	 0.292984	 4
1462170485.199	 0	 -0.642899	 -0.705017	 0.294037	 4
1462170485.209	 0	 -0.642899	 -0.705017	 0.294037	 4
1462170485.218	 0	 -0.642975	 -0.702103	 0.296997	 4
1462170485.228	 0	 -0.642960	 -0.703079	 0.297958	 4
1462170485.237	 0	 -0.652878	 -0.697968	 0.306656	 4
1462170485.247	 0	 -0.659714	 -0.696869	 0.305573	 4
1462170485.257	 0	 -0.659836	 -0.691086	 0.306564	 4
1462170485.266	 0	 -0.659836	 -0.691086	 0.306564	 4
1462170485.276	 0	 -0.659912	 -0.686295	 0.301651	 4
1462170485.285	 0	 -0.658905	 -0.684463	 0.290878	 4
1462170485.295	 0	 -0.650116	 -0.683701	 0.288071	 4
1462170485.305	 0	 -0.648102	 -0.684753	 0.281219	 4
1462170485.314	 0	 -0.648102	 -0.684753	 0.281219	 4
1462170485.324	 0	 -0.642029	 -0.699249	 0.293076	 4
1462170485.334	 0	 -0.637070	 -0.705109	 0.299042	 4
1462170485.343	 0	 -0.634186	 -0.703247	 0.300064	 4
1462170485.353	 0	 -0.635407	 -0.691681	 0.299088	 4
1462170485.362	 0	 -0.639236	 -0.691650	 0.289200	 4
1462170485.372	 0	 -0.639236	 -0.691650	 0.289200	 4
1462170485.382	 0	 -0.643249	 -0.685791	 0.285217	 4
1462170485.391	 0	 -0.640381	 -0.682983	 0.286255	 4
1462170485.401	 0	 -0.643158	 -0.690613	 0.287186	 4
1462170485.410	 0	 -0.643188	 -0.692474	 0.297974	 4
1462170485.420	 0	 -0.655838	 -0.695999	 0.304657	 4
1462170485.430	 0	 -0.655838	 -0.695999	 0.304657	 4
1462170485.439	 0	 -0.662643	 -0.696808	 0.305527	 4
1462170485.449	 0	 -0.663696	 -0.691055	 0.299637	 4
1462170485.458	 0	 -0.668640	 -0.686157	 0.292709	 4
1462170485.468	 0	 -0.657745	 -0.692184	 0.289917	 4
1462170485.478	 0	 -0.644867	 -0.703049	 0.293030	 4
1462170485.487	 0	 -0.644867	 -0.703049	 0.293030	 4
1462170485.497	 0	 -0.642899	 -0.706909	 0.299927	 4
1462170485.507	 0	 -0.643875	 -0.704971	 0.296982	 4
1462170485.516	 0	 -0.644882	 -0.703049	 0.294983	 4
1462170485.526	 0	 -0.648926	 -0.695267	 0.291992	 4
1462170485.535	 0	 -0.650879	 -0.693329	 0.285095	 4
1462170485.545	 0	 -0.650879	 -0.693329	 0.285095	 4
1462170485.555	 0	 -0.658508	 -0.702759	 0.291855	 4
1462170485.564	 0	 -0.652603	 -0.706711	 0.293900	 4
1462170485.574	 0	 -0.651581	 -0.709625	 0.295883	 4
1462170485.584	 0	 -0.645737	 -0.708786	 0.294968	 4
1462170485.593	 0	 -0.639770	 -0.711853	 0.288193	 4
1462170485.603	 0	 -0.639771	 -0.711853	 0.288193	 4
1462170485.612	 0	 -0.638748	 -0.715698	 0.291138	 4
1462170485.622	 0	 -0.634949	 -0.712860	 0.296112	 4
1462170485.631	 0	 -0.634018	 -0.709045	 0.294174	 4
1462170485.641	 0	 -0.641754	 -0.711777	 0.294037	 4
1462170485.651	 0	 -0.643799	 -0.706924	 0.292068	 4
1462170485.660	 0	 -0.643799	 -0.706924	 0.292068	 4
1462170485.670	 0	 -0.641846	 -0.708847	 0.298965	 4
1462170485.680	 0	 -0.643951	 -0.703964	 0.303833	 4
1462170485.689	 0	 -0.645981	 -0.699127	 0.299881	 4
1462170485.699	 0	 -0.646072	 -0.698105	 0.310669	 4
1462170485.708	 0	 -0.646072	 -0.698105	 0.310669	 4
1462170485.718	 0	 -0.649857	 -0.700012	 0.299820	 4
1462170485.728	 0	 -0.647873	 -0.701950	 0.300842	 4
1462170485.737	 0	 -0.647781	 -0.705811	 0.300842	 4
1462170485.747	 0	 -0.644882	 -0.703979	 0.298920	 4
1462170485.757	 0	 -0.642975	 -0.702103	 0.296997	 4
1462170485.766	 0	 -0.642975	 -0.702103	 0.296997	 4
1462170485.776	 0	 -0.639130	 -0.699295	 0.296066	 4
1462170485.785	 0	 -0.632156	 -0.706192	 0.298111	 4
1462170485.795	 0	 -0.635178	 -0.703232	 0.300049	 4
1462170485.804	 0	 -0.632324	 -0.697540	 0.295166	 4
1462170485.814	 0	 -0.633163	 -0.702362	 0.290268	 4
1462170485.824	 0	 -0.633163	 -0.702362	 0.290268	 4
1462170485.833	 0	 -0.635101	 -0.705185	 0.294159	 4
1462170485.843	 0	 -0.637939	 -0.708008	 0.293137	 4
1462170485.853	 0	 -0.644730	 -0.707886	 0.290085	 4
1462170485.862	 0	 -0.649734	 -0.706741	 0.301773	 4
1462170485.872	 0	 -0.649734	 -0.706741	 0.301773	 4
1462170485.882	 0	 -0.655594	 -0.703766	 0.293854	 4
1462170485.891	 0	 -0.649750	 -0.703888	 0.296890	 4
1462170485.901	 0	 -0.643845	 -0.705933	 0.295990	 4
1462170485.910	 0	 -0.641846	 -0.706970	 0.292099	 4
1462170485.920	 0	 -0.644943	 -0.700134	 0.296967	 4
1462170485.929	 0	 -0.644943	 -0.700134	 0.296967	 4
1462170485.939	 0	 -0.648788	 -0.701996	 0.291000	 4
1462170485.949	 0	 -0.649811	 -0.700043	 0.293930	 4
1462170485.958	 0	 -0.651749	 -0.700958	 0.293915	 4
1462170485.968	 0	 -0.655762	 -0.696060	 0.292877	 4
1462170485.978	 0	 -0.648026	 -0.693344	 0.294937	 4
1462170485.987	 0	 -0.648026	 -0.693344	 0.294937	 4
1462170485.997	 0	 -0.649887	 -0.697159	 0.294907	 4
1462170486.007	 0	 -0.651840	 -0.695221	 0.289993	 4
1462170486.016	 0	 -0.651825	 -0.695236	 0.287048	 4
1462170486.026	 0	 -0.649902	 -0.695251	 0.290985	 4
1462170486.035	 0	 -0.646881	 -0.699173	 0.290054	 4
1462170486.045	 0	 -0.646881	 -0.699173	 0.290054	 4
1462170486.054	 0	 -0.652710	 -0.701889	 0.293900	 4
1462170486.064	 0	 -0.654694	 -0.699905	 0.296829	 4
1462170486.074	 0	 -0.660522	 -0.701706	 0.296738	 4
1462170486.083	 0	 -0.663452	 -0.700699	 0.292755	 4
1462170486.093	 0	 -0.663345	 -0.706467	 0.296692	 4
1462170486.102	 0	 -0.662399	 -0.705521	 0.297668	 4
1462170486.112	 0	 -0.667068	 -0.714066	 0.296631	 4
1462170486.122	 0	 -0.667068	 -0.714066	 0.296631	 4
1462170486.131	 0	 -0.672943	 -0.714890	 0.299469	 4
1462170486.141	 0	 -0.689453	 -0.719315	 0.303146	 4
1462170486.151	 0	 -0.700073	 -0.725769	 0.311798	 4
1462170486.160	 0	 -0.716553	 -0.735901	 0.326263	 4
1462170486.170	 0	 -0.752686	 -0.733154	 0.328705	 4
1462170486.179	 0	 -0.771347	 -0.726990	 0.327438	 4
1462170486.189	 0	 -0.771347	 -0.726990	 0.327438	 4
1462170486.199	 0	 -0.792007	 -0.715958	 0.321259	 4
1462170486.208	 0	 -0.796036	 -0.706329	 0.308456	 4
1462170486.218	 0	 -0.794983	 -0.703552	 0.290817	 4
1462170486.227	 0	 -0.790787	 -0.708618	 0.264374	 4
1462170486.237	 0	 -0.775925	 -0.712906	 0.243988	 4
1462170486.247	 0	 -0.757019	 -0.726868	 0.231491	 4
1462170486.256	 0	 -0.757019	 -0.726868	 0.231491	 4
1462170486.266	 0	 -0.743057	 -0.735931	 0.215973	 4
1462170486.275	 0	 -0.735168	 -0.739014	 0.214142	 4
1462170486.285	 0	 -0.739136	 -0.735092	 0.211136	 4
1462170486.295	 0	 -0.766541	 -0.730621	 0.212692	 4
1462170486.304	 0	 -0.778305	 -0.728424	 0.214493	 4
1462170486.314	 0	 -0.780350	 -0.726410	 0.219345	 4
1462170486.324	 0	 -0.780350	 -0.726410	 0.219345	 4
1462170486.333	 0	 -0.766754	 -0.717194	 0.200928	 4
1462170486.343	 0	 -0.753067	 -0.708084	 0.167801	 4
1462170486.352	 0	 -0.732361	 -0.708694	 0.137665	 4
1462170486.362	 0	 -0.709045	 -0.715561	 0.033997	 4
1462170486.372	 0	 -0.703033	 -0.709198	 -0.007111	 4
1462170486.381	 0	 -0.703033	 -0.709198	 -0.007111	 4
1462170486.391	 0	 -0.700912	 -0.701797	 -0.054169	 4
1462170486.400	 0	 -0.699966	 -0.686676	 -0.099258	 4
1462170486.410	 0	 -0.699768	 -0.681152	 -0.143417	 4
1462170486.420	 0	 -0.698669	 -0.668945	 -0.195389	 4
1462170486.429	 0	 -0.682709	 -0.666748	 -0.251099	 4
1462170486.439	 0	 -0.682709	 -0.666748	 -0.251099	 4
1462170486.448	 0	 -0.646332	 -0.668732	 -0.289825	 4
1462170486.458	 0	 -0.554230	 -0.661636	 -0.373825	 4
1462170486.468	 0	 -0.503403	 -0.651474	 -0.422119	 4
1462170486.477	 0	 -0.452515	 -0.642319	 -0.477295	 4
1462170486.487	 0	 -0.397095	 -0.619781	 -0.526489	 4
1462170486.497	 0	 -0.397095	 -0.619781	 -0.526489	 4
1462170486.506	 0	 -0.359192	 -0.597778	 -0.572998	 4
1462170486.516	 0	 -0.321365	 -0.571960	 -0.624405	 4
1462170486.526	 0	 -0.258331	 -0.530487	 -0.700958	 4
1462170486.535	 0	 -0.230377	 -0.516647	 -0.697586	 4
1462170486.545	 0	 -0.230377	 -0.516647	 -0.697586	 4
1462170486.555	 0	 -0.217102	 -0.495804	 -0.705215	 4
1462170486.564	 0	 -0.211975	 -0.484802	 -0.777741	 4
1462170486.573	 0	 -0.196335	 -0.475678	 -0.808899	 4
1462170486.583	 0	 -0.153641	 -0.462265	 -0.820999	 4
1462170486.593	 0	 -0.104889	 -0.458618	 -0.833038	 4
1462170486.602	 0	 -0.104889	 -0.458618	 -0.833038	 4
1462170486.612	 0	 -0.058105	 -0.434082	 -0.906906	 4
1462170486.621	 0	 0.052917	 -0.422226	 -0.926834	 4
1462170486.631	 0	 0.104279	 -0.401337	 -0.945663	 4
1462170486.641	 0	 0.141739	 -0.385666	 -0.913696	 4
1462170486.650	 0	 0.145035	 -0.357803	 -0.914597	 4
1462170486.660	 0	 0.145035	 -0.357803	 -0.914597	 4
1462170486.670	 0	 0.115341	 -0.337891	 -0.911087	 4
1462170486.679	 0	 0.071304	 -0.321625	 -0.935272	 4
1462170486.689	 0	 0.071747	 -0.339966	 -0.943146	 4
1462170486.698	 0	 0.139343	 -0.351181	 -0.955887	 4
1462170486.708	 0	 0.222595	 -0.357086	 -0.991959	 4
1462170486.718	 0	 0.222595	 -0.357086	 -0.991959	 4
1462170486.727	 0	 0.304214	 -0.346359	 -0.983856	 4
1462170486.737	 0	 0.349548	 -0.328049	 -0.971405	 4
1462170486.747	 0	 0.353882	 -0.300278	 -0.979141	 4
1462170486.756	 0	 0.326767	 -0.271606	 -0.954010	 4
1462170486.766	 0	 0.281815	 -0.269592	 -0.943878	 4
1462170486.775	 0	 0.281815	 -0.269592	 -0.943878	 4
1462170486.785	 0	 0.239288	 -0.292618	 -0.927856	 4
1462170486.795	 0	 0.249542	 -0.310257	 -0.945374	 4
1462170486.804	 0	 0.278931	 -0.315750	 -0.949860	 4
1462170486.814	 0	 0.318771	 -0.311783	 -0.941406	 4
1462170486.823	 0	 0.318771	 -0.311783	 -0.941406	 4
1462170486.833	 0	 0.342880	 -0.302658	 -0.934189	 4
1462170486.843	 0	 0.362289	 -0.295441	 -0.940750	 4
1462170486.852	 0	 0.385193	 -0.277573	 -0.925674	 4
1462170486.862	 0	 0.396896	 -0.278793	 -0.923538	 4
1462170486.872	 0	 0.403595	 -0.274109	 -0.920486	 4
1462170486.881	 0	 0.403595	 -0.274109	 -0.920486	 4
1462170486.891	 0	 0.400467	 -0.271973	 -0.896011	 4
1462170486.900	 0	 0.396500	 -0.266159	 -0.905853	 4
1462170486.910	 0	 0.398407	 -0.262390	 -0.910736	 4
1462170486.919	 0	 0.402130	 -0.256653	 -0.904800	 4
1462170486.929	 0	 0.418762	 -0.253265	 -0.921234	 4
1462170486.939	 0	 0.418762	 -0.253265	 -0.921234	 4
1462170486.948	 0	 0.429443	 -0.255371	 -0.911255	 4
1462170486.958	 0	 0.441010	 -0.248886	 -0.909088	 4
1462170486.968	 0	 0.452591	 -0.244324	 -0.908920	 4
1462170486.977	 0	 0.463394	 -0.242737	 -0.925446	 4
1462170486.987	 0	 0.463394	 -0.242737	 -0.925446	 4
1462170486.996	 0	 0.475967	 -0.237244	 -0.926239	 4
1462170487.006	 0	 0.475876	 -0.239059	 -0.907608	 4
1462170487.016	 0	 0.422836	 -0.223373	 -0.897568	 4
1462170487.025	 0	 0.396271	 -0.215057	 -0.890106	 4
1462170487.035	 0	 0.386444	 -0.212906	 -0.887299	 4
1462170487.044	 0	 0.386444	 -0.212906	 -0.887299	 4
1462170487.054	 0	 0.396393	 -0.217056	 -0.901886	 4
1462170487.064	 0	 0.419937	 -0.222397	 -0.905457	 4
1462170487.073	 0	 0.453339	 -0.231873	 -0.913803	 4
1462170487.083	 0	 0.481812	 -0.236404	 -0.926163	 4
1462170487.092	 0	 0.499222	 -0.232910	 -0.919022	 4
1462170487.102	 0	 0.499222	 -0.232910	 -0.919022	 4
