% Compass data recorded with 'snsrlog'
% 
% 
% Label description:
% 	 0: Default Label
% 	 1: still_drop
% 	 2: walk_drop
% 	 3: other
% 	 4: dtw_same
% 	 5: dtw_diff
% 	 6: delete
% 	 7: steal
% 
% Column description:
% 	 1: Seconds.milliseconds since 1970
% 	 2: Magnetic heading in degrees starting at due north and continuing clockwise (e.g. east = 90) - negative values indicate invalid values
% 		 NOTE: True heading only provides valid values when GPS is activated at same time!
% 	 3: True heading in degrees starting at due north and continuing clockwise (e.g. east = 90) - negative values indicate invalid values
% 	 4: Error likelihood - negative values indicate invalid values
% 	 5: Geomagnetic data for the x-axis measured in microteslas
% 	 6: Geomagnetic data for the y-axis measured in microteslas
% 	 7: Geomagnetic data for the z-axis measured in microteslas
% 	 8: Label used for the current sample
% 
% 
1463569476.618	 131.376846	 -1.000000	 25.000000	 -3.496795	 -27.950638	 -21.361115	 1
1463569476.639	 131.873123	 -1.000000	 25.000000	 -2.745184	 -27.662537	 -21.388977	 1
1463569476.660	 132.761292	 -1.000000	 25.000000	 -1.288220	 -27.247665	 -21.839874	 1
1463569476.681	 133.611710	 -1.000000	 25.000000	 0.585018	 -26.487068	 -22.374268	 1
1463569476.701	 134.143204	 -1.000000	 25.000000	 2.943912	 -26.003052	 -23.042297	 1
1463569476.721	 135.574341	 -1.000000	 25.000000	 5.684393	 -25.484459	 -23.476501	 1
1463569476.750	 136.332199	 -1.000000	 25.000000	 8.494250	 -25.173309	 -23.643524	 1
1463569476.761	 135.579544	 -1.000000	 25.000000	 10.783764	 -24.551010	 -23.710327	 1
1463569476.780	 135.941315	 -1.000000	 25.000000	 13.316107	 -23.617554	 -23.877350	 1
1463569476.809	 135.895325	 -1.000000	 25.000000	 15.744381	 -22.165512	 -23.743744	 1
1463569476.822	 138.021576	 -1.000000	 25.000000	 17.895138	 -20.367744	 -23.476532	 1
1463569476.841	 139.838562	 -1.000000	 25.000000	 20.427481	 -18.258820	 -23.175934	 1
1463569476.869	 140.994965	 -1.000000	 25.000000	 23.133274	 -16.184479	 -21.505890	 1
1463569476.882	 145.800949	 -1.000000	 25.000000	 26.081890	 -13.937279	 -19.201233	 1
1463569476.901	 150.529129	 -1.000000	 25.000000	 28.718302	 -11.862938	 -15.861206	 1
1463569476.928	 153.817017	 -1.000000	 25.000000	 31.320023	 -9.339142	 -12.754944	 1
1463569476.941	 161.287109	 -1.000000	 25.000000	 32.742294	 -6.677071	 -9.448303	 1
1463569476.962	 167.964630	 -1.000000	 25.000000	 33.782986	 -3.703842	 -7.110291	 1
1463569476.988	 168.975967	 -1.000000	 25.000000	 34.199261	 -0.799759	 -5.306671	 1
1463569477.002	 181.910629	 -1.000000	 25.000000	 34.095192	 2.069763	 -4.605255	 1
1463569477.023	 190.464081	 -1.000000	 25.000000	 34.060501	 4.455261	 -3.837036	 1
1463569477.048	 190.907516	 -1.000000	 25.000000	 33.852364	 6.667892	 -3.436218	 1
1463569477.063	 201.830688	 -1.000000	 25.000000	 33.436089	 8.258224	 -3.503021	 1
1463569477.083	 207.637695	 -1.000000	 25.000000	 33.123882	 9.399109	 -3.469604	 1
1463569477.107	 208.033722	 -1.000000	 25.000000	 33.332016	 10.021408	 -3.736816	 1
1463569477.124	 214.682755	 -1.000000	 25.000000	 33.089188	 10.263412	 -4.171021	 1
1463569477.144	 215.931580	 -1.000000	 25.000000	 33.366707	 10.055984	 -5.440247	 1
1463569477.167	 215.726776	 -1.000000	 25.000000	 33.262642	 9.053391	 -6.074829	 1
1463569477.185	 213.426956	 -1.000000	 25.000000	 33.297329	 8.465668	 -6.976624	 1
1463569477.207	 210.822617	 -1.000000	 25.000000	 33.158569	 7.635925	 -7.577850	 1
1463569477.227	 207.918427	 -1.000000	 25.000000	 33.262642	 6.979050	 -8.279236	 1
1463569477.247	 207.983994	 -1.000000	 25.000000	 33.332016	 6.287613	 -7.878448	 1
1463569477.267	 204.226959	 -1.000000	 25.000000	 33.644226	 6.045609	 -7.377441	 1
1463569477.286	 202.613892	 -1.000000	 25.000000	 33.991119	 5.354156	 -6.709412	 1
1463569477.306	 203.212753	 -1.000000	 25.000000	 34.442085	 4.835556	 -5.941223	 1
1463569477.327	 201.113647	 -1.000000	 25.000000	 34.615536	 4.316971	 -4.571808	 1
1463569477.346	 200.508728	 -1.000000	 25.000000	 34.719604	 3.798386	 -3.402771	 1
1463569477.366	 201.183670	 -1.000000	 25.000000	 34.823669	 3.556381	 -2.634583	 1
1463569477.387	 200.522217	 -1.000000	 25.000000	 34.893051	 2.934067	 -2.033386	 1
1463569477.407	 200.678711	 -1.000000	 25.000000	 34.580841	 3.037781	 -1.198364	 1
1463569477.426	 201.223145	 -1.000000	 25.000000	 34.719601	 2.968643	 -0.663940	 1
1463569477.447	 200.205582	 -1.000000	 25.000000	 34.407394	 3.625519	 -0.430145	 1
1463569477.467	 199.148071	 -1.000000	 25.000000	 34.164574	 4.697250	 -0.463562	 1
1463569477.487	 198.322235	 -1.000000	 25.000000	 33.887054	 6.633316	 -0.663940	 1
1463569477.509	 198.941101	 -1.000000	 25.000000	 33.366711	 8.949677	 -1.164948	 1
1463569477.536	 201.860901	 -1.000000	 25.000000	 32.291332	 11.680893	 -1.532349	 1
1463569477.568	 206.718964	 -1.000000	 25.000000	 31.424089	 14.688705	 -2.100159	 1
1463569477.568	 211.247131	 -1.000000	 25.000000	 30.175262	 17.247055	 -2.768188	 1
1463569477.588	 215.841660	 -1.000000	 25.000000	 28.128572	 19.978271	 -2.801575	 1
1463569477.608	 221.242538	 -1.000000	 25.000000	 26.220646	 21.948898	 -3.035370	 1
1463569477.628	 226.923981	 -1.000000	 25.000000	 24.104576	 24.265259	 -3.335968	 1
1463569477.648	 232.977234	 -1.000000	 25.000000	 21.502857	 26.305038	 -3.436157	 1
1463569477.669	 239.420013	 -1.000000	 25.000000	 19.143963	 28.517685	 -2.834930	 1
1463569477.689	 245.736938	 -1.000000	 25.000000	 16.715691	 30.315445	 -2.300537	 1
1463569477.709	 250.866852	 -1.000000	 25.000000	 14.359419	 32.592178	 -1.417114	 1
1463569477.729	 252.056793	 -1.000000	 25.000000	 12.486186	 33.491043	 -0.481903	 1
1463569477.750	 270.936188	 -1.000000	 25.000000	 12.000534	 34.044174	 0.787323	 1
1463569477.773	 280.525421	 -1.000000	 25.000000	 11.341433	 34.147873	 2.156738	 1
1463569477.794	 285.631927	 -1.000000	 25.000000	 11.514879	 34.182434	 2.858154	 1
1463569477.812	 287.374329	 -1.000000	 25.000000	 11.445500	 34.320740	 3.058533	 1
1463569477.833	 286.776123	 -1.000000	 25.000000	 11.861777	 34.320740	 3.258942	 1
1463569477.854	 284.798767	 -1.000000	 25.000000	 11.376125	 34.528168	 3.258942	 1
1463569477.871	 282.738464	 -1.000000	 25.000000	 11.341435	 34.355286	 2.757965	 1
1463569477.892	 282.578949	 -1.000000	 25.000000	 11.133301	 34.147858	 2.691162	 1
1463569477.913	 283.972076	 -1.000000	 25.000000	 10.925165	 34.009583	 3.025177	 1
1463569477.932	 285.196716	 -1.000000	 25.000000	 10.647648	 33.940430	 3.025177	 1
1463569477.953	 286.192383	 -1.000000	 25.000000	 10.890472	 33.629288	 3.192169	 1
1463569477.980	 286.601654	 -1.000000	 25.000000	 10.925162	 33.594711	 3.225586	 1
1463569477.992	 286.546967	 -1.000000	 25.000000	 10.994540	 33.733002	 3.225586	 1
1463569478.012	 286.434021	 -1.000000	 25.000000	 11.029230	 33.905869	 3.392578	 1
1463569478.033	 286.562164	 -1.000000	 25.000000	 11.098608	 33.975021	 3.659790	 1
1463569478.053	 286.681213	 -1.000000	 25.000000	 10.925162	 33.871292	 3.626404	 1
1463569478.073	 287.219940	 -1.000000	 25.000000	 10.786406	 34.078735	 3.826782	 1
1463569478.099	 287.686310	 -1.000000	 25.000000	 10.821095	 33.905884	 3.926971	 1
1463569478.113	 287.620758	 -1.000000	 25.000000	 10.682335	 33.629303	 3.659760	 1
1463569478.133	 287.610870	 -1.000000	 25.000000	 10.682335	 33.560165	 3.592957	 1
1463569478.158	 287.457886	 -1.000000	 25.000000	 10.647645	 33.733017	 3.425964	 1
1463569478.174	 287.017944	 -1.000000	 25.000000	 10.821092	 33.491013	 3.058533	 1
1463569478.203	 286.497498	 -1.000000	 25.000000	 10.612956	 33.421875	 2.724518	 1
1463569478.223	 286.221405	 -1.000000	 25.000000	 11.029230	 33.836746	 2.791351	 1
1463569478.247	 285.953094	 -1.000000	 25.000000	 10.717024	 33.733032	 2.557556	 1
1463569478.264	 288.040283	 -1.000000	 25.000000	 9.654361	 31.797119	 2.851776	 1
1463569478.284	 289.019257	 -1.000000	 25.000000	 9.584978	 31.935410	 3.319336	 1
1463569478.307	 289.203308	 -1.000000	 25.000000	 9.758433	 31.969971	 3.352753	 1
1463569478.324	 289.402924	 -1.000000	 25.000000	 9.619669	 31.969971	 3.219116	 1
1463569478.344	 289.581848	 -1.000000	 25.000000	 9.689052	 31.969971	 3.285919	 1
1463569478.366	 289.385803	 -1.000000	 25.000000	 10.070657	 32.142822	 3.118896	 1
1463569478.384	 288.939758	 -1.000000	 25.000000	 9.793125	 32.281113	 3.052124	 1
1463569478.407	 289.587708	 -1.000000	 25.000000	 9.827816	 32.177399	 3.619934	 1
1463569478.427	 289.984314	 -1.000000	 25.000000	 9.689052	 31.831680	 3.887115	 1
1463569478.446	 289.553802	 -1.000000	 25.000000	 9.758436	 31.762558	 3.553131	 1
1463569478.467	 288.701569	 -1.000000	 25.000000	 9.584981	 31.520569	 3.386108	 1
1463569478.488	 287.542145	 -1.000000	 25.000000	 10.035969	 31.485977	 3.018707	 1
1463569478.508	 286.539612	 -1.000000	 25.000000	 9.931895	 31.866257	 2.584534	 1
1463569478.527	 284.866455	 -1.000000	 25.000000	 10.070660	 31.727966	 2.250519	 1
1463569478.546	 285.502411	 -1.000000	 25.000000	 10.209424	 31.935394	 2.851746	 1
1463569478.566	 285.083069	 -1.000000	 25.000000	 10.140041	 32.073654	 2.584534	 1
1463569478.588	 285.276947	 -1.000000	 25.000000	 10.035969	 31.831650	 2.751526	 1
1463569478.607	 285.190613	 -1.000000	 25.000000	 9.827819	 31.555099	 2.551117	 1
1463569478.627	 285.550873	 -1.000000	 25.000000	 9.689054	 31.693390	 2.617920	 1
1463569478.649	 286.442474	 -1.000000	 25.000000	 9.689054	 31.693390	 2.951874	 1
1463569478.667	 287.064758	 -1.000000	 25.000000	 9.654361	 31.797104	 3.185669	 1
1463569478.688	 287.843567	 -1.000000	 25.000000	 9.376828	 32.073654	 3.586487	 1
1463569478.708	 288.570923	 -1.000000	 25.000000	 9.515596	 32.142792	 3.987274	 1
1463569478.728	 288.573303	 -1.000000	 25.000000	 9.689052	 31.969955	 4.020660	 1
1463569478.748	 287.037354	 -1.000000	 25.000000	 9.446211	 32.281097	 3.386108	 1
1463569478.768	 287.038269	 -1.000000	 25.000000	 9.550287	 32.177368	 3.419495	 1
1463569478.789	 286.617737	 -1.000000	 25.000000	 9.689054	 31.969940	 3.219116	 1
1463569478.809	 286.922455	 -1.000000	 25.000000	 9.793128	 32.073639	 3.386108	 1
1463569478.828	 286.019196	 -1.000000	 25.000000	 9.689054	 32.523071	 3.352692	 1
1463569478.849	 286.460754	 -1.000000	 25.000000	 9.219742	 31.590622	 3.590424	 1
1463569478.869	 285.671875	 -1.000000	 25.000000	 9.150359	 31.728897	 3.456879	 1
1463569478.889	 284.723938	 -1.000000	 25.000000	 9.185051	 32.178314	 3.289856	 1
1463569478.909	 284.110992	 -1.000000	 25.000000	 9.323815	 32.178314	 3.089478	 1
1463569478.930	 284.271057	 -1.000000	 25.000000	 9.601349	 32.040054	 3.022705	 1
1463569478.951	 285.110077	 -1.000000	 25.000000	 9.566658	 32.282043	 3.122864	 1
1463569478.974	 286.265076	 -1.000000	 25.000000	 9.601349	 32.178329	 3.223053	 1
1463569478.992	 287.306335	 -1.000000	 25.000000	 9.740114	 32.109192	 3.356659	 1
1463569479.012	 287.760834	 -1.000000	 25.000000	 9.601349	 32.040070	 3.423462	 1
1463569479.031	 287.651550	 -1.000000	 25.000000	 9.185047	 32.247482	 3.423462	 1
1463569479.062	 288.248322	 -1.000000	 25.000000	 9.289122	 32.282074	 3.724030	 1
1463569479.071	 288.574158	 -1.000000	 25.000000	 9.185044	 32.247498	 3.824219	 1
1463569479.094	 288.784149	 -1.000000	 25.000000	 8.942205	 32.074661	 3.857635	 1
1463569479.120	 288.705383	 -1.000000	 25.000000	 8.803440	 32.143784	 3.790833	 1
1463569479.132	 289.231750	 -1.000000	 25.000000	 8.734058	 32.005508	 3.991180	 1
1463569479.152	 289.335205	 -1.000000	 25.000000	 8.664676	 31.798080	 3.991180	 1
1463569479.182	 289.225983	 -1.000000	 25.000000	 8.491219	 31.763504	 3.957825	 1
1463569479.202	 288.349091	 -1.000000	 25.000000	 8.629984	 31.970932	 3.690613	 1
1463569479.221	 288.870789	 -1.000000	 25.000000	 8.838132	 31.901779	 3.957825	 1
1463569479.242	 289.164948	 -1.000000	 25.000000	 8.872823	 31.798080	 4.057983	 1
1463569479.268	 288.660889	 -1.000000	 25.000000	 9.011588	 32.143784	 3.857605	 1
1463569479.281	 288.998260	 -1.000000	 25.000000	 9.185044	 32.109222	 4.024597	 1
1463569479.302	 289.482239	 -1.000000	 25.000000	 9.011588	 32.005508	 4.191589	 1
1463569479.328	 289.528381	 -1.000000	 25.000000	 8.942205	 32.074661	 4.191589	 1
1463569479.344	 289.467682	 -1.000000	 25.000000	 9.046283	 31.970932	 3.824188	 1
1463569479.363	 289.437958	 -1.000000	 25.000000	 9.115664	 31.901794	 3.957825	 1
1463569479.388	 289.417419	 -1.000000	 25.000000	 9.393198	 31.625244	 3.957825	 1
1463569479.403	 289.521027	 -1.000000	 25.000000	 9.162187	 31.091034	 4.576904	 1
1463569479.423	 289.583405	 -1.000000	 25.000000	 8.919344	 30.710754	 4.343079	 1
1463569479.447	 289.626038	 -1.000000	 25.000000	 8.919344	 30.987305	 4.276276	 1
1463569479.463	 289.625916	 -1.000000	 25.000000	 9.023421	 30.676163	 4.042480	 1
1463569479.484	 289.608032	 -1.000000	 25.000000	 8.988729	 31.056442	 3.942291	 1
1463569479.508	 289.565216	 -1.000000	 25.000000	 9.266263	 31.056442	 3.741943	 1
1463569479.524	 289.505096	 -1.000000	 25.000000	 9.405031	 31.125595	 3.541534	 1
1463569479.544	 289.457489	 -1.000000	 25.000000	 9.370340	 30.814453	 3.574921	 1
1463569479.566	 289.406494	 -1.000000	 25.000000	 9.162189	 31.160156	 3.574921	 1
1463569479.586	 289.329010	 -1.000000	 25.000000	 8.884656	 31.091003	 3.374542	 1
1463569479.607	 289.227478	 -1.000000	 25.000000	 8.711200	 31.056442	 3.140747	 1
1463569479.626	 289.094482	 -1.000000	 25.000000	 8.711200	 31.471283	 2.873566	 1
1463569479.647	 288.960052	 -1.000000	 25.000000	 8.745891	 31.436707	 2.773376	 1
1463569479.670	 288.833405	 -1.000000	 25.000000	 9.370340	 31.436707	 2.706573	 1
1463569479.686	 288.708801	 -1.000000	 25.000000	 9.543799	 31.332993	 2.606384	 1
1463569479.706	 288.625214	 -1.000000	 25.000000	 9.682565	 31.332993	 2.873596	 1
1463569479.727	 288.577515	 -1.000000	 25.000000	 9.509105	 31.160156	 3.174164	 1
1463569479.746	 288.512054	 -1.000000	 25.000000	 9.786635	 31.298431	 2.973785	 1
1463569479.766	 287.179199	 -1.000000	 25.000000	 9.439719	 31.298431	 2.973785	 1
1463569479.788	 286.888367	 -1.000000	 25.000000	 9.647867	 31.505875	 3.040558	 1
1463569479.809	 286.405090	 -1.000000	 25.000000	 9.856015	 31.782440	 2.907013	 1
1463569479.827	 286.113159	 -1.000000	 25.000000	 10.202930	 31.436737	 2.773407	 1
1463569479.847	 287.560272	 -1.000000	 25.000000	 9.994783	 31.367584	 3.374603	 1
1463569479.867	 287.505798	 -1.000000	 25.000000	 10.133548	 31.367584	 3.240997	 1
1463569479.887	 287.007416	 -1.000000	 25.000000	 9.786633	 30.952759	 2.973816	 1
1463569479.907	 287.021332	 -1.000000	 25.000000	 9.578485	 30.745331	 3.174225	 1
1463569479.928	 287.032288	 -1.000000	 25.000000	 9.439719	 31.091049	 3.174225	 1
1463569479.949	 287.007111	 -1.000000	 25.000000	 9.474411	 31.333038	 2.606415	 1
1463569479.968	 287.002075	 -1.000000	 25.000000	 9.578487	 30.952759	 2.907043	 1
1463569479.988	 287.009308	 -1.000000	 25.000000	 9.994786	 31.367599	 3.174225	 1
1463569480.008	 287.008575	 -1.000000	 25.000000	 10.168242	 31.194748	 3.007233	 1
1463569480.028	 287.007080	 -1.000000	 25.000000	 10.168242	 31.056458	 3.007233	 1
1463569480.049	 287.011902	 -1.000000	 25.000000	 10.029477	 31.056458	 3.140808	 1
1463569480.069	 287.000458	 -1.000000	 25.000000	 9.578485	 31.229324	 2.840240	 1
1463569480.089	 286.997986	 -1.000000	 25.000000	 9.543794	 31.194748	 3.007202	 1
1463569480.112	 286.989868	 -1.000000	 25.000000	 9.509102	 31.298462	 2.907013	 1
1463569480.129	 286.992615	 -1.000000	 25.000000	 9.717250	 31.160187	 3.107391	 1
1463569480.149	 287.012085	 -1.000000	 25.000000	 9.821323	 30.779907	 3.407959	 1
1463569480.172	 287.030914	 -1.000000	 25.000000	 10.237622	 30.710754	 3.407959	 1
1463569480.203	 287.040924	 -1.000000	 25.000000	 10.341699	 30.745331	 3.240997	 1
1463569480.212	 287.057037	 -1.000000	 25.000000	 10.237625	 30.849060	 3.407990	 1
1463569480.231	 287.058380	 -1.000000	 25.000000	 10.237625	 31.125610	 3.140808	 1
1463569480.260	 287.050781	 -1.000000	 25.000000	 10.237625	 31.678741	 3.007233	 1
1463569480.274	 287.040405	 -1.000000	 25.000000	 10.272320	 31.851593	 2.973816	 1
1463569480.292	 287.021637	 -1.000000	 25.000000	 9.786635	 31.782471	 2.773468	 1
1463569480.312	 286.995972	 -1.000000	 25.000000	 9.786635	 31.575027	 2.573059	 1
1463569480.333	 286.968872	 -1.000000	 25.000000	 9.786635	 31.505890	 2.506317	 1
1463569480.352	 286.940033	 -1.000000	 25.000000	 9.751944	 31.056458	 2.406097	 1
1463569480.372	 286.913177	 -1.000000	 25.000000	 9.474411	 31.125595	 2.472900	 1
1463569480.393	 286.894165	 -1.000000	 25.000000	 9.405028	 31.125610	 2.673279	 1
1463569480.414	 286.877319	 -1.000000	 25.000000	 9.335646	 31.263885	 2.740051	 1
1463569480.436	 286.867828	 -1.000000	 25.000000	 9.300955	 31.436752	 2.973846	 1
1463569480.454	 286.856903	 -1.000000	 25.000000	 9.439719	 31.229340	 2.907043	 1
1463569480.474	 286.851410	 -1.000000	 25.000000	 9.370337	 31.021896	 3.040649	 1
1463569480.494	 286.845001	 -1.000000	 25.000000	 9.682562	 30.987320	 3.007233	 1
1463569480.514	 286.848846	 -1.000000	 25.000000	 9.994786	 30.952759	 3.307831	 1
1463569480.534	 286.846222	 -1.000000	 25.000000	 9.717253	 30.745331	 3.107422	 1
1463569480.558	 286.839355	 -1.000000	 25.000000	 9.509105	 31.160187	 3.040619	 1
1463569480.576	 286.833405	 -1.000000	 25.000000	 9.751944	 31.194748	 3.074005	 1
1463569480.595	 286.826843	 -1.000000	 25.000000	 9.717253	 30.952759	 3.040619	 1
1463569480.617	 286.816803	 -1.000000	 25.000000	 9.300955	 31.091049	 2.973816	 1
1463569480.635	 286.809418	 -1.000000	 25.000000	 9.370340	 30.883621	 3.040619	 1
1463569480.660	 286.810791	 -1.000000	 25.000000	 9.405031	 30.641632	 3.274445	 1
1463569480.678	 286.805298	 -1.000000	 25.000000	 9.474414	 30.503357	 3.074005	 1
1463569480.707	 286.802521	 -1.000000	 25.000000	 9.509105	 30.745346	 3.174225	 1
1463569480.719	 286.792542	 -1.000000	 25.000000	 9.786635	 30.883636	 2.973816	 1
1463569480.739	 286.772552	 -1.000000	 25.000000	 9.925401	 31.229355	 2.706665	 1
1463569480.758	 286.758514	 -1.000000	 25.000000	 10.098857	 31.263916	 2.873657	 1
1463569480.778	 286.754791	 -1.000000	 25.000000	 9.890709	 31.540497	 3.207642	 1
1463569480.796	 286.753906	 -1.000000	 25.000000	 9.751944	 31.402206	 3.274445	 1
1463569480.816	 286.748566	 -1.000000	 25.000000	 9.717253	 31.091080	 3.107422	 1
1463569480.837	 286.751556	 -1.000000	 25.000000	 9.682562	 31.125656	 3.341217	 1
1463569480.858	 286.758728	 -1.000000	 25.000000	 9.543797	 31.263931	 3.474762	 1
1463569480.878	 286.754730	 -1.000000	 25.000000	 9.474414	 31.125656	 3.140778	 1
1463569480.901	 286.743286	 -1.000000	 25.000000	 9.613179	 31.263916	 2.940399	 1
1463569480.917	 286.735046	 -1.000000	 25.000000	 9.751947	 31.540497	 3.073975	 1
1463569480.938	 286.738037	 -1.000000	 25.000000	 9.717256	 31.298477	 3.374573	 1
1463569480.960	 286.726807	 -1.000000	 25.000000	 9.613179	 30.918213	 2.940399	 1
1463569480.978	 286.719543	 -1.000000	 25.000000	 9.578487	 30.814499	 3.040558	 1
1463569480.998	 286.716705	 -1.000000	 25.000000	 9.578487	 30.814499	 3.174194	 1
1463569481.018	 286.728790	 -1.000000	 25.000000	 9.370337	 30.468781	 3.574951	 1
1463569481.040	 286.731842	 -1.000000	 25.000000	 9.474411	 30.641663	 3.341217	 1
1463569481.058	 286.737244	 -1.000000	 25.000000	 9.647870	 30.952789	 3.441376	 1
1463569481.079	 286.752289	 -1.000000	 25.000000	 9.613179	 31.125641	 3.741974	 1
1463569481.099	 286.770569	 -1.000000	 25.000000	 9.613179	 30.849075	 3.808777	 1
1463569481.120	 286.779816	 -1.000000	 25.000000	 9.717253	 31.021927	 3.574982	 1
1463569481.140	 286.802185	 -1.000000	 25.000000	 9.890712	 30.849060	 3.942352	 1
1463569481.159	 286.816406	 -1.000000	 25.000000	 9.856021	 30.814499	 3.708618	 1
1463569481.180	 286.828766	 -1.000000	 25.000000	 9.925404	 30.676208	 3.641815	 1
1463569481.203	 286.827820	 -1.000000	 25.000000	 9.751947	 30.849060	 3.274445	 1
1463569481.227	 286.829468	 -1.000000	 25.000000	 9.682565	 30.849060	 3.341217	 1
1463569481.244	 286.821625	 -1.000000	 25.000000	 9.335649	 30.849060	 3.074036	 1
1463569481.264	 286.825653	 -1.000000	 25.000000	 9.543797	 30.849060	 3.408020	 1
1463569481.284	 286.820557	 -1.000000	 25.000000	 9.751944	 30.779922	 3.140869	 1
1463569481.304	 286.827759	 -1.000000	 25.000000	 9.856018	 30.814499	 3.508240	 1
1463569481.322	 286.829803	 -1.000000	 25.000000	 9.821326	 30.641632	 3.341278	 1
1463569481.342	 286.831299	 -1.000000	 25.000000	 9.890709	 30.710770	 3.341278	 1
1463569481.369	 286.835968	 -1.000000	 25.000000	 9.994786	 30.745346	 3.441437	 1
1463569481.381	 286.850403	 -1.000000	 25.000000	 9.890712	 30.779907	 3.742035	 1
1463569481.402	 286.862122	 -1.000000	 25.000000	 10.029477	 30.779907	 3.675232	 1
1463569481.423	 286.871735	 -1.000000	 25.000000	 9.960094	 30.710754	 3.608398	 1
1463569481.443	 286.883667	 -1.000000	 25.000000	 9.925404	 30.814468	 3.708618	 1
1463569481.463	 286.897369	 -1.000000	 25.000000	 9.647870	 30.883606	 3.775391	 1
1463569481.484	 286.912689	 -1.000000	 25.000000	 9.509105	 31.021896	 3.842163	 1
1463569481.504	 286.930573	 -1.000000	 25.000000	 9.162189	 31.021896	 3.908966	 1
1463569481.523	 286.962708	 -1.000000	 25.000000	 9.058116	 31.263885	 4.343170	 1
1463569481.543	 286.991394	 -1.000000	 25.000000	 9.023424	 31.160172	 4.242981	 1
1463569481.564	 287.017212	 -1.000000	 25.000000	 8.919351	 30.987305	 4.142792	 1
1463569481.584	 287.033234	 -1.000000	 25.000000	 9.162189	 30.745316	 3.842163	 1
1463569481.609	 287.040863	 -1.000000	 25.000000	 9.335649	 30.710754	 3.608398	 1
1463569481.624	 287.038300	 -1.000000	 25.000000	 9.509105	 30.745331	 3.307831	 1
1463569481.644	 287.040344	 -1.000000	 25.000000	 9.613179	 31.056473	 3.474792	 1
1463569481.668	 287.044128	 -1.000000	 25.000000	 9.751944	 31.194763	 3.541595	 1
1463569481.685	 287.042816	 -1.000000	 25.000000	 9.578487	 31.021896	 3.374603	 1
1463569481.705	 287.056763	 -1.000000	 25.000000	 9.613179	 30.987335	 3.808807	 1
1463569481.725	 287.070770	 -1.000000	 25.000000	 9.647870	 30.607071	 3.775391	 1
1463569481.745	 287.079224	 -1.000000	 25.000000	 9.751944	 30.503357	 3.608398	 1
1463569481.770	 287.084198	 -1.000000	 25.000000	 9.925401	 30.607071	 3.508209	 1
1463569481.787	 287.086243	 -1.000000	 25.000000	 9.960092	 31.056503	 3.474823	 1
1463569481.807	 287.083008	 -1.000000	 25.000000	 9.647867	 30.952805	 3.307831	 1
1463569481.830	 287.089325	 -1.000000	 25.000000	 9.543794	 31.194794	 3.608398	 1
1463569481.848	 287.103790	 -1.000000	 25.000000	 9.578485	 31.160217	 3.842163	 1
1463569481.877	 287.113312	 -1.000000	 25.000000	 9.717253	 31.160217	 3.708618	 1
1463569481.889	 287.130402	 -1.000000	 25.000000	 9.439719	 31.021942	 3.908966	 1
1463569481.907	 287.137207	 -1.000000	 25.000000	 9.925401	 31.229370	 3.641785	 1
1463569481.927	 287.142639	 -1.000000	 25.000000	 10.098857	 31.263931	 3.608398	 1
1463569481.947	 287.143982	 -1.000000	 25.000000	 9.960092	 31.194809	 3.474823	 1
1463569481.969	 287.155182	 -1.000000	 25.000000	 9.821323	 31.056503	 3.742035	 1
1463569481.987	 287.167419	 -1.000000	 25.000000	 10.064165	 31.021927	 3.775421	 1
1463569482.008	 287.181183	 -1.000000	 25.000000	 9.786635	 31.160217	 3.842224	 1
1463569482.027	 287.187225	 -1.000000	 25.000000	 9.543797	 30.987350	 3.608429	 1
1463569482.048	 287.188354	 -1.000000	 25.000000	 9.405031	 30.987350	 3.474823	 1
1463569482.068	 287.178436	 -1.000000	 25.000000	 9.092810	 31.021927	 3.174255	 1
1463569482.088	 287.164886	 -1.000000	 25.000000	 9.058119	 31.125656	 3.074066	 1
1463569482.108	 287.160278	 -1.000000	 25.000000	 9.231575	 31.021927	 3.307892	 1
1463569482.131	 287.153198	 -1.000000	 25.000000	 9.300958	 31.229355	 3.241089	 1
1463569482.149	 287.148834	 -1.000000	 25.000000	 9.509105	 31.160217	 3.307892	 1
1463569482.169	 287.150330	 -1.000000	 25.000000	 9.821326	 31.125656	 3.474854	 1
1463569482.189	 287.159760	 -1.000000	 25.000000	 10.168242	 31.333069	 3.742035	 1
1463569482.209	 287.169067	 -1.000000	 25.000000	 10.168242	 31.333069	 3.742035	 1
1463569482.239	 287.179016	 -1.000000	 25.000000	 10.202933	 31.436798	 3.775421	 1
1463569482.259	 287.196289	 -1.000000	 25.000000	 9.994786	 31.298492	 3.975800	 1
1463569482.279	 287.215668	 -1.000000	 25.000000	 9.543797	 31.194809	 4.009186	 1
1463569482.299	 287.239929	 -1.000000	 25.000000	 9.509105	 30.814514	 4.109406	 1
1463569482.319	 287.254486	 -1.000000	 25.000000	 9.578487	 30.883667	 3.842224	 1
1463569482.341	 287.264343	 -1.000000	 25.000000	 9.647870	 30.814514	 3.708649	 1
1463569482.360	 287.280914	 -1.000000	 25.000000	 9.960092	 31.056519	 3.942444	 1
1463569482.380	 287.302002	 -1.000000	 25.000000	 10.133551	 31.229401	 4.109467	 1
1463569482.399	 287.318665	 -1.000000	 25.000000	 10.029474	 31.471405	 4.009247	 1
1463569482.420	 287.335052	 -1.000000	 25.000000	 10.098857	 31.471405	 4.009216	 1
1463569482.444	 287.359253	 -1.000000	 25.000000	 10.064165	 31.298523	 4.242981	 1
1463569482.462	 287.375427	 -1.000000	 25.000000	 9.925401	 31.575089	 4.042603	 1
1463569482.482	 287.383331	 -1.000000	 25.000000	 10.064165	 31.298523	 3.775421	 1
1463569482.511	 287.384705	 -1.000000	 25.000000	 10.133548	 31.229385	 3.575012	 1
1463569482.522	 287.394012	 -1.000000	 25.000000	 10.029474	 31.125656	 3.808838	 1
1463569482.542	 287.396240	 -1.000000	 25.000000	 9.890709	 31.194809	 3.608398	 1
1463569482.573	 287.386658	 -1.000000	 25.000000	 9.786635	 30.952820	 3.240997	 1
1463569482.582	 287.380951	 -1.000000	 25.000000	 9.370337	 31.160248	 3.374603	 1
1463569482.602	 287.381531	 -1.000000	 25.000000	 9.196880	 31.056519	 3.541595	 1
1463569482.630	 287.394745	 -1.000000	 25.000000	 9.196880	 30.918259	 3.875580	 1
1463569482.643	 287.412384	 -1.000000	 25.000000	 9.162189	 30.745392	 3.975800	 1
1463569482.662	 287.444031	 -1.000000	 25.000000	 9.335646	 30.503403	 4.343170	 1
1463569482.690	 287.472717	 -1.000000	 25.000000	 9.786635	 30.676254	 4.309753	 1
1463569482.704	 287.500458	 -1.000000	 25.000000	 9.543794	 30.572540	 4.276367	 1
1463569482.723	 287.505005	 -1.000000	 25.000000	 9.509102	 30.745392	 3.641815	 1
1463569482.749	 287.508087	 -1.000000	 25.000000	 9.786633	 31.091110	 3.641815	 1
1463569482.763	 287.502655	 -1.000000	 25.000000	 9.751941	 31.125671	 3.407990	 1
1463569482.783	 287.504028	 -1.000000	 25.000000	 9.786633	 30.883682	 3.575012	 1
1463569482.809	 287.505615	 -1.000000	 25.000000	 9.960092	 31.125671	 3.608398	 1
1463569482.824	 287.515442	 -1.000000	 25.000000	 9.994783	 31.091110	 3.842194	 1
1463569482.844	 287.531677	 -1.000000	 25.000000	 9.960092	 30.849121	 4.009186	 1
1463569482.868	 287.547974	 -1.000000	 25.000000	 10.029474	 30.779968	 4.009186	 1
1463569482.884	 287.561829	 -1.000000	 25.000000	 9.682558	 30.849121	 3.942383	 1
1463569482.904	 287.576538	 -1.000000	 25.000000	 9.821323	 30.641693	 3.942383	 1
1463569482.928	 287.597900	 -1.000000	 25.000000	 9.543791	 30.710831	 4.142792	 1
1463569482.945	 287.618774	 -1.000000	 25.000000	 9.751941	 30.779984	 4.142792	 1
1463569482.968	 287.655914	 -1.000000	 25.000000	 9.578485	 31.021973	 4.643738	 1
1463569482.987	 287.692383	 -1.000000	 25.000000	 9.890709	 31.194839	 4.677124	 1
1463569483.005	 287.728882	 -1.000000	 25.000000	 10.029477	 31.263977	 4.677124	 1
1463569483.029	 287.761139	 -1.000000	 25.000000	 10.307011	 31.194839	 4.543549	 1
1463569483.048	 287.795959	 -1.000000	 25.000000	 10.029477	 31.125687	 4.610352	 1
1463569483.077	 289.403595	 -1.000000	 25.000000	 10.411084	 30.883682	 4.242950	 1
1463569483.090	 289.503174	 -1.000000	 25.000000	 10.515158	 30.710815	 3.942352	 1
1463569483.107	 290.029358	 -1.000000	 25.000000	 10.411081	 30.814529	 4.042572	 1
1463569483.129	 290.655396	 -1.000000	 25.000000	 10.688615	 30.399673	 4.242920	 1
1463569483.148	 289.493286	 -1.000000	 25.000000	 11.625288	 30.226837	 4.142731	 1
1463569483.166	 288.165680	 -1.000000	 25.000000	 11.798744	 29.915695	 4.309723	 1
1463569483.187	 289.043243	 -1.000000	 25.000000	 12.561962	 29.362564	 4.777313	 1
1463569483.208	 286.540649	 -1.000000	 25.000000	 13.463943	 28.740295	 4.910919	 1
1463569483.237	 285.018707	 -1.000000	 25.000000	 14.192467	 28.705734	 5.077911	 1
1463569483.256	 284.865143	 -1.000000	 25.000000	 14.400615	 28.567444	 5.545441	 1
1463569483.287	 283.533783	 -1.000000	 25.000000	 14.886299	 28.498306	 5.411865	 1
1463569483.298	 282.607941	 -1.000000	 25.000000	 14.886299	 28.221756	 5.345062	 1
1463569483.317	 281.766296	 -1.000000	 25.000000	 14.816916	 28.014328	 5.211426	 1
1463569483.339	 281.552856	 -1.000000	 25.000000	 14.955681	 27.737762	 4.944244	 1
1463569483.357	 280.494385	 -1.000000	 25.000000	 14.782225	 27.703186	 4.376495	 1
1463569483.378	 279.117432	 -1.000000	 25.000000	 14.990372	 27.564911	 3.975708	 1
1463569483.398	 277.340271	 -1.000000	 25.000000	 15.267902	 27.772324	 3.441315	 1
1463569483.417	 276.252380	 -1.000000	 25.000000	 15.510741	 28.014328	 3.073975	 1
1463569483.439	 275.471558	 -1.000000	 25.000000	 15.857656	 28.083450	 2.740021	 1
1463569483.458	 274.153961	 -1.000000	 25.000000	 16.308647	 27.703186	 2.239014	 1
1463569483.478	 273.026764	 -1.000000	 25.000000	 16.551489	 27.322906	 2.205627	 1
1463569483.502	 272.089355	 -1.000000	 25.000000	 16.794331	 27.219193	 2.239014	 1
1463569483.519	 271.606506	 -1.000000	 25.000000	 16.933098	 27.219193	 2.439423	 1
1463569483.539	 270.746918	 -1.000000	 25.000000	 16.724951	 26.942627	 2.305817	 1
1463569483.560	 271.132690	 -1.000000	 25.000000	 16.690260	 27.184616	 2.606384	 1
1463569483.579	 271.564819	 -1.000000	 25.000000	 16.655569	 27.080902	 2.706573	 1
1463569483.605	 271.443115	 -1.000000	 25.000000	 16.690260	 27.253738	 2.673157	 1
1463569483.621	 270.305908	 -1.000000	 25.000000	 17.106560	 27.046326	 2.272400	 1
1463569483.642	 269.577515	 -1.000000	 25.000000	 17.349396	 27.150040	 2.238983	 1
1463569483.659	 267.790710	 -1.000000	 25.000000	 17.626926	 26.735184	 2.105408	 1
1463569483.682	 266.440369	 -1.000000	 25.000000	 17.904457	 26.666046	 1.571045	 1
1463569483.703	 265.074493	 -1.000000	 25.000000	 18.181992	 26.182068	 1.237061	 1
1463569483.721	 262.845459	 -1.000000	 25.000000	 18.424829	 25.801773	 0.936462	 1
1463569483.743	 262.475067	 -1.000000	 25.000000	 19.049278	 25.456070	 0.802856	 1
1463569483.771	 260.327179	 -1.000000	 25.000000	 19.569653	 25.214081	 0.168274	 1
1463569483.782	 258.223419	 -1.000000	 25.000000	 20.194103	 25.144943	 0.301880	 1
1463569483.804	 258.111633	 -1.000000	 25.000000	 21.061390	 24.349823	 0.201660	 1
1463569483.830	 256.659210	 -1.000000	 25.000000	 21.893990	 23.589264	 -0.065521	 1
1463569483.843	 252.166733	 -1.000000	 25.000000	 22.691896	 22.794144	 -0.566528	 1
1463569483.862	 249.759552	 -1.000000	 25.000000	 23.697952	 21.929871	 -0.533142	 1
1463569483.890	 249.060226	 -1.000000	 25.000000	 24.599934	 20.892746	 -0.933929	 1
1463569483.902	 244.595230	 -1.000000	 25.000000	 25.467222	 20.166763	 -1.100922	 1
1463569483.929	 244.522675	 -1.000000	 25.000000	 26.403893	 19.164200	 -1.000702	 1
1463569483.944	 242.484406	 -1.000000	 25.000000	 27.271181	 18.369080	 -1.100922	 1
1463569483.965	 238.573029	 -1.000000	 25.000000	 27.999702	 17.228256	 -1.067535	 1
1463569483.983	 235.644882	 -1.000000	 25.000000	 29.005756	 16.294861	 -1.434875	 1
1463569484.002	 234.817642	 -1.000000	 25.000000	 29.734280	 15.084885	 -1.935883	 1
1463569484.023	 232.309601	 -1.000000	 25.000000	 30.740335	 13.944061	 -2.370056	 1
1463569484.043	 228.352631	 -1.000000	 25.000000	 31.121943	 12.457520	 -2.470276	 1
1463569484.068	 228.288712	 -1.000000	 25.000000	 31.538240	 11.212982	 -2.871002	 1
1463569484.083	 224.064453	 -1.000000	 25.000000	 31.815773	 9.761002	 -3.004608	 1
1463569484.105	 221.594177	 -1.000000	 25.000000	 32.093307	 8.516479	 -3.204987	 1
1463569484.128	 221.278198	 -1.000000	 25.000000	 31.572931	 7.099075	 -3.305176	 1
1463569484.144	 217.886353	 -1.000000	 25.000000	 32.023926	 5.958237	 -3.472137	 1
1463569484.164	 215.824066	 -1.000000	 25.000000	 32.370842	 4.990265	 -3.271759	 1
1463569484.187	 216.562088	 -1.000000	 25.000000	 32.578995	 4.022278	 -2.737366	 1
1463569484.205	 211.125931	 -1.000000	 25.000000	 32.578995	 3.330872	 -2.670563	 1
1463569484.225	 207.566559	 -1.000000	 25.000000	 33.029984	 3.158020	 -2.837585	 1
1463569484.248	 205.899689	 -1.000000	 25.000000	 32.578995	 2.570328	 -3.672516	 1
1463569484.268	 201.489441	 -1.000000	 25.000000	 32.093307	 2.708588	 -5.142029	 1
1463569484.291	 196.577209	 -1.000000	 25.000000	 31.677010	 2.916016	 -7.413086	 1
1463569484.307	 193.005798	 -1.000000	 25.000000	 31.468861	 2.985153	 -9.483765	 1
1463569484.327	 189.727356	 -1.000000	 25.000000	 30.809721	 2.950577	 -11.921814	 1
1463569484.348	 185.680801	 -1.000000	 25.000000	 30.428116	 3.192581	 -13.959106	 1
1463569484.367	 181.827545	 -1.000000	 25.000000	 30.358732	 2.362885	 -16.096588	 1
1463569484.388	 178.815186	 -1.000000	 25.000000	 29.977121	 1.291183	 -17.332306	 1
1463569484.409	 176.683273	 -1.000000	 25.000000	 29.532444	 0.159042	 -17.573883	 1
1463569484.431	 173.252762	 -1.000000	 25.000000	 29.046772	 -1.085526	 -18.509003	 1
1463569484.448	 173.224884	 -1.000000	 25.000000	 28.595795	 -3.332687	 -19.143524	 1
1463569484.469	 167.400955	 -1.000000	 25.000000	 26.965336	 -5.164963	 -19.778076	 1
1463569484.489	 164.472275	 -1.000000	 25.000000	 25.617920	 -7.400681	 -20.180298	 1
1463569484.509	 159.472321	 -1.000000	 25.000000	 23.363033	 -9.509567	 -21.482727	 1
1463569484.529	 154.210953	 -1.000000	 25.000000	 21.004074	 -11.653015	 -22.885376	 1
1463569484.549	 148.752777	 -1.000000	 25.000000	 18.020687	 -13.174179	 -24.688782	 1
1463569484.570	 144.438614	 -1.000000	 25.000000	 15.106681	 -15.248474	 -26.225006	 1
1463569484.589	 140.466293	 -1.000000	 25.000000	 11.394793	 -16.596779	 -27.393890	 1
1463569484.611	 137.502350	 -1.000000	 25.000000	 8.237951	 -18.152512	 -28.161987	 1
1463569484.630	 134.999176	 -1.000000	 25.000000	 4.387301	 -19.569962	 -28.128601	 1
1463569484.650	 132.828613	 -1.000000	 25.000000	 0.848867	 -20.814529	 -27.594269	 1
1463569484.670	 131.197525	 -1.000000	 25.000000	 -1.787614	 -22.059113	 -26.458832	 1
1463569484.690	 130.130966	 -1.000000	 25.000000	 -3.938425	 -23.649414	 -25.390137	 1
1463569484.710	 129.331726	 -1.000000	 25.000000	 -5.846405	 -24.582848	 -24.087677	 1
1463569484.733	 129.253845	 -1.000000	 25.000000	 -6.887122	 -25.689148	 -22.952179	 1
1463569484.755	 129.537003	 -1.000000	 25.000000	 -7.858459	 -26.726295	 -21.683136	 1
1463569484.773	 129.438385	 -1.000000	 25.000000	 -8.899175	 -27.210297	 -20.748016	 1
1463569484.793	 129.281860	 -1.000000	 25.000000	 -9.627677	 -27.590584	 -19.712769	 1
1463569484.814	 129.644760	 -1.000000	 25.000000	 -9.974584	 -28.420311	 -18.710876	 1
1463569484.832	 130.027100	 -1.000000	 25.000000	 -10.494939	 -28.731445	 -17.809143	 1
1463569484.852	 130.471527	 -1.000000	 25.000000	 -10.564321	 -28.938881	 -17.074432	 1
1463569484.874	 131.787018	 -1.000000	 25.000000	 -10.703082	 -29.284584	 -16.339722	 1
1463569484.892	 133.133881	 -1.000000	 25.000000	 -11.049987	 -29.699448	 -15.404633	 1
1463569484.912	 132.495575	 -1.000000	 25.000000	 -10.565160	 -29.364708	 -15.257843	 1
1463569484.933	 133.132523	 -1.000000	 25.000000	 -10.842677	 -29.779572	 -14.456360	 1
1463569484.952	 133.701202	 -1.000000	 25.000000	 -11.050813	 -30.125290	 -13.721649	 1
1463569484.972	 133.997314	 -1.000000	 25.000000	 -11.258950	 -30.194427	 -13.053711	 1
1463569484.993	 134.244507	 -1.000000	 25.000000	 -11.467088	 -30.056152	 -12.652985	 1
1463569485.013	 134.699387	 -1.000000	 25.000000	 -11.397712	 -30.332733	 -12.051849	 1
1463569485.033	 135.312225	 -1.000000	 25.000000	 -11.293643	 -30.436447	 -11.484131	 1
1463569485.053	 135.717804	 -1.000000	 25.000000	 -11.363021	 -30.574738	 -11.150146	 1
1463569485.074	 135.975418	 -1.000000	 25.000000	 -11.675225	 -30.816750	 -10.649231	 1
1463569485.094	 136.561615	 -1.000000	 25.000000	 -11.432399	 -30.989616	 -9.947906	 1
1463569485.119	 136.965286	 -1.000000	 25.000000	 -11.605845	 -31.231621	 -9.313416	 1
1463569485.134	 137.186844	 -1.000000	 25.000000	 -11.918048	 -31.266190	 -8.745697	 1
1463569485.155	 137.601776	 -1.000000	 25.000000	 -11.987428	 -31.127907	 -8.010956	 1
1463569485.179	 138.193527	 -1.000000	 25.000000	 -11.709910	 -31.197052	 -7.677002	 1
1463569485.195	 138.657364	 -1.000000	 25.000000	 -11.779290	 -31.335335	 -7.142639	 1
1463569485.215	 138.664230	 -1.000000	 25.000000	 -11.709910	 -31.058746	 -7.209442	 1
1463569485.237	 140.875610	 -1.000000	 25.000000	 -11.502681	 -31.387009	 -6.528778	 1
1463569485.256	 140.906677	 -1.000000	 25.000000	 -11.710822	 -31.525299	 -6.395233	 1
1463569485.280	 140.691818	 -1.000000	 25.000000	 -11.849580	 -31.456161	 -6.261597	 1
1463569485.298	 140.389191	 -1.000000	 25.000000	 -11.849580	 -31.317879	 -6.595551	 1
1463569485.327	 140.074692	 -1.000000	 25.000000	 -12.265859	 -31.594444	 -6.729156	 1
1463569485.341	 139.640900	 -1.000000	 25.000000	 -12.751515	 -31.525299	 -6.595581	 1
1463569485.360	 139.182465	 -1.000000	 25.000000	 -12.820895	 -31.248726	 -6.795959	 1
