% Accelerometer data recorded with 'snsrlog'
% 
% Sampling frequency: 100 Hz
% 
% Label description:
% 	 0: Default Label
% 	 1: still_drop
% 	 2: walk_drop
% 	 3: other
% 	 4: dtw_same
% 	 5: dtw_diff
% 	 6: delete
% 	 7: steal
% 
% Column description:
% 	 1: Seconds.milliseconds since 1970
% 	 2: Number of skipped measurements
% 	 3: Acceleration value in x-direction
% 	 4: Acceleration value in y-direction
% 	 5: Acceleration value in z-direction
% 	 6: Label used for the current sample
% 
% 
1463569476.576	 0	 0.332581	 -0.336014	 -0.473801	 1
1463569476.596	 1	 0.341049	 -0.292877	 -0.479736	 1
1463569476.606	 2	 0.336365	 -0.264221	 -0.505844	 1
1463569476.626	 2	 0.344482	 -0.203293	 -0.543137	 1
1463569476.636	 2	 0.340515	 -0.184769	 -0.541016	 1
1463569476.646	 2	 0.358795	 -0.163803	 -0.531509	 1
1463569476.656	 2	 0.381500	 -0.127579	 -0.513870	 1
1463569476.666	 2	 0.407104	 -0.087891	 -0.474960	 1
1463569476.676	 3	 0.436523	 -0.046310	 -0.416336	 1
1463569476.696	 3	 0.524796	 -0.072800	 -0.376648	 1
1463569476.706	 3	 0.579239	 -0.069183	 -0.405502	 1
1463569476.716	 3	 0.642761	 -0.019516	 -0.440857	 1
1463569476.726	 3	 0.688553	 0.044388	 -0.467743	 1
1463569476.736	 3	 0.688980	 0.095490	 -0.476517	 1
1463569476.746	 3	 0.705460	 0.143753	 -0.459198	 1
1463569476.756	 3	 0.734741	 0.191010	 -0.455368	 1
1463569476.766	 3	 0.800995	 0.204346	 -0.477219	 1
1463569476.786	 4	 0.965149	 0.188049	 -0.625809	 1
1463569476.796	 4	 1.033295	 0.229080	 -0.671936	 1
1463569476.806	 4	 1.094788	 0.274353	 -0.679443	 1
1463569476.816	 4	 1.080765	 0.277328	 -0.659332	 1
1463569476.826	 4	 1.029572	 0.274582	 -0.621170	 1
1463569476.836	 4	 0.978439	 0.343124	 -0.552933	 1
1463569476.846	 4	 0.895981	 0.418259	 -0.463898	 1
1463569476.856	 4	 0.852158	 0.496140	 -0.360428	 1
1463569476.866	 4	 0.854080	 0.547562	 -0.279404	 1
1463569476.876	 4	 0.918167	 0.573715	 -0.248276	 1
1463569476.886	 4	 1.019409	 0.589508	 -0.277924	 1
1463569476.896	 4	 1.084442	 0.587326	 -0.336349	 1
1463569476.906	 4	 1.224167	 0.620560	 -0.377533	 1
1463569476.916	 4	 1.341873	 0.653900	 -0.424500	 1
1463569476.926	 4	 1.331589	 0.639465	 -0.466171	 1
1463569476.936	 4	 1.382401	 0.623276	 -0.465240	 1
1463569476.946	 4	 1.383408	 0.640305	 -0.429611	 1
1463569476.956	 4	 1.338226	 0.650116	 -0.388535	 1
1463569476.966	 4	 1.424744	 0.706604	 -0.356583	 1
1463569476.976	 4	 1.519424	 0.736008	 -0.355545	 1
1463569476.986	 4	 1.525558	 0.705826	 -0.349350	 1
1463569476.996	 4	 1.520767	 0.682953	 -0.315552	 1
1463569477.006	 4	 1.620865	 0.732666	 -0.268417	 1
1463569477.016	 4	 1.678116	 0.707611	 -0.225891	 1
1463569477.026	 4	 1.679382	 0.607376	 -0.157684	 1
1463569477.036	 4	 1.665680	 0.546890	 -0.093430	 1
1463569477.046	 4	 1.684311	 0.532303	 -0.031967	 1
1463569477.056	 4	 1.696838	 0.504440	 0.035095	 1
1463569477.066	 4	 1.702057	 0.462128	 0.062225	 1
1463569477.076	 4	 1.697586	 0.443954	 0.049240	 1
1463569477.086	 4	 1.699921	 0.428757	 0.026184	 1
1463569477.096	 4	 1.668030	 0.398361	 0.038696	 1
1463569477.106	 4	 1.717865	 0.384293	 0.019989	 1
1463569477.116	 4	 1.660904	 0.347519	 0.011475	 1
1463569477.126	 4	 1.584976	 0.319504	 0.053787	 1
1463569477.136	 4	 1.516815	 0.276611	 0.135818	 1
1463569477.146	 4	 1.410400	 0.262695	 0.252106	 1
1463569477.156	 4	 1.373810	 0.254410	 0.278183	 1
1463569477.166	 4	 1.255386	 0.252548	 0.307556	 1
1463569477.176	 4	 1.142227	 0.290390	 0.323669	 1
1463569477.186	 4	 1.064392	 0.302811	 0.344009	 1
1463569477.196	 4	 0.982193	 0.305923	 0.357666	 1
1463569477.206	 4	 0.809357	 0.409988	 0.380188	 1
1463569477.216	 4	 0.657272	 0.503037	 0.423325	 1
1463569477.226	 4	 0.500076	 0.554184	 0.454330	 1
1463569477.236	 4	 0.457108	 0.533798	 0.444580	 1
1463569477.246	 4	 0.497009	 0.474518	 0.408356	 1
1463569477.256	 4	 0.564423	 0.443985	 0.358429	 1
1463569477.266	 4	 0.619400	 0.424286	 0.294662	 1
1463569477.276	 4	 0.671143	 0.402008	 0.230118	 1
1463569477.286	 4	 0.707047	 0.459976	 0.161667	 1
1463569477.296	 4	 0.713806	 0.535889	 0.105850	 1
1463569477.306	 4	 0.715256	 0.625229	 0.100098	 1
1463569477.316	 4	 0.745804	 0.671326	 0.092178	 1
1463569477.326	 4	 0.803116	 0.681000	 0.024323	 1
1463569477.336	 4	 0.838043	 0.631561	 -0.061203	 1
1463569477.346	 4	 0.853195	 0.558243	 -0.097733	 1
1463569477.356	 4	 0.864792	 0.518417	 -0.090378	 1
1463569477.366	 4	 0.879334	 0.515472	 -0.063065	 1
1463569477.376	 4	 0.894959	 0.588547	 -0.049362	 1
1463569477.386	 4	 0.860687	 0.653793	 -0.004990	 1
1463569477.396	 4	 0.796234	 0.688354	 0.027069	 1
1463569477.406	 4	 0.735947	 0.712204	 0.057373	 1
1463569477.416	 4	 0.631500	 0.646454	 0.079330	 1
1463569477.426	 4	 0.586868	 0.751694	 0.077057	 1
1463569477.436	 4	 0.548203	 0.826096	 0.026352	 1
1463569477.446	 4	 0.513931	 0.764496	 0.014160	 1
1463569477.456	 4	 0.512451	 0.740295	 0.051178	 1
1463569477.466	 4	 0.462341	 0.774124	 0.022049	 1
1463569477.476	 4	 0.426498	 0.821304	 -0.013718	 1
1463569477.486	 4	 0.430954	 0.833176	 -0.011002	 1
1463569477.496	 4	 0.464188	 0.827072	 0.020355	 1
1463569477.506	 4	 0.409607	 0.662476	 0.124481	 1
1463569477.516	 4	 0.375671	 0.651245	 0.282867	 1
1463569477.526	 4	 0.303604	 0.578339	 0.314621	 1
1463569477.536	 4	 0.285690	 0.303772	 0.471741	 1
1463569477.546	 4	 0.285400	 0.266434	 0.554794	 1
1463569477.556	 4	 0.232590	 0.269775	 0.294891	 1
1463569477.566	 4	 0.216812	 0.272858	 0.164215	 1
1463569477.576	 4	 0.300491	 0.332123	 0.112625	 1
1463569477.586	 4	 0.396256	 0.399292	 0.062057	 1
1463569477.596	 4	 0.419571	 0.435699	 0.050674	 1
1463569477.606	 4	 0.404160	 0.436218	 -0.021225	 1
1463569477.616	 4	 0.398438	 0.431152	 -0.103134	 1
1463569477.626	 4	 0.324005	 0.488205	 -0.156647	 1
1463569477.636	 4	 0.264465	 0.469437	 -0.136093	 1
1463569477.646	 4	 0.311554	 0.716415	 -0.027313	 1
1463569477.656	 4	 0.445816	 1.254379	 0.040619	 1
1463569477.666	 4	 0.440018	 2.110168	 0.211441	 1
1463569477.676	 4	 0.367386	 3.131683	 0.309784	 1
1463569477.686	 4	 0.208466	 3.663696	 0.297577	 1
1463569477.696	 4	 0.035751	 3.563599	 0.225662	 1
1463569477.706	 4	 -0.143997	 3.044174	 0.106888	 1
1463569477.716	 4	 -0.274780	 2.303711	 0.000626	 1
1463569477.726	 4	 -0.317551	 1.539291	 -0.045654	 1
1463569477.736	 4	 -0.326370	 0.999725	 -0.031479	 1
1463569477.746	 4	 -0.324295	 0.634552	 -0.022888	 1
1463569477.756	 4	 -0.316376	 0.394806	 -0.071335	 1
1463569477.766	 4	 -0.325928	 0.281967	 -0.150589	 1
1463569477.776	 4	 -0.341858	 0.252487	 -0.241241	 1
1463569477.786	 4	 -0.377045	 0.311249	 -0.314148	 1
1463569477.796	 4	 -0.422348	 0.437027	 -0.355026	 1
1463569477.806	 4	 -0.475235	 0.604370	 -0.311508	 1
1463569477.826	 5	 -0.526428	 0.983490	 -0.022751	 1
1463569477.836	 5	 -0.515610	 1.131607	 0.136124	 1
1463569477.846	 5	 -0.472458	 1.218826	 0.231705	 1
1463569477.856	 5	 -0.409195	 1.211166	 0.245102	 1
1463569477.866	 5	 -0.336426	 1.118820	 0.199249	 1
1463569477.876	 6	 -0.292816	 1.038666	 0.130676	 1
1463569477.896	 6	 -0.257263	 0.949448	 0.044312	 1
1463569477.906	 6	 -0.232086	 0.924332	 0.027145	 1
1463569477.916	 6	 -0.220551	 0.923340	 0.017883	 1
1463569477.926	 6	 -0.219437	 0.932236	 0.006134	 1
1463569477.936	 6	 -0.218262	 0.945053	 -0.013931	 1
1463569477.946	 6	 -0.226379	 0.977646	 -0.028885	 1
1463569477.956	 6	 -0.233643	 1.008530	 -0.028015	 1
1463569477.966	 7	 -0.237885	 1.028732	 -0.024368	 1
1463569477.986	 7	 -0.240326	 1.022690	 0.016434	 1
1463569477.996	 7	 -0.241089	 0.987778	 0.036713	 1
1463569478.006	 7	 -0.242233	 0.946884	 0.044861	 1
1463569478.016	 7	 -0.243774	 0.933365	 0.040482	 1
1463569478.026	 7	 -0.256897	 0.946548	 0.035904	 1
1463569478.036	 7	 -0.273880	 0.969681	 0.030197	 1
1463569478.046	 7	 -0.287109	 0.986526	 0.021835	 1
1463569478.056	 7	 -0.290024	 0.986984	 0.020569	 1
1463569478.066	 7	 -0.284973	 0.987976	 0.025879	 1
1463569478.076	 7	 -0.277985	 0.985291	 0.040665	 1
1463569478.086	 7	 -0.267593	 0.971161	 0.059006	 1
1463569478.096	 7	 -0.263367	 0.959503	 0.065598	 1
1463569478.106	 7	 -0.263885	 0.964539	 0.056870	 1
1463569478.116	 7	 -0.276535	 0.979736	 0.041901	 1
1463569478.126	 7	 -0.286072	 0.993683	 0.025436	 1
1463569478.136	 7	 -0.293900	 1.001724	 0.016052	 1
1463569478.146	 7	 -0.291946	 1.012024	 0.011444	 1
1463569478.156	 7	 -0.281677	 1.010086	 0.019928	 1
1463569478.166	 7	 -0.272980	 0.998779	 0.032486	 1
1463569478.176	 7	 -0.274872	 0.994736	 0.039597	 1
1463569478.186	 7	 -0.277039	 0.992050	 0.041092	 1
1463569478.196	 7	 -0.273682	 0.985229	 0.037125	 1
1463569478.206	 7	 -0.271622	 0.981216	 0.032822	 1
1463569478.216	 7	 -0.273575	 0.984238	 0.035126	 1
1463569478.226	 7	 -0.276749	 0.987625	 0.044434	 1
1463569478.236	 7	 -0.277542	 0.981232	 0.049988	 1
1463569478.246	 7	 -0.268112	 0.989929	 0.059036	 1
1463569478.256	 7	 -0.263870	 0.999390	 0.062653	 1
1463569478.266	 7	 -0.266510	 1.003769	 0.058563	 1
1463569478.276	 7	 -0.266342	 0.996994	 0.050873	 1
1463569478.286	 7	 -0.270950	 0.970520	 0.042572	 1
1463569478.296	 7	 -0.276230	 0.960770	 0.028381	 1
1463569478.306	 7	 -0.283249	 0.961319	 0.021042	 1
1463569478.316	 7	 -0.282089	 0.967148	 0.016037	 1
1463569478.336	 7	 -0.275925	 0.994812	 0.033585	 1
1463569478.326	 7	 -0.279602	 0.977051	 0.021469	 1
1463569478.346	 7	 -0.272827	 1.001541	 0.048386	 1
1463569478.356	 7	 -0.266159	 0.995911	 0.061646	 1
1463569478.366	 7	 -0.265289	 0.995743	 0.071167	 1
1463569478.376	 7	 -0.258377	 0.999695	 0.073730	 1
1463569478.386	 7	 -0.255447	 1.003860	 0.074295	 1
1463569478.396	 7	 -0.255936	 1.004425	 0.071640	 1
1463569478.406	 7	 -0.256027	 1.003418	 0.067993	 1
1463569478.416	 7	 -0.255981	 1.002396	 0.066467	 1
1463569478.426	 7	 -0.244492	 0.998138	 0.066071	 1
1463569478.436	 7	 -0.239197	 0.987396	 0.053726	 1
1463569478.446	 7	 -0.230453	 0.971237	 0.046249	 1
1463569478.456	 7	 -0.223465	 0.969223	 0.044159	 1
1463569478.466	 7	 -0.214508	 0.971344	 0.042816	 1
1463569478.476	 7	 -0.205994	 0.978012	 0.052902	 1
1463569478.486	 7	 -0.196518	 0.989655	 0.071503	 1
1463569478.496	 7	 -0.196762	 0.995621	 0.088501	 1
1463569478.506	 7	 -0.206970	 1.000565	 0.113312	 1
1463569478.516	 7	 -0.226105	 1.007843	 0.130768	 1
1463569478.526	 7	 -0.260757	 1.002609	 0.111069	 1
1463569478.536	 7	 -0.292557	 0.995270	 0.099182	 1
1463569478.546	 7	 -0.322342	 0.995087	 0.104919	 1
1463569478.556	 7	 -0.338181	 1.004700	 0.115799	 1
1463569478.566	 7	 -0.347946	 1.003296	 0.126877	 1
1463569478.576	 7	 -0.346146	 1.000412	 0.124878	 1
1463569478.586	 7	 -0.332611	 0.987076	 0.120346	 1
1463569478.596	 7	 -0.309494	 0.972198	 0.113678	 1
1463569478.606	 7	 -0.285995	 0.958298	 0.116058	 1
1463569478.616	 7	 -0.263062	 0.942078	 0.115356	 1
1463569478.626	 7	 -0.239532	 0.936783	 0.108932	 1
1463569478.636	 7	 -0.224503	 0.933868	 0.088516	 1
1463569478.646	 7	 -0.223358	 0.932648	 0.064392	 1
1463569478.656	 7	 -0.239395	 0.942673	 0.039993	 1
1463569478.666	 7	 -0.264404	 0.961899	 0.032349	 1
1463569478.676	 7	 -0.288986	 0.990707	 0.041824	 1
1463569478.686	 7	 -0.305099	 1.002045	 0.071136	 1
1463569478.696	 7	 -0.319580	 1.001862	 0.123260	 1
1463569478.706	 7	 -0.320923	 0.988281	 0.158081	 1
1463569478.716	 7	 -0.312805	 0.976654	 0.170334	 1
1463569478.726	 7	 -0.298019	 0.969498	 0.160141	 1
1463569478.736	 7	 -0.287628	 0.968018	 0.137955	 1
1463569478.746	 7	 -0.277985	 0.970993	 0.119308	 1
1463569478.756	 7	 -0.273087	 0.969711	 0.108383	 1
1463569478.766	 7	 -0.268494	 0.968567	 0.111572	 1
1463569478.776	 7	 -0.267853	 0.968033	 0.117371	 1
1463569478.786	 7	 -0.261536	 0.967072	 0.126709	 1
1463569478.796	 7	 -0.258484	 0.970886	 0.131393	 1
1463569478.806	 7	 -0.270706	 0.971741	 0.133286	 1
1463569478.816	 7	 -0.281906	 0.971909	 0.140808	 1
1463569478.826	 7	 -0.282684	 0.968567	 0.153030	 1
1463569478.836	 7	 -0.285767	 0.966690	 0.148575	 1
1463569478.846	 7	 -0.296509	 0.959137	 0.150681	 1
1463569478.856	 7	 -0.303223	 0.959366	 0.159714	 1
1463569478.866	 7	 -0.310059	 0.958237	 0.165405	 1
1463569478.876	 7	 -0.321579	 0.959183	 0.168213	 1
1463569478.886	 7	 -0.324707	 0.961136	 0.173737	 1
1463569478.896	 7	 -0.327881	 0.961319	 0.172073	 1
1463569478.906	 7	 -0.322556	 0.960266	 0.167007	 1
1463569478.916	 7	 -0.316467	 0.950806	 0.156433	 1
1463569478.926	 7	 -0.311920	 0.955368	 0.141388	 1
1463569478.936	 7	 -0.307968	 0.957794	 0.116989	 1
1463569478.946	 7	 -0.306885	 0.960617	 0.080475	 1
1463569478.956	 7	 -0.304489	 0.954330	 -0.004242	 1
1463569478.966	 7	 -0.297119	 0.966766	 -0.022949	 1
1463569478.976	 7	 -0.292007	 0.977356	 -0.003952	 1
1463569478.986	 7	 -0.291168	 0.984879	 0.044540	 1
1463569478.996	 7	 -0.290375	 0.983490	 0.076019	 1
1463569479.006	 7	 -0.290482	 0.978134	 0.085617	 1
1463569479.016	 7	 -0.292465	 0.966873	 0.101257	 1
1463569479.026	 7	 -0.300201	 0.966324	 0.110413	 1
1463569479.036	 7	 -0.309814	 0.970016	 0.119720	 1
1463569479.046	 7	 -0.319427	 0.975143	 0.129959	 1
1463569479.056	 7	 -0.327942	 0.964386	 0.132309	 1
1463569479.066	 7	 -0.338242	 0.957550	 0.131775	 1
1463569479.076	 7	 -0.349365	 0.954651	 0.129959	 1
1463569479.086	 7	 -0.356903	 0.950775	 0.129395	 1
1463569479.096	 7	 -0.355560	 0.947662	 0.127274	 1
1463569479.106	 7	 -0.339615	 0.949768	 0.127167	 1
1463569479.116	 7	 -0.325089	 0.955734	 0.124451	 1
1463569479.126	 7	 -0.319336	 0.965134	 0.120346	 1
1463569479.136	 7	 -0.314850	 0.966431	 0.115814	 1
1463569479.146	 7	 -0.319168	 0.964539	 0.114243	 1
1463569479.156	 7	 -0.316727	 0.962418	 0.120560	 1
1463569479.166	 7	 -0.310257	 0.958817	 0.130585	 1
1463569479.176	 7	 -0.310638	 0.959717	 0.143738	 1
1463569479.186	 7	 -0.309113	 0.965561	 0.159958	 1
1463569479.196	 7	 -0.313660	 0.961700	 0.169235	 1
1463569479.206	 7	 -0.320541	 0.959457	 0.168884	 1
1463569479.216	 7	 -0.328018	 0.955139	 0.154922	 1
1463569479.226	 7	 -0.336182	 0.945465	 0.143921	 1
1463569479.236	 7	 -0.341797	 0.947556	 0.128448	 1
1463569479.246	 7	 -0.341782	 0.947083	 0.132339	 1
1463569479.256	 7	 -0.339066	 0.949738	 0.143936	 1
1463569479.266	 7	 -0.331161	 0.952225	 0.144394	 1
1463569479.276	 7	 -0.319916	 0.951050	 0.136688	 1
1463569479.286	 7	 -0.316986	 0.952255	 0.125504	 1
1463569479.296	 7	 -0.311310	 0.964569	 0.111618	 1
1463569479.306	 7	 -0.309097	 0.977142	 0.107071	 1
1463569479.316	 7	 -0.312622	 0.975525	 0.112366	 1
1463569479.326	 7	 -0.325928	 0.974777	 0.121216	 1
1463569479.336	 7	 -0.330872	 0.977722	 0.131592	 1
1463569479.346	 7	 -0.329987	 0.976578	 0.137344	 1
1463569479.356	 7	 -0.321167	 0.967224	 0.132782	 1
1463569479.366	 7	 -0.302719	 0.958176	 0.131485	 1
1463569479.376	 7	 -0.291306	 0.958176	 0.129517	 1
1463569479.386	 7	 -0.288025	 0.955902	 0.124084	 1
1463569479.396	 7	 -0.281082	 0.952316	 0.118042	 1
1463569479.406	 7	 -0.277756	 0.949142	 0.112244	 1
1463569479.416	 7	 -0.277298	 0.969208	 0.114609	 1
1463569479.426	 7	 -0.273270	 0.979095	 0.122330	 1
1463569479.436	 7	 -0.271317	 0.981186	 0.122559	 1
1463569479.446	 7	 -0.297852	 1.014130	 0.121719	 1
1463569479.456	 7	 -0.296814	 0.972549	 0.100403	 1
1463569479.466	 7	 -0.294495	 0.978256	 0.098297	 1
1463569479.476	 7	 -0.297073	 0.996292	 0.117798	 1
1463569479.486	 7	 -0.285400	 0.987427	 0.128540	 1
1463569479.496	 7	 -0.278336	 0.986160	 0.129440	 1
1463569479.506	 7	 -0.280624	 0.999527	 0.131073	 1
1463569479.516	 7	 -0.297806	 1.008896	 0.142654	 1
1463569479.526	 7	 -0.283676	 0.962433	 0.126450	 1
1463569479.536	 7	 -0.272690	 0.969833	 0.121292	 1
1463569479.546	 7	 -0.261169	 0.966141	 0.101257	 1
1463569479.556	 7	 -0.276077	 0.964920	 0.102203	 1
1463569479.566	 7	 -0.289108	 0.969833	 0.109924	 1
1463569479.576	 7	 -0.299561	 0.966858	 0.126938	 1
1463569479.586	 7	 -0.303131	 0.963501	 0.132889	 1
1463569479.596	 7	 -0.302246	 0.961365	 0.129822	 1
1463569479.606	 7	 -0.289093	 0.968063	 0.123840	 1
1463569479.616	 7	 -0.279053	 0.975494	 0.115326	 1
1463569479.626	 7	 -0.270081	 0.983582	 0.106476	 1
1463569479.636	 7	 -0.258362	 0.985199	 0.096024	 1
1463569479.646	 7	 -0.278748	 1.014252	 0.101715	 1
1463569479.656	 7	 -0.266525	 0.977234	 0.087189	 1
1463569479.666	 7	 -0.254669	 0.961029	 0.089172	 1
1463569479.676	 7	 -0.249802	 0.978378	 0.092224	 1
1463569479.686	 7	 -0.261124	 0.988068	 0.094269	 1
1463569479.696	 7	 -0.279663	 0.981262	 0.098434	 1
1463569479.706	 7	 -0.280319	 0.971085	 0.092697	 1
1463569479.716	 7	 -0.282181	 0.990067	 0.105164	 1
1463569479.726	 7	 -0.284088	 0.999329	 0.106949	 1
1463569479.736	 7	 -0.280426	 0.997208	 0.107925	 1
1463569479.746	 7	 -0.276550	 0.997391	 0.109161	 1
1463569479.756	 7	 -0.267456	 0.991608	 0.104721	 1
1463569479.766	 7	 -0.265625	 0.986694	 0.095795	 1
1463569479.776	 7	 -0.272263	 0.985779	 0.093750	 1
1463569479.786	 7	 -0.281799	 0.976242	 0.084122	 1
1463569479.796	 7	 -0.295990	 0.979523	 0.089691	 1
1463569479.806	 7	 -0.301208	 0.975510	 0.091721	 1
1463569479.816	 7	 -0.302994	 0.973358	 0.089523	 1
1463569479.826	 7	 -0.303574	 0.974487	 0.089600	 1
1463569479.836	 7	 -0.300766	 0.977066	 0.089569	 1
1463569479.846	 7	 -0.292221	 0.977356	 0.084854	 1
1463569479.856	 7	 -0.287735	 0.976257	 0.085754	 1
1463569479.866	 7	 -0.284988	 0.974655	 0.086014	 1
1463569479.876	 7	 -0.281326	 0.974716	 0.092377	 1
1463569479.886	 7	 -0.278091	 0.977966	 0.093216	 1
1463569479.896	 7	 -0.271118	 0.978592	 0.095016	 1
1463569479.906	 7	 -0.263412	 0.984543	 0.095276	 1
1463569479.916	 7	 -0.261459	 0.979263	 0.093781	 1
1463569479.926	 7	 -0.269958	 0.985931	 0.095734	 1
1463569479.936	 7	 -0.278992	 0.988693	 0.095917	 1
1463569479.946	 7	 -0.281738	 0.981644	 0.095963	 1
1463569479.956	 7	 -0.279007	 0.985413	 0.094421	 1
1463569479.966	 7	 -0.272980	 0.984695	 0.092194	 1
1463569479.976	 7	 -0.270493	 0.980148	 0.088486	 1
1463569479.986	 7	 -0.274948	 0.979095	 0.090744	 1
1463569479.996	 7	 -0.271973	 0.982956	 0.089325	 1
1463569480.006	 7	 -0.275497	 0.980209	 0.087433	 1
1463569480.016	 7	 -0.282639	 0.980759	 0.087692	 1
1463569480.026	 7	 -0.287231	 0.981384	 0.086472	 1
1463569480.036	 7	 -0.289093	 0.980743	 0.093353	 1
1463569480.046	 7	 -0.289276	 0.980148	 0.094727	 1
1463569480.056	 7	 -0.293106	 0.978027	 0.093231	 1
1463569480.066	 7	 -0.292496	 0.979248	 0.095749	 1
1463569480.076	 7	 -0.291138	 0.976624	 0.091110	 1
1463569480.086	 7	 -0.291428	 0.976868	 0.091827	 1
1463569480.096	 7	 -0.289551	 0.978332	 0.092560	 1
1463569480.106	 7	 -0.291000	 0.975220	 0.093948	 1
1463569480.116	 7	 -0.287537	 0.979385	 0.092087	 1
1463569480.126	 7	 -0.281006	 0.979538	 0.091583	 1
1463569480.136	 7	 -0.276901	 0.980042	 0.094315	 1
1463569480.146	 7	 -0.276184	 0.980392	 0.095062	 1
1463569480.156	 7	 -0.275070	 0.981476	 0.098999	 1
1463569480.166	 7	 -0.269485	 0.987534	 0.100571	 1
1463569480.176	 7	 -0.268509	 0.986923	 0.100845	 1
1463569480.186	 7	 -0.268677	 0.989304	 0.101639	 1
1463569480.196	 7	 -0.268585	 0.988678	 0.104324	 1
1463569480.206	 7	 -0.268799	 0.988266	 0.108047	 1
1463569480.216	 7	 -0.274933	 0.987503	 0.111237	 1
1463569480.226	 7	 -0.278885	 0.984253	 0.112885	 1
1463569480.236	 7	 -0.275574	 0.978989	 0.108063	 1
1463569480.246	 7	 -0.268890	 0.977188	 0.101379	 1
1463569480.256	 7	 -0.267532	 0.977051	 0.090912	 1
1463569480.266	 7	 -0.273804	 0.977600	 0.083328	 1
1463569480.276	 7	 -0.276382	 0.974411	 0.082611	 1
1463569480.286	 7	 -0.277100	 0.972748	 0.085922	 1
1463569480.296	 7	 -0.271255	 0.974411	 0.090240	 1
1463569480.306	 7	 -0.272018	 0.977860	 0.093170	 1
1463569480.316	 7	 -0.276917	 0.979248	 0.097702	 1
1463569480.326	 7	 -0.277557	 0.981873	 0.102890	 1
1463569480.336	 7	 -0.271515	 0.984344	 0.105453	 1
1463569480.346	 7	 -0.269089	 0.985794	 0.103195	 1
1463569480.356	 7	 -0.269775	 0.983459	 0.099091	 1
1463569480.366	 7	 -0.274551	 0.980164	 0.098862	 1
1463569480.376	 7	 -0.278397	 0.981689	 0.097916	 1
1463569480.386	 7	 -0.279861	 0.975464	 0.101364	 1
1463569480.396	 7	 -0.280121	 0.975678	 0.099411	 1
1463569480.406	 7	 -0.280701	 0.977585	 0.095291	 1
1463569480.416	 7	 -0.275345	 0.976913	 0.095551	 1
1463569480.426	 7	 -0.278397	 0.973236	 0.095901	 1
1463569480.436	 7	 -0.282028	 0.975006	 0.096466	 1
1463569480.446	 7	 -0.279510	 0.974899	 0.102997	 1
1463569480.456	 7	 -0.278122	 0.979355	 0.105225	 1
1463569480.466	 7	 -0.279449	 0.981308	 0.104294	 1
1463569480.476	 7	 -0.276657	 0.978409	 0.106628	 1
1463569480.486	 7	 -0.273926	 0.982300	 0.107773	 1
1463569480.496	 7	 -0.272644	 0.979095	 0.108734	 1
1463569480.506	 7	 -0.272308	 0.980301	 0.109360	 1
1463569480.516	 7	 -0.274673	 0.979507	 0.109741	 1
1463569480.526	 7	 -0.270355	 0.981750	 0.108673	 1
1463569480.536	 7	 -0.265472	 0.978546	 0.110733	 1
1463569480.546	 7	 -0.272903	 0.979752	 0.108994	 1
1463569480.556	 7	 -0.270554	 0.983810	 0.108902	 1
1463569480.566	 7	 -0.272156	 0.984497	 0.110474	 1
1463569480.576	 7	 -0.267944	 0.987854	 0.112000	 1
1463569480.586	 7	 -0.271225	 0.986084	 0.112930	 1
1463569480.596	 7	 -0.272919	 0.987808	 0.114395	 1
1463569480.606	 7	 -0.267197	 0.983612	 0.116760	 1
1463569480.616	 7	 -0.267777	 0.979416	 0.117523	 1
1463569480.626	 7	 -0.272781	 0.979599	 0.107910	 1
1463569480.636	 7	 -0.273743	 0.972321	 0.108231	 1
1463569480.646	 7	 -0.283829	 0.971649	 0.107986	 1
1463569480.656	 7	 -0.282837	 0.972321	 0.104111	 1
1463569480.666	 7	 -0.284302	 0.970764	 0.102829	 1
1463569480.676	 7	 -0.282852	 0.970886	 0.103119	 1
1463569480.686	 7	 -0.280746	 0.973618	 0.101028	 1
1463569480.696	 7	 -0.277878	 0.977936	 0.103714	 1
1463569480.706	 7	 -0.281799	 0.983307	 0.107147	 1
1463569480.716	 7	 -0.280502	 0.980041	 0.109390	 1
1463569480.726	 7	 -0.279175	 0.977966	 0.110397	 1
1463569480.736	 7	 -0.283020	 0.979706	 0.108032	 1
1463569480.746	 7	 -0.282959	 0.979340	 0.106735	 1
1463569480.756	 7	 -0.280594	 0.976547	 0.103714	 1
1463569480.766	 7	 -0.280396	 0.975723	 0.100159	 1
1463569480.776	 7	 -0.279816	 0.974380	 0.100708	 1
1463569480.786	 7	 -0.280624	 0.977936	 0.107895	 1
1463569480.796	 7	 -0.280441	 0.974670	 0.108566	 1
1463569480.806	 7	 -0.276627	 0.976975	 0.110641	 1
1463569480.816	 7	 -0.274689	 0.974136	 0.110107	 1
1463569480.826	 7	 -0.272171	 0.976654	 0.112854	 1
1463569480.836	 7	 -0.273102	 0.978226	 0.114624	 1
1463569480.846	 7	 -0.275955	 0.977539	 0.118164	 1
1463569480.856	 7	 -0.274368	 0.977112	 0.123337	 1
1463569480.866	 7	 -0.274719	 0.976517	 0.120621	 1
1463569480.876	 7	 -0.273346	 0.975708	 0.116318	 1
1463569480.886	 7	 -0.274811	 0.976837	 0.116806	 1
1463569480.896	 7	 -0.273926	 0.978775	 0.114441	 1
1463569480.906	 7	 -0.274368	 0.978989	 0.109009	 1
1463569480.916	 7	 -0.278961	 0.982025	 0.106857	 1
1463569480.926	 7	 -0.279999	 0.980835	 0.107834	 1
1463569480.936	 7	 -0.279434	 0.979294	 0.112183	 1
1463569480.946	 7	 -0.280228	 0.983215	 0.110901	 1
1463569480.956	 7	 -0.281479	 0.982895	 0.109756	 1
1463569480.966	 7	 -0.278854	 0.980988	 0.109970	 1
1463569480.976	 7	 -0.281006	 0.976303	 0.110870	 1
1463569480.986	 7	 -0.280884	 0.973190	 0.109924	 1
1463569480.996	 7	 -0.288376	 0.972687	 0.110794	 1
1463569481.006	 7	 -0.286850	 0.970734	 0.109741	 1
1463569481.016	 7	 -0.284683	 0.970215	 0.107346	 1
1463569481.026	 7	 -0.279968	 0.972137	 0.107895	 1
1463569481.036	 7	 -0.279999	 0.971756	 0.109604	 1
1463569481.046	 7	 -0.279358	 0.974564	 0.105606	 1
1463569481.056	 7	 -0.276947	 0.977356	 0.108627	 1
1463569481.066	 7	 -0.276184	 0.980652	 0.111679	 1
1463569481.076	 7	 -0.277695	 0.978546	 0.112610	 1
1463569481.086	 7	 -0.277466	 0.981964	 0.112228	 1
1463569481.096	 7	 -0.279724	 0.980896	 0.111359	 1
1463569481.106	 7	 -0.285507	 0.979980	 0.110092	 1
1463569481.116	 7	 -0.282120	 0.975296	 0.112717	 1
1463569481.126	 7	 -0.282211	 0.973007	 0.107941	 1
1463569481.136	 7	 -0.281555	 0.973038	 0.106033	 1
1463569481.146	 7	 -0.283646	 0.974014	 0.109497	 1
1463569481.156	 7	 -0.282867	 0.972519	 0.109085	 1
1463569481.166	 7	 -0.282196	 0.969574	 0.112610	 1
1463569481.176	 7	 -0.284439	 0.970963	 0.115753	 1
1463569481.186	 7	 -0.285156	 0.971588	 0.111694	 1
1463569481.196	 7	 -0.280670	 0.973541	 0.114914	 1
1463569481.206	 7	 -0.280502	 0.972549	 0.113068	 1
1463569481.216	 7	 -0.277802	 0.976624	 0.115021	 1
1463569481.226	 7	 -0.275223	 0.976761	 0.114822	 1
1463569481.236	 7	 -0.271286	 0.979172	 0.117142	 1
1463569481.246	 7	 -0.269974	 0.979507	 0.117630	 1
1463569481.256	 7	 -0.271210	 0.981461	 0.115494	 1
1463569481.266	 7	 -0.270798	 0.980972	 0.112717	 1
1463569481.276	 7	 -0.270370	 0.982224	 0.114456	 1
1463569481.286	 7	 -0.271851	 0.979446	 0.115677	 1
1463569481.296	 7	 -0.271423	 0.980026	 0.111145	 1
1463569481.306	 7	 -0.276093	 0.978912	 0.112686	 1
1463569481.316	 7	 -0.277420	 0.978348	 0.115112	 1
1463569481.326	 7	 -0.278198	 0.977737	 0.117996	 1
1463569481.336	 7	 -0.274292	 0.975464	 0.121063	 1
1463569481.346	 7	 -0.278015	 0.977158	 0.120880	 1
1463569481.356	 7	 -0.282242	 0.975830	 0.119888	 1
1463569481.366	 7	 -0.279831	 0.978073	 0.118729	 1
1463569481.376	 7	 -0.275787	 0.977127	 0.121048	 1
1463569481.386	 7	 -0.282150	 0.978638	 0.116226	 1
1463569481.396	 7	 -0.277740	 0.979095	 0.114487	 1
1463569481.406	 7	 -0.275131	 0.979538	 0.111465	 1
1463569481.416	 7	 -0.278366	 0.980148	 0.110184	 1
1463569481.426	 7	 -0.279175	 0.978210	 0.111633	 1
1463569481.436	 7	 -0.280609	 0.977936	 0.111404	 1
1463569481.446	 7	 -0.280029	 0.976395	 0.107681	 1
1463569481.456	 7	 -0.278732	 0.974213	 0.103699	 1
1463569481.466	 7	 -0.276306	 0.976715	 0.102173	 1
1463569481.476	 7	 -0.277100	 0.976440	 0.105179	 1
1463569481.486	 7	 -0.273621	 0.977219	 0.108063	 1
1463569481.496	 7	 -0.272385	 0.975922	 0.109665	 1
1463569481.506	 7	 -0.273315	 0.975388	 0.109924	 1
1463569481.516	 7	 -0.273712	 0.975006	 0.108917	 1
1463569481.526	 7	 -0.277054	 0.976974	 0.111679	 1
1463569481.536	 7	 -0.274384	 0.975388	 0.114883	 1
1463569481.546	 7	 -0.273514	 0.973328	 0.112656	 1
1463569481.556	 7	 -0.275360	 0.976532	 0.113098	 1
1463569481.566	 7	 -0.276993	 0.978745	 0.112808	 1
1463569481.576	 7	 -0.274765	 0.978653	 0.114365	 1
1463569481.586	 7	 -0.276886	 0.980240	 0.117706	 1
1463569481.596	 7	 -0.272110	 0.982636	 0.117249	 1
1463569481.606	 7	 -0.270340	 0.985657	 0.118347	 1
1463569481.616	 7	 -0.268982	 0.980545	 0.118576	 1
1463569481.626	 7	 -0.271362	 0.984100	 0.121857	 1
1463569481.636	 7	 -0.274551	 0.983429	 0.115204	 1
1463569481.646	 7	 -0.274857	 0.985229	 0.115601	 1
1463569481.656	 7	 -0.276382	 0.980026	 0.116119	 1
1463569481.666	 7	 -0.278732	 0.977066	 0.114487	 1
1463569481.676	 7	 -0.276779	 0.975922	 0.112885	 1
1463569481.686	 7	 -0.276062	 0.975327	 0.108688	 1
1463569481.696	 7	 -0.274994	 0.974960	 0.105011	 1
1463569481.706	 7	 -0.277451	 0.976105	 0.104446	 1
1463569481.716	 7	 -0.278030	 0.976807	 0.103745	 1
1463569481.726	 7	 -0.275360	 0.974533	 0.103348	 1
1463569481.736	 7	 -0.272812	 0.975662	 0.106094	 1
1463569481.746	 7	 -0.276169	 0.975449	 0.106308	 1
1463569481.756	 7	 -0.274399	 0.977188	 0.113098	 1
1463569481.766	 7	 -0.272263	 0.976776	 0.115784	 1
1463569481.776	 7	 -0.274033	 0.980072	 0.110794	 1
1463569481.786	 7	 -0.273911	 0.982147	 0.106537	 1
1463569481.796	 7	 -0.276031	 0.982178	 0.110611	 1
1463569481.806	 7	 -0.274216	 0.983063	 0.110031	 1
1463569481.816	 7	 -0.270126	 0.982529	 0.111221	 1
1463569481.826	 7	 -0.270279	 0.979630	 0.108475	 1
1463569481.836	 7	 -0.273056	 0.980972	 0.107910	 1
1463569481.846	 7	 -0.276917	 0.976746	 0.110657	 1
1463569481.856	 7	 -0.281631	 0.975281	 0.111801	 1
1463569481.866	 7	 -0.276916	 0.972610	 0.110962	 1
1463569481.876	 7	 -0.279205	 0.973282	 0.106918	 1
1463569481.886	 7	 -0.276245	 0.976425	 0.105423	 1
1463569481.896	 7	 -0.274094	 0.977264	 0.108215	 1
1463569481.906	 7	 -0.274933	 0.977554	 0.108276	 1
1463569481.916	 7	 -0.273895	 0.979843	 0.108063	 1
1463569481.926	 7	 -0.276978	 0.980804	 0.110550	 1
1463569481.936	 7	 -0.279022	 0.982391	 0.109985	 1
1463569481.946	 7	 -0.277542	 0.982986	 0.113892	 1
1463569481.956	 7	 -0.278503	 0.983047	 0.116302	 1
1463569481.966	 7	 -0.276916	 0.982086	 0.116257	 1
1463569481.976	 7	 -0.276688	 0.980347	 0.115005	 1
1463569481.986	 7	 -0.275650	 0.982132	 0.113403	 1
1463569481.996	 7	 -0.276306	 0.981369	 0.109329	 1
1463569482.006	 7	 -0.278885	 0.978729	 0.109344	 1
1463569482.016	 7	 -0.279373	 0.976929	 0.109467	 1
1463569482.026	 7	 -0.276672	 0.973938	 0.108002	 1
1463569482.036	 7	 -0.278595	 0.973450	 0.106430	 1
1463569482.046	 7	 -0.278976	 0.973862	 0.103607	 1
1463569482.056	 7	 -0.276520	 0.973724	 0.103378	 1
1463569482.066	 7	 -0.279053	 0.972931	 0.106476	 1
1463569482.076	 7	 -0.279541	 0.974594	 0.110138	 1
1463569482.086	 7	 -0.277252	 0.977310	 0.108017	 1
1463569482.096	 7	 -0.274948	 0.979614	 0.111801	 1
1463569482.106	 7	 -0.271027	 0.981430	 0.110901	 1
1463569482.116	 7	 -0.270630	 0.985046	 0.110764	 1
1463569482.126	 7	 -0.269730	 0.987732	 0.109421	 1
1463569482.136	 7	 -0.271301	 0.987244	 0.110306	 1
1463569482.146	 7	 -0.277954	 0.983978	 0.110535	 1
1463569482.156	 7	 -0.276505	 0.981339	 0.110199	 1
1463569482.166	 7	 -0.281052	 0.978012	 0.109116	 1
1463569482.176	 7	 -0.286499	 0.975204	 0.108994	 1
1463569482.186	 7	 -0.289093	 0.972656	 0.114441	 1
1463569482.196	 7	 -0.288773	 0.973434	 0.113525	 1
1463569482.206	 7	 -0.288589	 0.972748	 0.111084	 1
1463569482.216	 7	 -0.284271	 0.971756	 0.111496	 1
1463569482.226	 7	 -0.277786	 0.975662	 0.106369	 1
1463569482.236	 7	 -0.276749	 0.974945	 0.105026	 1
1463569482.246	 7	 -0.277420	 0.977798	 0.109116	 1
1463569482.256	 7	 -0.276291	 0.977737	 0.109802	 1
1463569482.266	 7	 -0.274109	 0.980301	 0.113266	 1
1463569482.276	 7	 -0.274094	 0.980103	 0.113632	 1
1463569482.286	 7	 -0.272385	 0.980362	 0.115982	 1
1463569482.296	 7	 -0.270157	 0.981628	 0.115479	 1
1463569482.306	 7	 -0.271439	 0.980011	 0.113037	 1
1463569482.316	 7	 -0.277237	 0.979294	 0.115021	 1
1463569482.326	 7	 -0.278305	 0.979340	 0.116348	 1
1463569482.336	 7	 -0.277298	 0.978485	 0.113739	 1
1463569482.346	 7	 -0.282486	 0.978973	 0.112625	 1
1463569482.356	 7	 -0.282394	 0.981354	 0.111710	 1
1463569482.366	 7	 -0.283432	 0.979019	 0.117111	 1
1463569482.376	 7	 -0.280960	 0.977554	 0.116455	 1
1463569482.386	 7	 -0.280884	 0.977081	 0.121368	 1
1463569482.396	 7	 -0.281647	 0.979324	 0.119431	 1
1463569482.406	 7	 -0.279709	 0.977463	 0.114594	 1
1463569482.416	 7	 -0.278687	 0.977524	 0.113266	 1
1463569482.426	 7	 -0.272797	 0.974777	 0.110168	 1
1463569482.436	 7	 -0.273422	 0.973709	 0.108551	 1
1463569482.446	 7	 -0.274521	 0.977951	 0.109085	 1
1463569482.456	 7	 -0.272980	 0.977829	 0.111511	 1
1463569482.466	 7	 -0.275101	 0.978104	 0.111832	 1
1463569482.476	 7	 -0.274750	 0.980530	 0.112183	 1
1463569482.486	 7	 -0.273956	 0.981674	 0.110596	 1
1463569482.496	 7	 -0.273468	 0.982117	 0.112076	 1
1463569482.506	 7	 -0.270462	 0.979904	 0.112640	 1
1463569482.516	 7	 -0.272247	 0.978607	 0.110916	 1
1463569482.526	 7	 -0.278305	 0.979233	 0.110214	 1
1463569482.536	 7	 -0.282227	 0.976654	 0.110062	 1
1463569482.546	 7	 -0.284683	 0.973190	 0.111435	 1
1463569482.556	 7	 -0.286575	 0.973038	 0.111969	 1
1463569482.566	 7	 -0.288666	 0.970551	 0.110016	 1
1463569482.576	 7	 -0.290421	 0.973633	 0.112122	 1
1463569482.586	 7	 -0.290649	 0.972290	 0.110489	 1
1463569482.596	 7	 -0.287903	 0.973389	 0.110138	 1
1463569482.606	 7	 -0.288773	 0.972931	 0.116135	 1
1463569482.616	 7	 -0.283722	 0.976425	 0.115799	 1
1463569482.626	 7	 -0.278854	 0.975510	 0.115845	 1
1463569482.636	 7	 -0.274307	 0.981888	 0.116226	 1
1463569482.646	 7	 -0.274994	 0.981506	 0.114746	 1
1463569482.656	 7	 -0.271179	 0.980423	 0.118835	 1
1463569482.666	 7	 -0.275818	 0.981247	 0.118103	 1
1463569482.676	 7	 -0.276382	 0.978180	 0.115982	 1
1463569482.686	 7	 -0.277435	 0.980820	 0.117279	 1
1463569482.696	 7	 -0.277344	 0.978516	 0.116501	 1
1463569482.706	 7	 -0.280853	 0.980026	 0.115021	 1
1463569482.716	 7	 -0.281494	 0.979675	 0.111115	 1
1463569482.726	 7	 -0.280075	 0.972992	 0.112442	 1
1463569482.736	 7	 -0.283203	 0.976486	 0.108963	 1
1463569482.746	 7	 -0.283401	 0.974472	 0.108810	 1
1463569482.756	 7	 -0.282959	 0.974747	 0.108414	 1
1463569482.766	 7	 -0.284042	 0.975540	 0.110062	 1
1463569482.776	 7	 -0.283081	 0.974274	 0.111588	 1
1463569482.786	 7	 -0.284180	 0.973984	 0.114273	 1
1463569482.796	 7	 -0.281631	 0.974731	 0.120209	 1
1463569482.806	 7	 -0.280731	 0.977173	 0.116714	 1
1463569482.816	 7	 -0.280792	 0.978424	 0.114227	 1
1463569482.826	 7	 -0.279541	 0.977493	 0.114960	 1
1463569482.836	 7	 -0.278137	 0.976501	 0.113724	 1
1463569482.846	 7	 -0.277481	 0.975494	 0.110916	 1
1463569482.856	 7	 -0.279739	 0.975845	 0.108963	 1
1463569482.866	 7	 -0.279617	 0.973724	 0.106461	 1
1463569482.876	 7	 -0.282135	 0.974564	 0.108826	 1
1463569482.886	 7	 -0.277939	 0.975739	 0.109222	 1
1463569482.896	 7	 -0.275955	 0.976730	 0.110931	 1
1463569482.906	 7	 -0.280243	 0.978149	 0.116287	 1
1463569482.916	 7	 -0.283936	 0.984146	 0.115326	 1
1463569482.926	 7	 -0.281174	 0.977692	 0.112213	 1
1463569482.936	 7	 -0.283585	 0.982437	 0.110474	 1
1463569482.946	 7	 -0.280029	 0.977661	 0.107162	 1
1463569482.956	 7	 -0.279709	 0.979340	 0.108841	 1
1463569482.966	 7	 -0.283890	 0.975754	 0.104309	 1
1463569482.976	 7	 -0.288544	 0.978790	 0.103210	 1
1463569482.986	 7	 -0.291245	 0.971420	 0.102448	 1
1463569482.996	 7	 -0.292923	 0.971634	 0.105942	 1
1463569483.006	 7	 -0.298874	 0.974274	 0.101761	 1
1463569483.016	 7	 -0.304749	 0.975647	 0.098663	 1
1463569483.026	 7	 -0.319473	 0.975464	 0.095306	 1
1463569483.036	 7	 -0.325668	 0.974167	 0.097900	 1
1463569483.046	 7	 -0.327393	 0.949234	 0.096283	 1
1463569483.056	 7	 -0.312927	 1.038757	 0.093719	 1
1463569483.066	 7	 -0.346832	 0.991272	 0.077179	 1
1463569483.076	 7	 -0.358063	 1.000229	 0.086807	 1
1463569483.086	 7	 -0.328140	 0.999969	 0.109314	 1
1463569483.096	 7	 -0.279007	 0.932724	 0.116608	 1
1463569483.106	 7	 -0.290253	 0.928543	 0.162354	 1
1463569483.116	 7	 -0.306595	 0.944901	 0.180908	 1
1463569483.126	 7	 -0.356781	 0.927460	 0.141251	 1
1463569483.136	 7	 -0.276749	 0.977692	 0.058792	 1
1463569483.146	 7	 -0.111038	 0.998474	 0.060898	 1
1463569483.156	 7	 -0.147217	 0.951981	 0.097885	 1
1463569483.166	 7	 -0.142014	 0.982208	 0.084412	 1
1463569483.176	 7	 -0.168213	 1.015198	 0.081665	 1
1463569483.186	 7	 -0.233475	 0.957611	 0.038910	 1
1463569483.196	 7	 -0.238724	 0.903015	 0.029572	 1
1463569483.206	 7	 -0.212601	 0.953964	 0.092850	 1
1463569483.216	 7	 -0.218170	 1.051208	 0.165176	 1
1463569483.226	 7	 -0.242310	 1.094666	 0.192337	 1
1463569483.236	 7	 -0.200150	 1.090759	 0.195663	 1
1463569483.246	 7	 -0.195251	 1.080154	 0.209351	 1
1463569483.256	 7	 -0.197891	 1.044601	 0.213104	 1
1463569483.266	 7	 -0.145309	 1.010818	 0.195999	 1
1463569483.276	 7	 -0.144775	 0.975967	 0.148972	 1
1463569483.286	 7	 -0.054581	 1.037262	 0.116486	 1
1463569483.296	 7	 -0.022568	 1.091904	 0.118912	 1
1463569483.306	 7	 -0.024521	 1.124451	 0.047501	 1
1463569483.316	 7	 -0.019135	 1.056015	 -0.025406	 1
1463569483.326	 7	 0.021912	 1.024139	 0.009033	 1
1463569483.336	 7	 0.085266	 0.977997	 0.051086	 1
1463569483.346	 7	 0.125092	 0.935028	 0.056381	 1
1463569483.356	 7	 0.095123	 0.967438	 0.110458	 1
1463569483.366	 7	 0.014908	 0.946808	 0.091354	 1
1463569483.376	 7	 -0.017792	 0.912933	 0.038986	 1
1463569483.386	 7	 -0.017517	 0.926132	 0.001328	 1
1463569483.396	 7	 -0.006943	 0.938461	 0.018723	 1
1463569483.406	 7	 -0.009415	 0.919342	 0.027313	 1
1463569483.416	 7	 -0.030380	 0.913651	 0.065735	 1
1463569483.426	 7	 -0.035980	 0.911270	 0.109634	 1
1463569483.436	 7	 0.016647	 0.987701	 0.154175	 1
1463569483.446	 7	 0.014633	 0.990738	 0.170303	 1
1463569483.456	 7	 0.004913	 1.049057	 0.182907	 1
1463569483.466	 7	 -0.029282	 1.083908	 0.180817	 1
1463569483.476	 7	 -0.045654	 1.111572	 0.176285	 1
1463569483.486	 7	 -0.066376	 1.130264	 0.160782	 1
1463569483.496	 7	 -0.106750	 1.134827	 0.145752	 1
1463569483.506	 7	 -0.137543	 1.126175	 0.135880	 1
1463569483.516	 7	 -0.133377	 1.122849	 0.132889	 1
1463569483.526	 7	 -0.104446	 1.086731	 0.132675	 1
1463569483.536	 7	 -0.055847	 1.049103	 0.112793	 1
1463569483.546	 7	 -0.025681	 1.025497	 0.106171	 1
1463569483.556	 7	 -0.000214	 1.023087	 0.100739	 1
1463569483.566	 7	 -0.008652	 1.022293	 0.096970	 1
1463569483.576	 7	 0.006393	 1.043777	 0.094650	 1
1463569483.586	 7	 -0.000183	 1.054047	 0.100662	 1
1463569483.596	 7	 -0.011841	 1.060455	 0.096008	 1
1463569483.606	 7	 -0.013016	 1.052811	 0.096954	 1
1463569483.616	 7	 -0.011322	 1.074234	 0.110840	 1
1463569483.626	 7	 -0.017166	 1.069931	 0.105789	 1
1463569483.636	 7	 -0.030136	 1.084854	 0.107132	 1
1463569483.646	 7	 -0.035782	 1.076035	 0.103455	 1
1463569483.656	 7	 -0.023804	 1.109863	 0.120514	 1
1463569483.666	 7	 -0.016495	 1.070816	 0.098679	 1
1463569483.676	 7	 -0.012146	 1.055405	 0.099228	 1
1463569483.686	 7	 -0.010330	 1.040253	 0.083939	 1
1463569483.696	 7	 0.009262	 1.026291	 0.080170	 1
1463569483.706	 7	 0.017334	 1.047348	 0.081268	 1
1463569483.716	 7	 0.015259	 1.010254	 0.079514	 1
1463569483.726	 7	 0.017487	 1.064285	 0.107224	 1
1463569483.736	 7	 0.020477	 1.127121	 0.127151	 1
1463569483.746	 7	 0.020493	 1.137665	 0.129028	 1
1463569483.756	 7	 0.024185	 1.140106	 0.120316	 1
1463569483.766	 7	 0.037460	 1.158966	 0.110626	 1
1463569483.776	 7	 0.077026	 1.187164	 0.087814	 1
1463569483.786	 7	 0.092270	 1.189117	 0.074402	 1
1463569483.796	 7	 0.081726	 1.157501	 0.055603	 1
1463569483.806	 7	 0.088715	 1.059998	 0.079239	 1
1463569483.816	 7	 0.076645	 1.053406	 0.117889	 1
1463569483.826	 7	 0.066055	 1.030716	 0.156540	 1
1463569483.836	 7	 0.167007	 1.129028	 0.134430	 1
1463569483.846	 7	 0.205841	 1.266678	 0.100296	 1
1463569483.856	 7	 0.183655	 1.317108	 0.089996	 1
1463569483.866	 7	 0.160492	 1.327606	 0.067337	 1
1463569483.876	 7	 0.141403	 1.291748	 0.050980	 1
1463569483.886	 7	 0.147476	 1.211975	 0.040939	 1
1463569483.896	 7	 0.161026	 1.176239	 0.095230	 1
1463569483.906	 7	 0.140442	 1.093521	 0.145599	 1
1463569483.916	 7	 0.142777	 1.032715	 0.121002	 1
1463569483.926	 7	 0.155334	 1.012573	 0.096436	 1
1463569483.936	 7	 0.182358	 0.999130	 0.079865	 1
1463569483.946	 7	 0.235504	 0.998566	 0.036087	 1
1463569483.956	 7	 0.332932	 0.991348	 -0.012482	 1
1463569483.966	 7	 0.406509	 0.972961	 -0.034912	 1
1463569483.976	 7	 0.402512	 0.976913	 -0.031693	 1
1463569483.986	 7	 0.354446	 0.970428	 -0.028275	 1
1463569483.996	 7	 0.331253	 0.945541	 -0.031311	 1
1463569484.006	 7	 0.411148	 1.061462	 0.057159	 1
1463569484.016	 7	 0.514435	 1.279770	 0.067230	 1
1463569484.026	 7	 0.515472	 1.198029	 0.076706	 1
1463569484.036	 7	 0.474960	 1.094116	 0.177902	 1
1463569484.046	 7	 0.512604	 1.100891	 0.145508	 1
1463569484.056	 7	 0.512360	 1.043961	 0.090195	 1
1463569484.066	 7	 0.459946	 0.983490	 0.066086	 1
1463569484.076	 7	 0.404098	 0.859604	 0.024155	 1
1463569484.086	 7	 0.380676	 0.848160	 0.053879	 1
1463569484.096	 7	 0.332001	 0.839142	 -0.035172	 1
1463569484.106	 7	 0.300003	 0.761261	 0.017471	 1
1463569484.116	 7	 0.342987	 0.650955	 0.105209	 1
1463569484.126	 7	 0.370392	 0.620789	 0.098373	 1
1463569484.136	 7	 0.355392	 0.658829	 0.049942	 1
1463569484.146	 7	 0.338806	 0.653076	 0.102066	 1
1463569484.156	 7	 0.375443	 0.651627	 0.144928	 1
1463569484.166	 7	 0.401749	 0.616852	 0.197281	 1
1463569484.176	 7	 0.455811	 0.569946	 0.188919	 1
1463569484.186	 7	 0.487885	 0.526001	 0.162781	 1
1463569484.196	 7	 0.520493	 0.486359	 0.119034	 1
1463569484.206	 7	 0.603363	 0.435944	 0.098099	 1
1463569484.216	 7	 0.664505	 0.354294	 0.117920	 1
1463569484.226	 7	 0.797028	 0.239243	 0.175201	 1
1463569484.236	 7	 0.847214	 0.129486	 0.175323	 1
1463569484.246	 7	 0.937546	 0.068741	 0.218552	 1
1463569484.256	 7	 1.029434	 0.053543	 0.218765	 1
1463569484.266	 7	 1.086441	 0.021317	 0.135559	 1
1463569484.276	 7	 1.154892	 0.063568	 0.120224	 1
1463569484.286	 7	 1.222504	 0.105148	 0.087418	 1
1463569484.296	 7	 1.278961	 0.074265	 0.052338	 1
1463569484.306	 7	 1.336395	 -0.009369	 -0.043259	 1
1463569484.316	 7	 1.462677	 -0.015396	 -0.072159	 1
1463569484.326	 7	 1.483719	 -0.011459	 -0.126877	 1
1463569484.336	 7	 1.441132	 0.062729	 -0.176300	 1
1463569484.346	 7	 1.412354	 0.167068	 -0.230713	 1
1463569484.356	 7	 1.391129	 0.239136	 -0.269897	 1
1463569484.366	 7	 1.290482	 0.195969	 -0.361877	 1
1463569484.376	 7	 1.210968	 0.250504	 -0.474411	 1
1463569484.386	 7	 1.196915	 0.288040	 -0.372635	 1
1463569484.396	 7	 1.163773	 0.268509	 -0.382462	 1
1463569484.406	 7	 1.254059	 0.262177	 -0.473984	 1
1463569484.416	 7	 1.314499	 0.245819	 -0.582306	 1
1463569484.426	 7	 1.290161	 0.251984	 -0.505157	 1
1463569484.436	 7	 1.320633	 0.254333	 -0.544495	 1
1463569484.446	 7	 1.355011	 0.269592	 -0.562988	 1
1463569484.456	 7	 1.405731	 0.339798	 -0.574234	 1
1463569484.466	 7	 1.439133	 0.301636	 -0.603973	 1
1463569484.476	 7	 1.443619	 0.251801	 -0.628235	 1
1463569484.486	 7	 1.429245	 0.239563	 -0.647171	 1
1463569484.496	 7	 1.388947	 0.250000	 -0.664551	 1
1463569484.506	 7	 1.329437	 0.279343	 -0.660217	 1
1463569484.516	 7	 1.257858	 0.323349	 -0.655457	 1
1463569484.526	 7	 1.232147	 0.374451	 -0.631424	 1
1463569484.536	 7	 1.159714	 0.462143	 -0.633530	 1
1463569484.546	 7	 1.005768	 0.505218	 -0.707108	 1
1463569484.556	 7	 0.998093	 0.422165	 -0.681686	 1
1463569484.566	 7	 1.040909	 0.354141	 -0.708328	 1
1463569484.576	 7	 1.016708	 0.334244	 -0.722656	 1
1463569484.586	 7	 0.978149	 0.309296	 -0.742111	 1
1463569484.596	 7	 0.960922	 0.206436	 -0.757584	 1
1463569484.606	 7	 0.985779	 0.201416	 -0.718277	 1
1463569484.616	 7	 0.961609	 0.214264	 -0.735992	 1
1463569484.626	 7	 0.976974	 0.233505	 -0.772385	 1
1463569484.636	 7	 0.899063	 0.163589	 -0.828201	 1
1463569484.646	 7	 0.770538	 0.129425	 -0.734222	 1
1463569484.656	 7	 0.711929	 0.153671	 -0.734604	 1
1463569484.666	 7	 0.718369	 0.182632	 -0.777176	 1
1463569484.676	 7	 0.699402	 0.177948	 -0.784348	 1
1463569484.686	 7	 0.692932	 0.162567	 -0.762268	 1
1463569484.696	 7	 0.688843	 0.149185	 -0.746414	 1
1463569484.706	 7	 0.679565	 0.130875	 -0.744217	 1
1463569484.716	 7	 0.657516	 0.118958	 -0.764877	 1
1463569484.726	 7	 0.622726	 0.047623	 -0.778305	 1
1463569484.736	 7	 0.617386	 -0.017029	 -0.763336	 1
1463569484.746	 7	 0.610001	 -0.085541	 -0.737534	 1
1463569484.756	 7	 0.573441	 -0.105713	 -0.727890	 1
1463569484.766	 8	 0.537643	 -0.090988	 -0.686691	 1
1463569484.786	 8	 0.468994	 -0.101654	 -0.624664	 1
1463569484.796	 9	 0.444778	 -0.118927	 -0.609161	 1
1463569484.816	 9	 0.440826	 -0.155838	 -0.619095	 1
1463569484.826	 9	 0.435669	 -0.175461	 -0.652451	 1
1463569484.836	 9	 0.420395	 -0.177429	 -0.717972	 1
1463569484.846	 9	 0.455017	 -0.175766	 -0.727432	 1
1463569484.856	 9	 0.435501	 -0.214279	 -0.727371	 1
1463569484.866	 9	 0.377289	 -0.260391	 -0.690247	 1
1463569484.876	 9	 0.353775	 -0.278229	 -0.649811	 1
1463569484.886	 9	 0.352921	 -0.310318	 -0.615082	 1
1463569484.896	 9	 0.345871	 -0.329407	 -0.576050	 1
1463569484.906	 9	 0.300827	 -0.330734	 -0.572037	 1
1463569484.916	 9	 0.239548	 -0.372086	 -0.577362	 1
1463569484.926	 9	 0.258438	 -0.371307	 -0.522507	 1
1463569484.936	 9	 0.213242	 -0.366302	 -0.541763	 1
1463569484.946	 9	 0.182373	 -0.397552	 -0.544662	 1
1463569484.956	 9	 0.161972	 -0.421127	 -0.538925	 1
1463569484.966	 9	 0.133438	 -0.457214	 -0.536743	 1
1463569484.976	 9	 0.115601	 -0.484985	 -0.543549	 1
1463569484.986	 9	 0.122910	 -0.477493	 -0.567276	 1
1463569484.996	 9	 0.134964	 -0.481796	 -0.607254	 1
1463569485.006	 9	 0.159225	 -0.497879	 -0.634613	 1
1463569485.016	 10	 0.177017	 -0.517685	 -0.645691	 1
1463569485.036	 10	 0.167389	 -0.572632	 -0.630646	 1
1463569485.046	 10	 0.159958	 -0.597687	 -0.608337	 1
1463569485.056	 10	 0.145966	 -0.620819	 -0.592041	 1
1463569485.066	 10	 0.173615	 -0.612045	 -0.558319	 1
1463569485.076	 10	 0.129257	 -0.635864	 -0.564652	 1
1463569485.086	 10	 0.134933	 -0.649612	 -0.558395	 1
1463569485.096	 10	 0.096924	 -0.714188	 -0.584091	 1
1463569485.106	 10	 0.125809	 -0.647064	 -0.579697	 1
1463569485.116	 10	 0.132324	 -0.624252	 -0.608368	 1
1463569485.126	 10	 0.133301	 -0.625214	 -0.614029	 1
1463569485.136	 10	 0.135956	 -0.643295	 -0.604874	 1
1463569485.146	 10	 0.125580	 -0.672546	 -0.599823	 1
1463569485.156	 10	 0.112030	 -0.680557	 -0.588745	 1
1463569485.166	 10	 0.103882	 -0.692505	 -0.575195	 1
1463569485.176	 10	 0.091415	 -0.695847	 -0.565323	 1
1463569485.186	 10	 0.084793	 -0.689301	 -0.560013	 1
1463569485.196	 11	 0.086212	 -0.684967	 -0.555420	 1
1463569485.216	 11	 0.099091	 -0.712814	 -0.561279	 1
1463569485.226	 11	 0.105438	 -0.718292	 -0.571655	 1
1463569485.236	 11	 0.104614	 -0.709763	 -0.580322	 1
1463569485.246	 11	 0.102234	 -0.706070	 -0.592194	 1
1463569485.256	 11	 0.100723	 -0.703415	 -0.598343	 1
1463569485.276	 12	 0.084076	 -0.689362	 -0.594162	 1
1463569485.286	 12	 0.067123	 -0.686264	 -0.590164	 1
1463569485.296	 12	 0.060455	 -0.682861	 -0.576584	 1
1463569485.306	 12	 0.043976	 -0.681473	 -0.569672	 1
1463569485.316	 13	 0.040085	 -0.706024	 -0.578812	 1
1463569485.336	 13	 0.093887	 -0.681534	 -0.569046	 1
1463569485.346	 13	 0.075470	 -0.688049	 -0.542297	 1
1463569485.356	 13	 0.037354	 -0.718994	 -0.556854	 1
1463569485.366	 13	 0.031647	 -0.694031	 -0.617096	 1
1463569485.376	 13	 0.045258	 -0.677185	 -0.632309	 1
1463569485.386	 13	 0.045441	 -0.687042	 -0.646729	 1
1463569485.396	 13	 0.071823	 -0.707825	 -0.686295	 1
