% Accelerometer data recorded with 'snsrlog'
% 
% Sampling frequency: 100 Hz
% 
% Label description:
% 	 0: Default Label
% 	 1: still_drop
% 	 2: walk_drop
% 	 3: other
% 	 4: dtw_same
% 	 5: dtw_diff
% 	 6: delete
% 
% Column description:
% 	 1: Seconds.milliseconds since 1970
% 	 2: Number of skipped measurements
% 	 3: Acceleration value in x-direction
% 	 4: Acceleration value in y-direction
% 	 5: Acceleration value in z-direction
% 	 6: Label used for the current sample
% 
% 
1461599092.897	 0	 0.779282	 0.194168	 -0.562485	 0
1461599092.907	 0	 0.773468	 0.158401	 -0.475052	 0
1461599092.917	 0	 0.778275	 0.121506	 -0.346054	 0
1461599092.927	 0	 0.762207	 0.111282	 -0.187576	 0
1461599092.937	 0	 0.754623	 0.088257	 -0.204315	 0
1461599092.947	 0	 0.689682	 0.117615	 -0.169434	 0
1461599092.957	 1	 0.732712	 0.093613	 -0.048279	 0
1461599092.977	 1	 1.002029	 0.007355	 -0.509613	 0
1461599092.987	 2	 1.081314	 0.119202	 -0.768249	 0
1461599093.007	 2	 0.982300	 0.355530	 -0.894394	 0
1461599093.017	 3	 0.876755	 0.421448	 -0.610855	 0
1461599093.037	 3	 0.680817	 0.372452	 -0.086258	 0
1461599093.047	 4	 0.771500	 0.193420	 -0.037842	 0
1461599093.067	 4	 1.063431	 0.111694	 -0.473007	 0
1461599093.077	 4	 1.180618	 0.335159	 -0.648651	 0
1461599093.087	 4	 1.282684	 0.342072	 -0.631927	 0
1461599093.097	 4	 1.246964	 0.328445	 -0.643845	 0
1461599093.107	 4	 1.117981	 0.345078	 -0.579391	 0
1461599093.117	 4	 1.018829	 0.316788	 -0.557892	 0
1461599093.127	 4	 0.910538	 0.243927	 -0.449493	 0
1461599093.137	 4	 0.860352	 0.167084	 -0.359268	 0
1461599093.147	 4	 0.864395	 0.116837	 -0.250076	 0
1461599093.157	 4	 0.976639	 0.087708	 -0.199005	 0
1461599093.167	 4	 1.078918	 0.087769	 -0.259918	 0
1461599093.177	 4	 1.106232	 0.057846	 -0.350616	 0
1461599093.187	 4	 1.167587	 0.100250	 -0.353897	 0
1461599093.197	 4	 1.186752	 0.160248	 -0.344284	 0
1461599093.207	 4	 1.169983	 0.215775	 -0.296890	 0
1461599093.217	 4	 1.198517	 0.261337	 -0.218323	 0
1461599093.227	 4	 1.286407	 0.284958	 -0.240555	 0
1461599093.237	 4	 1.383011	 0.287582	 -0.321091	 0
1461599093.247	 4	 1.511581	 0.302505	 -0.369751	 0
1461599093.257	 4	 1.620010	 0.324142	 -0.372299	 0
1461599093.267	 4	 1.672974	 0.346359	 -0.301407	 0
1461599093.277	 4	 1.706985	 0.362717	 -0.196609	 0
1461599093.287	 4	 1.714096	 0.387894	 -0.111923	 0
1461599093.297	 4	 1.690964	 0.387604	 -0.026443	 0
1461599093.307	 4	 1.678055	 0.322494	 0.037903	 0
1461599093.317	 4	 1.659317	 0.260071	 0.058807	 0
1461599093.327	 4	 1.639374	 0.265717	 0.055374	 0
1461599093.337	 4	 1.560150	 0.349487	 0.070099	 0
1461599093.347	 4	 1.529053	 0.417679	 0.124298	 0
1461599093.357	 4	 1.480316	 0.448929	 0.124847	 0
1461599093.367	 4	 1.430420	 0.459122	 0.119522	 0
1461599093.377	 5	 1.446579	 0.426895	 0.201096	 0
1461599093.397	 6	 1.395721	 0.257187	 0.347794	 0
1461599093.417	 6	 1.425919	 -0.001907	 0.750275	 0
1461599093.427	 6	 1.303772	 0.297836	 0.679749	 0
1461599093.437	 6	 1.103043	 0.592285	 0.609207	 0
1461599093.447	 6	 0.924118	 0.782196	 0.541916	 0
1461599093.457	 6	 0.809265	 0.888763	 0.446396	 0
1461599093.467	 6	 0.792603	 0.941269	 0.325073	 0
1461599093.477	 6	 0.769897	 0.938492	 0.220612	 0
1461599093.487	 6	 0.751480	 0.879395	 0.126892	 0
1461599093.497	 6	 0.859817	 0.839340	 -0.041473	 0
1461599093.507	 6	 1.040436	 0.617477	 -0.289474	 0
1461599093.517	 6	 1.062805	 0.478333	 -0.494247	 0
1461599093.527	 6	 1.030624	 0.550797	 -0.376907	 0
1461599093.537	 6	 0.970657	 0.305359	 -0.452271	 0
1461599093.547	 6	 0.749466	 -0.035202	 -0.329727	 0
1461599093.557	 6	 0.672012	 -0.099136	 -0.173080	 0
1461599093.567	 6	 0.604065	 -0.142532	 -0.042191	 0
1461599093.577	 6	 0.475677	 -0.120926	 0.026917	 0
1461599093.587	 6	 0.348862	 -0.088104	 0.056122	 0
1461599093.597	 6	 0.283463	 -0.044098	 0.147934	 0
1461599093.607	 6	 0.309128	 -0.098038	 0.250961	 0
1461599093.617	 6	 0.364380	 -0.127121	 0.318222	 0
1461599093.627	 6	 0.395370	 -0.187775	 0.264618	 0
1461599093.637	 6	 0.503555	 -0.181168	 0.198334	 0
1461599093.647	 6	 0.655716	 -0.126907	 0.107635	 0
1461599093.657	 6	 0.720703	 0.051147	 0.067841	 0
1461599093.667	 6	 0.730118	 0.154251	 0.063950	 0
1461599093.677	 6	 0.719849	 0.192062	 0.114914	 0
1461599093.687	 6	 0.702545	 0.247879	 0.295807	 0
1461599093.697	 6	 0.721451	 0.208511	 0.395279	 0
1461599093.707	 6	 0.757355	 0.194946	 0.335846	 0
1461599093.717	 6	 0.899200	 0.011047	 0.248642	 0
1461599093.727	 6	 1.161942	 0.075119	 0.027023	 0
1461599093.737	 6	 1.306030	 0.384705	 -0.077805	 0
1461599093.747	 6	 1.212173	 0.778442	 -0.290207	 0
1461599093.757	 6	 1.186157	 0.957565	 -0.207397	 0
1461599093.767	 6	 0.976746	 0.897156	 -0.160172	 0
1461599093.777	 6	 0.889877	 0.689423	 -0.119171	 0
1461599093.787	 6	 0.931503	 0.820755	 -0.026703	 0
1461599093.797	 6	 1.040649	 0.872711	 -0.046432	 0
1461599093.807	 6	 1.131470	 0.657883	 -0.000290	 0
1461599093.827	 7	 1.235703	 0.442612	 0.223602	 0
1461599093.837	 7	 1.235703	 0.442612	 0.223602	 0
1461599093.847	 7	 1.479752	 0.473450	 0.239716	 0
1461599093.857	 7	 1.335800	 0.529495	 0.144577	 0
1461599093.867	 7	 1.112488	 0.597366	 0.064957	 0
1461599093.877	 8	 1.088821	 0.741287	 0.025314	 0
1461599093.897	 8	 1.221466	 0.929077	 -0.127518	 0
1461599093.907	 8	 1.119339	 0.803589	 -0.083450	 0
1461599093.917	 8	 1.070770	 0.638626	 -0.105164	 0
1461599093.927	 8	 1.048538	 0.508759	 -0.066864	 0
1461599093.937	 9	 1.050583	 0.414490	 0.300354	 0
1461599093.957	 9	 0.755051	 0.462296	 0.163513	 0
1461599093.967	 9	 0.632812	 0.443954	 0.024796	 0
1461599093.977	 9	 0.476685	 0.381485	 0.114166	 0
1461599093.987	 9	 0.073425	 0.265579	 0.198441	 0
1461599093.997	 10	 0.083191	 0.257675	 0.303024	 0
1461599094.017	 10	 0.452911	 0.410172	 0.129684	 0
1461599094.027	 10	 0.412201	 0.426407	 0.089249	 0
1461599094.037	 10	 0.359039	 0.440323	 0.166763	 0
1461599094.047	 10	 0.364105	 0.609573	 0.642517	 0
1461599094.057	 10	 0.398041	 0.815643	 1.015625	 0
1461599094.067	 10	 0.349472	 0.946594	 1.054275	 0
1461599094.077	 10	 0.231186	 1.096405	 0.685211	 0
1461599094.087	 10	 0.059006	 1.326935	 0.072281	 0
1461599094.097	 11	 -0.028641	 1.471283	 -0.108704	 0
1461599094.117	 11	 0.080429	 2.492584	 -0.094070	 0
1461599094.127	 11	 0.016647	 3.084000	 -0.073608	 0
1461599094.137	 11	 -0.021790	 3.078491	 0.046234	 0
1461599094.147	 11	 0.017365	 2.306457	 -0.022919	 0
1461599094.157	 11	 0.094528	 1.336975	 -0.189224	 0
1461599094.167	 11	 0.268066	 0.696655	 -0.104660	 0
1461599094.177	 11	 0.368637	 0.295883	 -0.170670	 0
1461599094.187	 11	 0.313080	 0.198639	 -0.203583	 0
1461599094.197	 11	 0.220245	 0.179230	 -0.246323	 0
1461599094.207	 11	 0.093597	 0.187500	 -0.302734	 0
1461599094.227	 11	 -0.098724	 0.403656	 -0.522675	 0
1461599094.217	 11	 -0.024872	 0.333389	 -0.419128	 0
1461599094.237	 11	 -0.114517	 0.410767	 -0.572388	 0
1461599094.247	 11	 -0.106781	 0.379868	 -0.481705	 0
1461599094.257	 18	 -0.104706	 0.311279	 -0.346558	 0
1461599094.337	 18	 -0.096451	 2.323975	 2.600906	 0
1461599094.347	 18	 0.057907	 2.403214	 2.316589	 0
1461599094.357	 18	 0.184418	 2.036270	 1.654282	 0
1461599094.367	 18	 0.176392	 1.590240	 0.904999	 0
1461599094.377	 18	 0.075134	 1.195923	 0.316345	 0
1461599094.387	 18	 -0.112122	 0.882736	 0.000061	 0
1461599094.397	 18	 -0.309387	 0.782944	 -0.109772	 0
1461599094.407	 18	 -0.319702	 0.827011	 -0.150986	 0
1461599094.417	 18	 -0.241806	 0.922424	 -0.204773	 0
1461599094.427	 18	 -0.134659	 1.059265	 -0.284119	 0
1461599094.437	 18	 0.035599	 1.191681	 -0.153580	 0
1461599094.447	 18	 0.240417	 1.383713	 0.149460	 0
1461599094.457	 19	 0.234756	 1.623306	 -0.074417	 0
1461599094.477	 19	 -0.210312	 1.426041	 -0.481720	 0
1461599094.487	 19	 -0.299133	 1.154327	 -0.421326	 0
1461599094.497	 19	 -0.345566	 0.916428	 -0.298340	 0
1461599094.507	 19	 -0.321182	 0.741608	 -0.217468	 0
1461599094.517	 19	 -0.241592	 0.632080	 -0.152405	 0
1461599094.527	 19	 -0.165955	 0.638565	 -0.115158	 0
1461599094.537	 19	 -0.090881	 0.698547	 -0.098526	 0
1461599094.547	 19	 -0.032120	 0.774933	 -0.087875	 0
1461599094.557	 19	 0.014023	 0.853760	 -0.073959	 0
1461599094.567	 19	 0.054733	 0.923004	 -0.054367	 0
1461599094.577	 19	 0.116821	 0.986649	 -0.042160	 0
1461599094.587	 19	 0.184982	 1.057953	 -0.046875	 0
1461599094.597	 19	 0.289124	 1.117599	 0.003662	 0
1461599094.607	 19	 0.493866	 1.130539	 0.127014	 0
1461599094.617	 19	 0.650070	 1.053574	 0.102386	 0
1461599094.627	 19	 0.739090	 0.933670	 -0.043304	 0
1461599094.637	 19	 0.772202	 0.882141	 -0.138016	 0
1461599094.647	 19	 0.739487	 0.874786	 -0.189346	 0
1461599094.657	 19	 0.674194	 0.863220	 -0.173477	 0
1461599094.667	 19	 0.614532	 0.833801	 -0.134262	 0
1461599094.677	 19	 0.532181	 0.824799	 -0.103699	 0
1461599094.687	 19	 0.408066	 0.828674	 0.047821	 0
1461599094.697	 19	 0.285919	 0.861023	 0.291916	 0
1461599094.707	 19	 0.296585	 0.882614	 0.321930	 0
1461599094.717	 19	 0.201096	 0.929932	 0.273773	 0
1461599094.727	 19	 0.174622	 0.932861	 0.236893	 0
1461599094.737	 19	 0.185516	 0.926651	 0.177185	 0
1461599094.747	 19	 0.186890	 0.905518	 0.110748	 0
1461599094.757	 19	 0.191315	 0.885910	 0.060669	 0
1461599094.767	 19	 0.194962	 0.865616	 0.048203	 0
1461599094.777	 19	 0.181808	 0.837326	 0.061493	 0
1461599094.787	 19	 0.169540	 0.809967	 0.095215	 0
1461599094.797	 19	 0.186508	 0.788162	 0.095718	 0
1461599094.807	 19	 0.204926	 0.793045	 0.059357	 0
1461599094.817	 19	 0.226624	 0.820404	 0.009476	 0
1461599094.827	 19	 0.231018	 0.867477	 -0.010971	 0
1461599094.837	 19	 0.224686	 0.922684	 0.017059	 0
1461599094.847	 20	 0.184036	 0.985077	 0.060013	 0
1461599094.867	 20	 0.370239	 1.306717	 0.365829	 0
1461599094.877	 20	 0.538315	 1.279999	 0.324936	 0
1461599094.887	 20	 0.646530	 1.224945	 0.170944	 0
1461599094.897	 20	 0.708679	 1.220306	 0.066650	 0
1461599094.907	 20	 0.767639	 1.267212	 0.089264	 0
1461599094.917	 20	 0.809540	 1.293961	 0.170898	 0
1461599094.927	 20	 0.797882	 1.271927	 0.302689	 0
1461599094.937	 20	 0.748184	 1.232025	 0.456818	 0
1461599094.947	 20	 0.704407	 1.263413	 0.612137	 0
1461599094.957	 20	 0.700256	 1.351364	 0.713074	 0
1461599094.967	 20	 0.725281	 1.385712	 0.709152	 0
1461599094.977	 20	 0.738113	 1.319794	 0.643158	 0
1461599094.987	 20	 0.718155	 1.272980	 0.438538	 0
1461599094.997	 20	 0.640579	 1.272827	 0.217438	 0
1461599095.007	 20	 0.506317	 1.270630	 0.137604	 0
1461599095.017	 20	 0.370804	 1.311951	 0.132095	 0
1461599095.027	 20	 0.295044	 1.401245	 0.010910	 0
1461599095.037	 20	 0.314606	 1.440536	 -0.268662	 0
1461599095.047	 20	 0.354095	 1.413315	 -0.518509	 0
1461599095.057	 20	 0.376129	 1.380859	 -0.475174	 0
1461599095.067	 20	 0.410446	 1.402557	 -0.331314	 0
1461599095.077	 20	 0.435776	 1.428574	 -0.230179	 0
1461599095.087	 21	 0.435730	 1.426575	 -0.215393	 0
1461599095.107	 21	 0.314255	 1.403397	 -0.225021	 0
1461599095.117	 21	 0.261093	 1.393188	 0.037460	 0
1461599095.127	 21	 0.240372	 1.421082	 0.320435	 0
1461599095.137	 21	 0.203812	 1.404266	 0.253616	 0
1461599095.147	 21	 0.162735	 1.331711	 0.059937	 0
1461599095.157	 21	 0.126221	 1.226089	 -0.074249	 0
1461599095.167	 21	 0.101273	 1.105469	 -0.090698	 0
1461599095.177	 21	 0.106247	 0.971832	 -0.053619	 0
1461599095.187	 21	 0.113754	 0.884216	 -0.025604	 0
1461599095.197	 21	 0.060226	 0.839600	 -0.067749	 0
1461599095.207	 21	 0.030380	 0.764633	 -0.114624	 0
1461599095.217	 21	 0.029282	 0.672409	 -0.147034	 0
1461599095.227	 21	 0.032333	 0.587723	 -0.147781	 0
1461599095.237	 21	 0.041595	 0.518814	 -0.141205	 0
1461599095.247	 21	 0.039886	 0.460007	 -0.162048	 0
1461599095.257	 21	 0.049759	 0.414093	 -0.201828	 0
1461599095.267	 21	 0.059769	 0.380692	 -0.240204	 0
1461599095.277	 21	 0.064316	 0.364975	 -0.216049	 0
1461599095.287	 21	 0.063889	 0.372162	 -0.188202	 0
1461599095.297	 21	 0.052750	 0.386719	 -0.195374	 0
1461599095.307	 21	 0.029175	 0.380310	 -0.217117	 0
1461599095.317	 21	 0.008789	 0.355209	 -0.243149	 0
1461599095.327	 21	 -0.017151	 0.324478	 -0.259857	 0
1461599095.337	 21	 -0.034454	 0.287476	 -0.250336	 0
1461599095.347	 21	 -0.033737	 0.261398	 -0.229309	 0
1461599095.357	 21	 -0.045532	 0.276291	 -0.201462	 0
1461599095.367	 21	 -0.064804	 0.328918	 -0.130096	 0
1461599095.377	 21	 -0.075302	 0.443314	 -0.007477	 0
1461599095.387	 21	 -0.093994	 0.642593	 0.269165	 0
1461599095.397	 21	 -0.144669	 1.000915	 0.912888	 0
1461599095.407	 21	 -0.095383	 1.499802	 1.789795	 0
1461599095.417	 21	 0.284317	 2.143005	 2.885971	 0
1461599095.427	 21	 0.653473	 2.563339	 3.593475	 0
1461599095.437	 21	 0.698761	 2.020798	 2.266922	 0
1461599095.447	 21	 0.653137	 1.496048	 1.024353	 0
1461599095.457	 21	 0.575378	 1.139389	 0.341217	 0
1461599095.467	 21	 0.396118	 0.910431	 0.052200	 0
1461599095.477	 21	 0.085419	 0.808044	 0.030365	 0
1461599095.487	 21	 -0.183685	 1.020996	 0.082352	 0
1461599095.497	 21	 -0.267197	 1.277954	 0.037521	 0
1461599095.507	 21	 -0.232285	 1.389877	 -0.168182	 0
1461599095.517	 21	 -0.157898	 1.521744	 -0.147369	 0
1461599095.527	 21	 0.066040	 1.697205	 0.459351	 0
1461599095.537	 21	 0.439392	 1.685120	 0.752289	 0
1461599095.547	 21	 0.429535	 1.317764	 0.148026	 0
1461599095.557	 21	 0.037994	 0.938355	 -0.778641	 0
1461599095.567	 21	 -0.101318	 0.715744	 -0.678223	 0
1461599095.577	 21	 -0.124115	 0.573395	 -0.492661	 0
1461599095.587	 21	 -0.167725	 0.556717	 -0.373337	 0
1461599095.597	 21	 -0.164169	 0.599823	 -0.233627	 0
1461599095.607	 21	 -0.067871	 0.758987	 -0.135910	 0
1461599095.617	 21	 0.040985	 0.902176	 -0.166077	 0
1461599095.627	 21	 0.121994	 0.988571	 -0.206635	 0
1461599095.637	 21	 0.188995	 1.047089	 -0.132629	 0
1461599095.647	 21	 0.210434	 1.066528	 -0.071152	 0
1461599095.657	 22	 0.202637	 1.079376	 -0.071182	 0
1461599095.677	 22	 0.205444	 1.063477	 -0.141632	 0
1461599095.687	 22	 0.210358	 1.014511	 -0.176132	 0
1461599095.697	 22	 0.219727	 0.969254	 -0.209167	 0
1461599095.707	 22	 0.229355	 0.936264	 -0.231369	 0
1461599095.717	 22	 0.244400	 0.903519	 -0.233322	 0
1461599095.727	 22	 0.260010	 0.886124	 -0.217102	 0
1461599095.737	 22	 0.279022	 0.851746	 -0.079803	 0
1461599095.747	 22	 0.298080	 0.829407	 0.145187	 0
1461599095.757	 22	 0.281021	 0.860916	 0.194199	 0
1461599095.767	 22	 0.278244	 0.879135	 0.201599	 0
1461599095.777	 22	 0.285645	 0.876465	 0.233414	 0
1461599095.787	 22	 0.282867	 0.882538	 0.288879	 0
1461599095.797	 22	 0.274460	 0.923538	 0.345322	 0
1461599095.807	 22	 0.257553	 0.970947	 0.288193	 0
1461599095.817	 22	 0.257675	 0.977707	 0.158142	 0
1461599095.827	 22	 0.266708	 0.951736	 0.050735	 0
1461599095.837	 22	 0.271271	 0.894882	 -0.009399	 0
1461599095.847	 22	 0.267883	 0.841690	 -0.026962	 0
1461599095.857	 22	 0.247147	 0.794846	 -0.015915	 0
1461599095.867	 22	 0.221420	 0.767014	 0.028793	 0
1461599095.877	 22	 0.202560	 0.775040	 0.070267	 0
1461599095.887	 22	 0.182724	 0.811569	 0.089874	 0
1461599095.897	 22	 0.169403	 0.853821	 0.087372	 0
1461599095.907	 22	 0.163483	 0.883621	 0.078079	 0
1461599095.917	 22	 0.155838	 0.905395	 0.071182	 0
1461599095.927	 22	 0.153168	 0.929794	 0.092789	 0
1461599095.937	 22	 0.165634	 0.977097	 0.129929	 0
1461599095.947	 22	 0.217529	 1.084396	 0.150284	 0
1461599095.957	 22	 0.313812	 1.200409	 0.154449	 0
1461599095.967	 22	 0.406281	 1.273285	 0.130814	 0
1461599095.977	 22	 0.470291	 1.321045	 0.073303	 0
1461599095.987	 22	 0.498383	 1.354813	 0.025406	 0
1461599095.997	 22	 0.520325	 1.371536	 0.060776	 0
1461599096.007	 22	 0.536560	 1.403336	 0.174484	 0
1461599096.017	 22	 0.536835	 1.417114	 0.307938	 0
1461599096.027	 22	 0.519348	 1.402252	 0.427780	 0
1461599096.037	 22	 0.501221	 1.374695	 0.530930	 0
1461599096.047	 22	 0.507095	 1.402252	 0.587036	 0
1461599096.057	 22	 0.549667	 1.460922	 0.608673	 0
1461599096.067	 22	 0.597443	 1.449677	 0.588486	 0
1461599096.077	 22	 0.613388	 1.356720	 0.570831	 0
1461599096.087	 22	 0.594437	 1.277374	 0.466064	 0
1461599096.097	 22	 0.510803	 1.254608	 0.320221	 0
1461599096.107	 22	 0.386795	 1.231384	 0.328720	 0
1461599096.117	 22	 0.238998	 1.237259	 0.383163	 0
1461599096.127	 22	 0.139481	 1.323242	 0.206940	 0
1461599096.137	 22	 0.338409	 1.455292	 -0.469025	 0
1461599096.147	 22	 0.372482	 1.439240	 -0.376617	 0
1461599096.157	 22	 0.399796	 1.401215	 -0.265320	 0
1461599096.167	 22	 0.385498	 1.379059	 -0.201721	 0
1461599096.177	 22	 0.351349	 1.370789	 -0.172623	 0
1461599096.187	 22	 0.310959	 1.366409	 -0.204559	 0
1461599096.197	 22	 0.255600	 1.359741	 -0.265503	 0
1461599096.207	 22	 0.195557	 1.356873	 -0.312592	 0
1461599096.217	 22	 0.152390	 1.380295	 -0.228043	 0
1461599096.227	 22	 0.143311	 1.459824	 0.073517	 0
1461599096.237	 22	 0.108994	 1.485352	 0.197510	 0
1461599096.247	 23	 0.061691	 1.374008	 0.174957	 0
1461599096.267	 23	 0.006393	 1.053909	 0.004745	 0
1461599096.277	 23	 0.015305	 0.906631	 -0.034897	 0
1461599096.287	 23	 -0.049072	 0.825012	 -0.089554	 0
1461599096.297	 23	 -0.068054	 0.698242	 -0.105179	 0
1461599096.307	 23	 -0.038757	 0.601013	 -0.127335	 0
1461599096.317	 23	 -0.006012	 0.515961	 -0.145309	 0
1461599096.327	 23	 0.014236	 0.438782	 -0.174942	 0
1461599096.337	 23	 0.024796	 0.395050	 -0.199753	 0
1461599096.347	 23	 0.021255	 0.376389	 -0.231949	 0
1461599096.357	 23	 0.026611	 0.366623	 -0.231537	 0
1461599096.367	 23	 0.030792	 0.381104	 -0.210007	 0
1461599096.377	 23	 0.022995	 0.397598	 -0.211304	 0
1461599096.387	 23	 0.018524	 0.381332	 -0.206787	 0
1461599096.397	 23	 0.012161	 0.344910	 -0.202164	 0
1461599096.407	 23	 -0.011093	 0.303970	 -0.223038	 0
1461599096.417	 23	 -0.039520	 0.268600	 -0.259460	 0
1461599096.427	 23	 -0.056488	 0.239288	 -0.274231	 0
1461599096.437	 23	 -0.069122	 0.233139	 -0.261398	 0
1461599096.447	 23	 -0.070679	 0.246078	 -0.206772	 0
1461599096.457	 23	 -0.080963	 0.315414	 -0.095215	 0
1461599096.467	 23	 -0.083923	 0.465622	 0.059158	 0
1461599096.477	 23	 -0.081161	 0.701141	 0.371292	 0
1461599096.487	 23	 -0.111740	 1.048843	 1.153702	 0
1461599096.497	 23	 -0.046799	 1.604721	 2.625015	 0
1461599096.507	 23	 0.296280	 2.367691	 3.184463	 0
1461599096.517	 23	 0.360199	 2.591553	 2.901230	 0
1461599096.527	 23	 0.318359	 2.085556	 1.889725	 0
1461599096.537	 23	 0.215317	 1.576584	 0.927063	 0
1461599096.547	 23	 0.090073	 1.217697	 0.368622	 0
1461599096.557	 23	 -0.088089	 1.002243	 0.154114	 0
1461599096.567	 23	 -0.291412	 0.848114	 0.062241	 0
1461599096.577	 23	 -0.369781	 0.887817	 -0.017563	 0
1461599096.587	 23	 -0.374771	 0.932510	 -0.101913	 0
1461599096.597	 23	 -0.361740	 0.982849	 -0.174194	 0
1461599096.607	 23	 -0.292831	 1.082336	 -0.276840	 0
1461599096.617	 23	 -0.049484	 1.271362	 -0.160370	 0
1461599096.627	 23	 0.242310	 1.459595	 0.101074	 0
1461599096.637	 23	 0.423630	 1.465759	 0.347214	 0
1461599096.647	 23	 0.471436	 1.446121	 0.455673	 0
1461599096.657	 23	 0.091034	 1.145477	 -0.155975	 0
1461599096.667	 23	 -0.080505	 0.880630	 -0.393707	 0
1461599096.677	 23	 -0.145386	 0.737915	 -0.331436	 0
1461599096.687	 23	 -0.205948	 0.652176	 -0.279892	 0
1461599096.697	 23	 -0.209930	 0.616486	 -0.223480	 0
1461599096.707	 23	 -0.143677	 0.745941	 -0.174973	 0
1461599096.717	 23	 -0.032654	 0.952087	 -0.200821	 0
1461599096.727	 23	 0.069443	 1.062332	 -0.232498	 0
1461599096.737	 23	 0.166336	 1.082397	 -0.186996	 0
1461599096.747	 23	 0.235306	 1.079010	 -0.104813	 0
1461599096.757	 23	 0.239227	 1.071457	 -0.082016	 0
1461599096.767	 23	 0.209137	 1.054596	 -0.104385	 0
1461599096.777	 23	 0.185806	 1.036728	 -0.125168	 0
1461599096.787	 24	 0.192612	 1.004807	 -0.142303	 0
1461599096.807	 24	 0.242737	 0.941223	 -0.131393	 0
1461599096.817	 24	 0.300842	 0.889771	 -0.056259	 0
1461599096.827	 24	 0.322479	 0.874954	 0.020264	 0
1461599096.837	 24	 0.318726	 0.880829	 -0.002975	 0
1461599096.847	 24	 0.298111	 0.890945	 -0.039291	 0
1461599096.857	 24	 0.283356	 0.884430	 -0.019867	 0
1461599096.867	 24	 0.282059	 0.878998	 0.053192	 0
1461599096.877	 24	 0.266815	 0.873642	 0.169647	 0
1461599096.887	 24	 0.239380	 0.886581	 0.253769	 0
1461599096.897	 24	 0.217011	 0.902893	 0.243927	 0
1461599096.907	 24	 0.197266	 0.904495	 0.166000	 0
1461599096.917	 24	 0.193405	 0.912430	 0.062408	 0
1461599096.927	 24	 0.203796	 0.909164	 -0.016388	 0
1461599096.937	 24	 0.214539	 0.886688	 -0.054199	 0
1461599096.947	 25	 0.217468	 0.863571	 -0.048782	 0
1461599096.967	 25	 0.177139	 0.831299	 0.065994	 0
1461599096.977	 25	 0.139740	 0.838638	 0.113800	 0
1461599096.987	 25	 0.122971	 0.859741	 0.141815	 0
1461599096.997	 25	 0.128998	 0.870422	 0.143402	 0
1461599097.007	 25	 0.147217	 0.884308	 0.152344	 0
1461599097.017	 25	 0.173370	 0.928680	 0.183441	 0
1461599097.027	 25	 0.227432	 1.036057	 0.187363	 0
1461599097.037	 25	 0.330582	 1.175583	 0.189941	 0
1461599097.047	 25	 0.460068	 1.258026	 0.152069	 0
1461599097.057	 25	 0.542603	 1.273529	 0.065567	 0
1461599097.067	 25	 0.564270	 1.285629	 -0.003067	 0
1461599097.077	 25	 0.574661	 1.309723	 0.011612	 0
1461599097.087	 25	 0.595810	 1.326599	 0.096451	 0
1461599097.097	 25	 0.595474	 1.339828	 0.208557	 0
1461599097.107	 25	 0.570145	 1.340057	 0.281891	 0
1461599097.117	 25	 0.511093	 1.321579	 0.343216	 0
1461599097.127	 25	 0.454132	 1.329681	 0.432602	 0
1461599097.137	 25	 0.434753	 1.411499	 0.534286	 0
1461599097.147	 25	 0.449554	 1.506378	 0.616974	 0
1461599097.157	 25	 0.507751	 1.503815	 0.647476	 0
1461599097.167	 25	 0.583679	 1.401993	 0.587555	 0
1461599097.177	 25	 0.621338	 1.346725	 0.438858	 0
1461599097.187	 25	 0.558807	 1.299210	 0.295639	 0
1461599097.197	 25	 0.434998	 1.225311	 0.304993	 0
1461599097.207	 25	 0.277679	 1.212311	 0.341385	 0
1461599097.217	 25	 0.176392	 1.264954	 0.144562	 0
1461599097.227	 25	 0.199829	 1.297180	 -0.256897	 0
1461599097.237	 25	 0.235764	 1.307510	 -0.476089	 0
1461599097.247	 25	 0.259995	 1.374268	 -0.458038	 0
1461599097.257	 25	 0.275650	 1.428772	 -0.397629	 0
1461599097.267	 25	 0.276978	 1.439224	 -0.305618	 0
1461599097.277	 25	 0.291000	 1.449402	 -0.228989	 0
1461599097.287	 25	 0.300125	 1.461060	 -0.169632	 0
1461599097.297	 25	 0.283615	 1.473419	 -0.141693	 0
1461599097.307	 25	 0.257584	 1.464890	 -0.092392	 0
1461599097.317	 25	 0.248550	 1.483185	 0.128387	 0
1461599097.327	 25	 0.210419	 1.486710	 0.211517	 0
1461599097.337	 25	 0.135544	 1.417328	 0.086853	 0
1461599097.347	 25	 0.048721	 1.284439	 -0.025925	 0
1461599097.357	 25	 0.019730	 1.112396	 -0.019653	 0
1461599097.367	 25	 0.034332	 0.967575	 -0.011032	 0
1461599097.377	 25	 -0.004715	 0.875977	 -0.041504	 0
1461599097.387	 25	 -0.042877	 0.782318	 -0.099167	 0
1461599097.397	 25	 -0.040421	 0.690399	 -0.122894	 0
1461599097.407	 25	 -0.016220	 0.587616	 -0.117813	 0
1461599097.417	 25	 0.005539	 0.497223	 -0.122757	 0
1461599097.427	 25	 0.019806	 0.378326	 -0.198929	 0
1461599097.437	 25	 0.023590	 0.356277	 -0.256882	 0
1461599097.447	 25	 0.028595	 0.352936	 -0.294052	 0
1461599097.457	 25	 0.031860	 0.362518	 -0.301437	 0
1461599097.467	 25	 0.040009	 0.365967	 -0.283630	 0
1461599097.477	 25	 0.034286	 0.351059	 -0.263245	 0
1461599097.487	 25	 0.011795	 0.326813	 -0.255707	 0
1461599097.497	 25	 -0.018341	 0.294815	 -0.243500	 0
1461599097.507	 25	 -0.048553	 0.269928	 -0.229111	 0
1461599097.517	 25	 -0.064453	 0.251953	 -0.219086	 0
1461599097.527	 25	 -0.076935	 0.249878	 -0.199905	 0
1461599097.537	 25	 -0.073318	 0.269638	 -0.157074	 0
1461599097.547	 25	 -0.076248	 0.347595	 -0.079514	 0
1461599097.557	 25	 -0.092270	 0.510742	 0.063370	 0
1461599097.567	 25	 -0.132950	 0.775986	 0.406235	 0
1461599097.577	 25	 -0.185120	 1.173950	 1.348953	 0
1461599097.587	 25	 -0.030167	 1.802933	 2.701797	 0
1461599097.597	 25	 0.379669	 2.487289	 3.483765	 0
1461599097.607	 25	 0.540955	 2.459549	 3.035248	 0
1461599097.617	 25	 0.541794	 1.935089	 1.698502	 0
1461599097.627	 25	 0.425766	 1.467651	 0.725189	 0
1461599097.637	 25	 0.273163	 1.169678	 0.154480	 0
1461599097.647	 25	 0.059525	 0.973480	 -0.110062	 0
1461599097.657	 25	 -0.161545	 0.889221	 -0.161026	 0
1461599097.667	 25	 -0.241730	 0.934677	 -0.177063	 0
1461599097.677	 25	 -0.256821	 0.998520	 -0.230499	 0
1461599097.687	 25	 -0.252808	 1.102447	 -0.295258	 0
1461599097.697	 25	 -0.168488	 1.293716	 -0.142944	 0
1461599097.707	 25	 0.114502	 1.587585	 0.428162	 0
1461599097.717	 25	 0.427231	 1.665253	 0.748352	 0
1461599097.727	 25	 0.484482	 1.510696	 0.596924	 0
1461599097.737	 25	 0.051453	 1.149918	 -0.359756	 0
1461599097.747	 25	 -0.120300	 0.821381	 -0.560959	 0
1461599097.757	 25	 -0.153122	 0.648239	 -0.444839	 0
1461599097.767	 25	 -0.191727	 0.587082	 -0.351257	 0
1461599097.777	 25	 -0.165039	 0.570389	 -0.251984	 0
1461599097.787	 25	 -0.104813	 0.704300	 -0.184769	 0
1461599097.797	 25	 -0.056885	 0.893417	 -0.172455	 0
1461599097.807	 25	 -0.016876	 1.032028	 -0.188919	 0
1461599097.817	 25	 0.023895	 1.115158	 -0.202698	 0
1461599097.827	 25	 0.075058	 1.127686	 -0.144394	 0
1461599097.837	 25	 0.118195	 1.115738	 -0.092102	 0
1461599097.847	 25	 0.136383	 1.115768	 -0.068420	 0
1461599097.857	 25	 0.155594	 1.104584	 -0.084290	 0
1461599097.867	 25	 0.188568	 1.065643	 -0.119217	 0
1461599097.877	 25	 0.258560	 1.001602	 -0.140472	 0
1461599097.887	 25	 0.300964	 0.933868	 -0.179779	 0
1461599097.897	 25	 0.325333	 0.889694	 -0.219391	 0
1461599097.907	 25	 0.352798	 0.856064	 -0.231293	 0
1461599097.917	 25	 0.371658	 0.849091	 -0.206650	 0
1461599097.927	 25	 0.391251	 0.844162	 -0.142288	 0
1461599097.937	 25	 0.411377	 0.810913	 -0.057510	 0
1461599097.947	 25	 0.376419	 0.840317	 0.024490	 0
1461599097.957	 25	 0.332596	 0.887680	 0.060913	 0
1461599097.967	 25	 0.309784	 0.892380	 0.117142	 0
1461599097.977	 25	 0.299240	 0.896210	 0.209717	 0
1461599097.987	 25	 0.289612	 0.916840	 0.280350	 0
1461599097.997	 25	 0.294403	 0.928711	 0.305130	 0
1461599098.007	 25	 0.305649	 0.934158	 0.283279	 0
1461599098.017	 25	 0.304367	 0.910980	 0.230209	 0
1461599098.027	 25	 0.296982	 0.874008	 0.170486	 0
1461599098.037	 25	 0.291763	 0.848221	 0.125763	 0
1461599098.047	 25	 0.287811	 0.842728	 0.091125	 0
1461599098.057	 25	 0.281631	 0.859940	 0.061142	 0
1461599098.067	 25	 0.268204	 0.875000	 0.030075	 0
1461599098.077	 25	 0.268921	 0.871506	 0.006699	 0
1461599098.087	 25	 0.272400	 0.851349	 -0.008545	 0
1461599098.097	 25	 0.272034	 0.844818	 -0.001419	 0
1461599098.107	 25	 0.274155	 0.870224	 0.044220	 0
1461599098.117	 25	 0.278275	 0.945648	 0.122330	 0
1461599098.127	 25	 0.299622	 1.087555	 0.220734	 0
1461599098.137	 25	 0.372650	 1.241089	 0.290588	 0
1461599098.147	 25	 0.454880	 1.332291	 0.274612	 0
1461599098.157	 25	 0.499817	 1.361664	 0.198288	 0
1461599098.167	 25	 0.516602	 1.374313	 0.170502	 0
1461599098.177	 25	 0.508972	 1.386124	 0.241684	 0
1461599098.187	 25	 0.478653	 1.386658	 0.340286	 0
1461599098.197	 25	 0.452316	 1.366318	 0.371948	 0
1461599098.207	 25	 0.445328	 1.338470	 0.366226	 0
1461599098.217	 25	 0.473389	 1.364197	 0.416656	 0
1461599098.227	 26	 0.512222	 1.437485	 0.510971	 0
1461599098.247	 26	 0.621811	 1.367355	 0.696976	 0
1461599098.257	 26	 0.643646	 1.239944	 0.638107	 0
1461599098.267	 26	 0.638290	 1.208145	 0.475769	 0
1461599098.277	 26	 0.592682	 1.218491	 0.381409	 0
1461599098.287	 27	 0.480301	 1.243652	 0.387436	 0
1461599098.307	 27	 0.384933	 1.273438	 -0.058563	 0
1461599098.317	 27	 0.390564	 1.231506	 -0.352325	 0
1461599098.327	 27	 0.426865	 1.319290	 -0.443085	 0
1461599098.337	 27	 0.431595	 1.454163	 -0.479843	 0
1461599098.347	 27	 0.414795	 1.528641	 -0.472412	 0
1461599098.357	 27	 0.420532	 1.490250	 -0.390244	 0
1461599098.367	 27	 0.403320	 1.440872	 -0.317566	 0
1461599098.377	 27	 0.368866	 1.427078	 -0.300598	 0
1461599098.387	 27	 0.329788	 1.444595	 -0.314789	 0
1461599098.397	 27	 0.303131	 1.426315	 -0.190552	 0
1461599098.407	 27	 0.320694	 1.471237	 0.157257	 0
1461599098.417	 27	 0.259048	 1.425613	 0.231812	 0
1461599098.427	 27	 0.179581	 1.317306	 0.223267	 0
1461599098.437	 27	 0.117020	 1.189240	 0.235214	 0
1461599098.447	 27	 0.080460	 1.047745	 0.212204	 0
1461599098.457	 27	 0.018280	 0.960907	 0.143448	 0
1461599098.467	 27	 -0.011581	 0.868622	 0.034943	 0
1461599098.477	 27	 -0.012222	 0.790192	 -0.067017	 0
1461599098.487	 27	 -0.003555	 0.724396	 -0.152451	 0
1461599098.497	 27	 0.006927	 0.638489	 -0.229004	 0
1461599098.507	 27	 0.011826	 0.564377	 -0.285507	 0
1461599098.517	 27	 0.011139	 0.479706	 -0.333405	 0
1461599098.527	 27	 0.017578	 0.402802	 -0.390335	 0
1461599098.537	 27	 0.025558	 0.333237	 -0.396332	 0
1461599098.547	 27	 0.043701	 0.285690	 -0.329376	 0
1461599098.557	 27	 0.047379	 0.271042	 -0.248444	 0
1461599098.567	 27	 0.021149	 0.270355	 -0.216675	 0
1461599098.577	 27	 0.005661	 0.265320	 -0.202881	 0
1461599098.587	 27	 -0.015839	 0.260193	 -0.201584	 0
1461599098.597	 27	 -0.035736	 0.255661	 -0.196823	 0
1461599098.607	 27	 -0.048737	 0.260422	 -0.160690	 0
1461599098.617	 27	 -0.056946	 0.278900	 -0.120468	 0
1461599098.627	 27	 -0.070343	 0.331757	 -0.072967	 0
1461599098.637	 27	 -0.105392	 0.407501	 0.024094	 0
1461599098.647	 27	 -0.179993	 0.519089	 0.233917	 0
1461599098.657	 27	 -0.241425	 0.729279	 0.574722	 0
1461599098.667	 27	 -0.171585	 1.057541	 0.964706	 0
1461599098.677	 27	 0.045166	 1.493668	 1.702759	 0
1461599098.687	 27	 0.365234	 2.248657	 3.078293	 0
1461599098.697	 27	 0.471268	 2.546814	 3.170853	 0
1461599098.707	 27	 0.379044	 1.894592	 2.018265	 0
1461599098.717	 27	 0.332031	 1.342361	 1.135284	 0
1461599098.727	 27	 0.146729	 0.834015	 0.250427	 0
1461599098.737	 27	 0.035934	 0.771057	 0.045975	 0
1461599098.747	 27	 -0.024094	 0.814789	 -0.067123	 0
1461599098.757	 27	 0.013153	 0.875442	 -0.211502	 0
1461599098.767	 27	 0.023010	 1.023697	 -0.340759	 0
1461599098.777	 27	 0.026459	 1.232681	 -0.427536	 0
1461599098.787	 27	 0.024185	 1.463226	 -0.473862	 0
1461599098.797	 27	 0.037354	 1.656265	 -0.480225	 0
1461599098.807	 27	 0.175827	 1.764923	 -0.354538	 0
1461599098.817	 27	 0.170731	 1.615295	 0.028183	 0
1461599098.827	 27	 0.048370	 1.135361	 0.024399	 0
1461599098.837	 27	 0.017029	 0.867111	 0.032471	 0
1461599098.847	 27	 -0.112991	 1.163208	 0.076859	 0
1461599098.857	 27	 -0.134018	 1.186325	 0.140823	 0
1461599098.867	 27	 -0.079010	 0.924179	 0.151260	 0
1461599098.877	 27	 -0.054779	 0.848160	 0.128357	 0
1461599098.887	 27	 -0.061661	 0.805649	 0.116074	 0
1461599098.897	 27	 -0.043884	 0.786774	 0.124329	 0
1461599098.907	 27	 -0.009888	 0.779785	 0.135971	 0
1461599098.917	 27	 0.038315	 0.765305	 0.178589	 0
1461599098.927	 27	 0.101303	 0.744614	 0.150482	 0
1461599098.937	 27	 0.203217	 0.726547	 0.121902	 0
1461599098.947	 27	 0.297394	 0.724274	 0.101379	 0
1461599098.957	 27	 0.635452	 0.768341	 -0.043945	 0
1461599098.967	 27	 0.993958	 0.751068	 -0.563736	 0
1461599098.977	 27	 0.904312	 0.557663	 -0.435074	 0
1461599098.987	 27	 0.742508	 0.716553	 -0.243988	 0
1461599098.997	 27	 0.465515	 0.944931	 -0.227509	 0
1461599099.007	 27	 0.312454	 1.063568	 -0.259933	 0
1461599099.017	 27	 0.233154	 1.097443	 -0.237671	 0
1461599099.027	 27	 0.172180	 1.045334	 -0.217087	 0
1461599099.037	 27	 0.135910	 1.022232	 -0.108597	 0
1461599099.047	 27	 0.100677	 1.015015	 0.030975	 0
1461599099.057	 27	 0.080994	 0.983261	 0.081299	 0
1461599099.067	 27	 0.097168	 0.946671	 0.100677	 0
1461599099.077	 27	 0.120468	 0.906250	 0.125137	 0
1461599099.087	 27	 0.148285	 0.876389	 0.149551	 0
1461599099.097	 28	 0.184158	 0.869247	 0.195648	 0
1461599099.117	 28	 0.204483	 1.053375	 0.299362	 0
1461599099.127	 28	 0.176804	 0.987396	 0.324081	 0
1461599099.137	 28	 0.130951	 0.907288	 0.407547	 0
1461599099.147	 28	 0.140289	 0.904816	 0.429092	 0
1461599099.157	 28	 0.186844	 0.958282	 0.396286	 0
1461599099.167	 28	 0.210602	 0.966995	 0.344620	 0
1461599099.177	 28	 0.224884	 0.885208	 0.283798	 0
1461599099.187	 28	 0.284760	 0.743423	 0.199142	 0
1461599099.197	 28	 0.365173	 0.635559	 0.115479	 0
1461599099.207	 28	 0.494110	 0.544022	 0.109650	 0
1461599099.217	 29	 0.537827	 0.642517	 0.108276	 0
1461599099.237	 29	 0.406265	 1.258286	 0.127563	 0
1461599099.247	 29	 0.411865	 1.551407	 -0.030716	 0
1461599099.257	 29	 0.430206	 1.756943	 -0.165619	 0
1461599099.267	 29	 0.414734	 1.843048	 -0.164841	 0
1461599099.277	 29	 0.310959	 1.756165	 -0.070618	 0
1461599099.287	 29	 0.163681	 1.510361	 0.212982	 0
1461599099.297	 29	 0.234207	 1.344681	 0.553513	 0
1461599099.307	 29	 0.396698	 1.381836	 0.729706	 0
1461599099.317	 29	 0.536743	 1.439438	 1.014252	 0
1461599099.327	 29	 0.683762	 1.410080	 1.212982	 0
1461599099.337	 29	 0.656448	 1.338303	 1.101395	 0
1461599099.347	 29	 0.558258	 1.280624	 0.891327	 0
1461599099.357	 29	 0.436508	 1.320358	 0.551559	 0
1461599099.367	 29	 0.358429	 1.406296	 0.303024	 0
1461599099.377	 29	 0.337601	 1.480225	 0.244553	 0
1461599099.387	 29	 0.346725	 1.571503	 0.298386	 0
1461599099.397	 29	 0.427872	 1.736740	 0.146835	 0
1461599099.407	 29	 0.428619	 1.597885	 -0.257660	 0
1461599099.417	 29	 0.513229	 1.333237	 -0.314514	 0
1461599099.427	 29	 0.653732	 1.142242	 -0.315033	 0
1461599099.437	 29	 0.713425	 1.279343	 -0.253998	 0
1461599099.447	 29	 0.630203	 1.391678	 -0.245193	 0
1461599099.457	 29	 0.549149	 1.439712	 -0.239197	 0
1461599099.467	 30	 0.477249	 1.578110	 -0.213409	 0
1461599099.487	 30	 0.255081	 1.618546	 -0.137329	 0
1461599099.497	 30	 0.235184	 1.650162	 -0.090912	 0
1461599099.507	 30	 0.217865	 1.612396	 -0.028168	 0
1461599099.517	 30	 0.211349	 1.520447	 0.017807	 0
1461599099.527	 30	 0.213654	 1.412888	 -0.007156	 0
1461599099.537	 30	 0.204254	 1.351425	 -0.083374	 0
1461599099.547	 30	 0.178741	 1.315887	 -0.124832	 0
1461599099.557	 30	 0.177689	 1.210526	 -0.177994	 0
1461599099.567	 30	 0.209213	 1.042679	 -0.263184	 0
1461599099.577	 30	 0.279465	 0.999451	 -0.228119	 0
1461599099.587	 30	 0.297714	 1.004578	 -0.175491	 0
1461599099.597	 30	 0.327179	 0.911530	 -0.147873	 0
1461599099.607	 30	 0.374832	 0.820755	 -0.128464	 0
1461599099.617	 30	 0.399475	 0.775955	 -0.136688	 0
1461599099.627	 30	 0.402145	 0.731308	 -0.178284	 0
1461599099.637	 30	 0.383560	 0.696793	 -0.211227	 0
1461599099.647	 30	 0.310944	 0.652664	 -0.252594	 0
1461599099.657	 30	 0.269897	 0.635712	 -0.275879	 0
1461599099.667	 30	 0.217529	 0.677689	 -0.283096	 0
1461599099.677	 30	 0.161148	 0.779922	 -0.273453	 0
1461599099.687	 30	 0.220657	 0.908218	 -0.184265	 0
1461599099.697	 30	 0.208038	 0.980713	 0.043961	 0
1461599099.707	 30	 0.049118	 0.812271	 0.285355	 0
1461599099.717	 30	 -0.128326	 0.449387	 0.417435	 0
1461599099.727	 30	 -0.015045	 0.660660	 0.580612	 0
1461599099.737	 30	 -0.128937	 0.853333	 0.566132	 0
1461599099.747	 30	 -0.027863	 1.102814	 0.525604	 0
1461599099.757	 30	 0.023880	 1.163681	 0.565414	 0
1461599099.767	 30	 -0.016754	 0.631195	 0.536697	 0
1461599099.777	 30	 0.047699	 0.641922	 0.653671	 0
1461599099.787	 30	 0.086899	 0.724915	 0.646347	 0
1461599099.797	 30	 0.264923	 0.782867	 0.466003	 0
1461599099.807	 30	 0.379837	 0.599213	 0.442978	 0
1461599099.827	 30	 0.724426	 0.490921	 0.455429	 0
1461599099.817	 30	 0.565735	 0.544922	 0.461884	 0
1461599099.837	 30	 0.854813	 0.354385	 0.526138	 0
1461599099.847	 30	 0.970825	 0.293915	 0.597275	 0
1461599099.857	 30	 1.059830	 0.204269	 0.662827	 0
1461599099.867	 30	 1.131622	 0.157440	 0.714676	 0
1461599099.877	 30	 1.216675	 0.156113	 0.693787	 0
1461599099.887	 31	 1.319351	 0.124420	 0.580048	 0
1461599099.907	 31	 1.542191	 0.069900	 0.161270	 0
1461599099.927	 31	 1.725601	 -0.148544	 -0.114761	 0
1461599099.917	 31	 1.658112	 -0.038910	 0.004944	 0
1461599099.937	 31	 1.741379	 -0.227341	 -0.200546	 0
1461599099.947	 31	 1.702454	 -0.261978	 -0.246704	 0
1461599099.957	 31	 1.620850	 -0.233719	 -0.323242	 0
1461599099.967	 31	 1.551880	 -0.206741	 -0.421188	 0
1461599099.977	 31	 1.496887	 -0.209930	 -0.513092	 0
1461599099.987	 31	 1.458786	 -0.164825	 -0.624115	 0
1461599099.997	 31	 1.393677	 -0.161545	 -0.709686	 0
1461599100.007	 31	 1.377014	 -0.118042	 -0.752640	 0
1461599100.017	 31	 1.383759	 -0.051910	 -0.791443	 0
1461599100.027	 31	 1.391953	 -0.032272	 -0.762939	 0
1461599100.037	 31	 1.422791	 -0.067795	 -0.748917	 0
1461599100.047	 31	 1.439499	 -0.119339	 -0.738235	 0
1461599100.057	 31	 1.456543	 -0.130936	 -0.761078	 0
1461599100.067	 32	 1.448792	 -0.085861	 -0.794449	 0
1461599100.087	 32	 1.382614	 0.021927	 -0.919067	 0
1461599100.097	 32	 1.292862	 0.045212	 -0.952408	 0
1461599100.107	 32	 1.173828	 0.032227	 -0.935333	 0
1461599100.117	 32	 1.127838	 0.050873	 -0.879257	 0
1461599100.127	 32	 1.048599	 0.103134	 -0.785553	 0
1461599100.147	 33	 0.872879	 0.145309	 -0.694794	 0
1461599100.157	 33	 0.790527	 0.186340	 -0.676422	 0
1461599100.167	 33	 0.745453	 0.241226	 -0.651520	 0
1461599100.177	 33	 0.707077	 0.246658	 -0.629639	 0
1461599100.187	 33	 0.690460	 0.250168	 -0.604263	 0
1461599100.197	 33	 0.687408	 0.202164	 -0.590210	 0
1461599100.207	 33	 0.675369	 0.178741	 -0.587662	 0
1461599100.217	 33	 0.665726	 0.170792	 -0.560089	 0
1461599100.237	 34	 0.525848	 0.044540	 -0.509415	 0
1461599100.247	 34	 0.543289	 0.011536	 -0.481827	 0
1461599100.257	 34	 0.564850	 0.015015	 -0.441345	 0
1461599100.267	 34	 0.553635	 -0.030136	 -0.468430	 0
1461599100.277	 34	 0.560638	 -0.023605	 -0.467743	 0
1461599100.287	 34	 0.579041	 -0.033676	 -0.510513	 0
1461599100.297	 34	 0.585953	 -0.100296	 -0.582748	 0
1461599100.307	 34	 0.580093	 -0.129242	 -0.618958	 0
1461599100.317	 34	 0.556335	 -0.127426	 -0.622498	 0
1461599100.327	 34	 0.532013	 -0.140655	 -0.609817	 0
1461599100.337	 34	 0.508682	 -0.181839	 -0.590469	 0
1461599100.347	 34	 0.484940	 -0.207138	 -0.548615	 0
1461599100.357	 34	 0.452988	 -0.244446	 -0.541611	 0
1461599100.367	 34	 0.433426	 -0.281281	 -0.572449	 0
1461599100.377	 34	 0.487930	 -0.234116	 -0.621246	 0
1461599100.387	 34	 0.414597	 -0.267593	 -0.656342	 0
1461599100.397	 34	 0.402191	 -0.351654	 -0.705078	 0
1461599100.407	 34	 0.424973	 -0.347321	 -0.740982	 0
1461599100.417	 35	 0.424225	 -0.337097	 -0.762924	 0
1461599100.437	 35	 0.388931	 -0.486893	 -0.686508	 0
1461599100.447	 35	 0.294983	 -0.441589	 -0.707062	 0
1461599100.457	 36	 0.329651	 -0.536926	 -0.655991	 0
1461599100.477	 37	 0.321060	 -0.611618	 -0.470306	 0
1461599100.497	 37	 0.251038	 -0.672989	 -0.529678	 0
1461599100.507	 37	 0.256607	 -0.711029	 -0.644318	 0
1461599100.517	 37	 0.249451	 -0.595779	 -0.723740	 0
1461599100.527	 37	 0.261063	 -0.383850	 -0.733200	 0
1461599100.537	 38	 0.281113	 -0.321915	 -0.803497	 0
1461599100.557	 38	 0.273972	 -0.310043	 -0.751999	 0
1461599100.567	 38	 0.259827	 -0.320358	 -0.671249	 0
1461599100.577	 38	 0.217545	 -0.307953	 -0.573639	 0
1461599100.587	 38	 0.192795	 -0.366775	 -0.509186	 0
1461599100.597	 38	 0.180298	 -0.428940	 -0.472305	 0
1461599100.607	 38	 0.170212	 -0.396408	 -0.441467	 0
1461599100.617	 38	 0.137878	 -0.367447	 -0.452408	 0
1461599100.627	 38	 0.135513	 -0.393387	 -0.500778	 0
1461599100.637	 38	 0.186615	 -0.445801	 -0.570999	 0
1461599100.647	 38	 0.226318	 -0.505386	 -0.660217	 0
1461599100.657	 39	 0.227463	 -0.501892	 -0.718246	 0
1461599100.677	 39	 0.204285	 -0.375320	 -0.776718	 0
1461599100.687	 39	 0.159485	 -0.318466	 -0.802856	 0
1461599100.697	 39	 0.115906	 -0.340042	 -0.804352	 0
1461599100.707	 39	 0.083328	 -0.389404	 -0.735886	 0
1461599100.717	 40	 0.089340	 -0.422958	 -0.675613	 0
1461599100.737	 40	 0.143219	 -0.493912	 -0.674530	 0
1461599100.747	 40	 0.184570	 -0.474243	 -0.666885	 0
1461599100.757	 40	 0.201111	 -0.482132	 -0.690536	 0
1461599100.767	 40	 0.226059	 -0.454269	 -0.718918	 0
1461599100.777	 40	 0.215759	 -0.455154	 -0.735199	 0
1461599100.787	 40	 0.204315	 -0.493317	 -0.739136	 0
1461599100.797	 40	 0.186584	 -0.518387	 -0.702408	 0
1461599100.807	 40	 0.161163	 -0.565933	 -0.681381	 0
1461599100.817	 40	 0.118683	 -0.639679	 -0.712250	 0
1461599100.827	 40	 0.185562	 -0.607590	 -0.579590	 0
1461599100.837	 40	 0.156311	 -0.657471	 -0.537842	 0
1461599100.847	 40	 0.144928	 -0.677002	 -0.502304	 0
1461599100.857	 40	 0.102112	 -0.714600	 -0.502945	 0
1461599100.867	 40	 0.056412	 -0.719025	 -0.542236	 0
1461599100.877	 40	 0.029968	 -0.779251	 -0.596024	 0
1461599100.887	 40	 0.057632	 -0.751755	 -0.658066	 0
1461599100.897	 40	 0.089798	 -0.740814	 -0.692703	 0
1461599100.907	 40	 0.090454	 -0.815552	 -0.693131	 0
1461599100.917	 40	 0.091232	 -0.828918	 -0.716705	 0
