% Compass data recorded with 'snsrlog'
% 
% 
% Label description:
% 	 0: Default Label
% 	 1: still_drop
% 	 2: walk_drop
% 	 3: other
% 	 4: dtw_same
% 	 5: dtw_diff
% 	 6: delete
% 
% Column description:
% 	 1: Seconds.milliseconds since 1970
% 	 2: Magnetic heading in degrees starting at due north and continuing clockwise (e.g. east = 90) - negative values indicate invalid values
% 		 NOTE: True heading only provides valid values when GPS is activated at same time!
% 	 3: True heading in degrees starting at due north and continuing clockwise (e.g. east = 90) - negative values indicate invalid values
% 	 4: Error likelihood - negative values indicate invalid values
% 	 5: Geomagnetic data for the x-axis measured in microteslas
% 	 6: Geomagnetic data for the y-axis measured in microteslas
% 	 7: Geomagnetic data for the z-axis measured in microteslas
% 	 8: Label used for the current sample
% 
% 
1462095900.366	 40.426437	 -1.000000	 15.000000	 -11.733735	 2.970398	 -47.556194	 2
1462095900.406	 42.379658	 -1.000000	 15.000000	 -10.794223	 3.157669	 -47.263935	 2
1462095900.413	 44.284512	 -1.000000	 15.000000	 -9.918311	 3.304604	 -47.389187	 2
1462095900.423	 45.179672	 -1.000000	 15.000000	 -8.010383	 4.099762	 -47.422581	 2
1462095900.444	 45.944839	 -1.000000	 15.000000	 -6.102454	 4.341774	 -47.455982	 2
1462095900.474	 46.431618	 -1.000000	 15.000000	 -3.812940	 4.894936	 -47.389179	 2
1462095900.486	 46.506573	 -1.000000	 15.000000	 -0.864326	 5.275223	 -47.288975	 2
1462095900.504	 46.278614	 -1.000000	 15.000000	 2.327120	 5.690094	 -46.954975	 2
1462095900.532	 45.423588	 -1.000000	 15.000000	 6.038912	 6.346970	 -46.587566	 2
1462095900.545	 44.547905	 -1.000000	 15.000000	 9.646633	 7.384140	 -45.652355	 2
1462095900.564	 44.409332	 -1.000000	 15.000000	 13.254354	 8.352173	 -44.449940	 2
1462095900.594	 47.108547	 -1.000000	 15.000000	 16.653938	 9.596779	 -43.113926	 2
1462095900.614	 45.318924	 -1.000000	 15.000000	 19.845387	 11.394547	 -41.043095	 2
1462095900.635	 48.734303	 -1.000000	 15.000000	 22.551174	 12.846581	 -39.105869	 2
1462095900.655	 50.682152	 -1.000000	 15.000000	 24.736622	 14.264053	 -37.135235	 2
1462095900.674	 49.650887	 -1.000000	 15.000000	 26.783310	 15.197510	 -35.097813	 2
1462095900.694	 53.151070	 -1.000000	 15.000000	 27.754616	 16.511253	 -33.628185	 2
1462095900.715	 55.440678	 -1.000000	 15.000000	 28.934063	 17.271851	 -32.358967	 2
1462095900.734	 55.283001	 -1.000000	 15.000000	 29.697235	 17.548439	 -31.290157	 2
1462095900.755	 62.386990	 -1.000000	 15.000000	 30.772614	 17.237289	 -30.655552	 2
1462095900.776	 67.609467	 -1.000000	 15.000000	 31.327644	 17.098999	 -30.388348	 2
1462095900.796	 68.808029	 -1.000000	 15.000000	 32.125507	 16.096397	 -30.020939	 2
1462095900.816	 73.945107	 -1.000000	 15.000000	 32.645847	 14.748070	 -30.054340	 2
1462095900.836	 83.747917	 -1.000000	 15.000000	 33.443710	 13.399742	 -30.288143	 2
1462095900.858	 89.689758	 -1.000000	 15.000000	 33.859985	 12.085983	 -30.154537	 2
1462095900.877	 90.943565	 -1.000000	 15.000000	 34.380329	 11.359962	 -29.987530	 2
1462095900.897	 94.785393	 -1.000000	 15.000000	 34.345642	 10.841370	 -30.087727	 2
1462095900.919	 95.119377	 -1.000000	 15.000000	 34.345642	 10.841370	 -30.288128	 2
1462095900.937	 95.164368	 -1.000000	 15.000000	 34.068123	 10.772217	 -30.288128	 2
1462095900.959	 89.912170	 -1.000000	 15.000000	 34.033436	 10.875931	 -30.388340	 2
1462095900.980	 89.688324	 -1.000000	 15.000000	 34.345642	 10.011620	 -30.354939	 2
1462095900.999	 88.460075	 -1.000000	 15.000000	 35.143505	 9.078163	 -30.054340	 2
1462095901.019	 89.502243	 -1.000000	 15.000000	 35.733231	 7.107529	 -29.686939	 2
1462095901.041	 90.861237	 -1.000000	 15.000000	 36.392334	 5.136902	 -29.386333	 2
1462095901.059	 92.092140	 -1.000000	 15.000000	 36.877987	 3.269997	 -29.319523	 2
1462095901.079	 94.526909	 -1.000000	 15.000000	 36.947365	 1.956245	 -29.319523	 2
1462095901.103	 97.495033	 -1.000000	 15.000000	 37.294258	 0.642487	 -29.119122	 2
1462095901.120	 98.316795	 -1.000000	 15.000000	 37.710533	 0.020180	 -28.651524	 2
1462095901.139	 105.216705	 -1.000000	 15.000000	 38.057430	 -0.325546	 -28.050312	 2
1462095901.160	 110.800201	 -1.000000	 15.000000	 38.959358	 -0.740417	 -27.181904	 2
1462095901.179	 112.064316	 -1.000000	 15.000000	 39.757221	 -1.328148	 -26.413692	 2
1462095901.203	 121.874130	 -1.000000	 15.000000	 40.034737	 -1.881310	 -25.946079	 2
1462095901.221	 123.443779	 -1.000000	 15.000000	 40.104115	 -2.227036	 -25.612072	 2
1462095901.242	 127.683449	 -1.000000	 15.000000	 40.381634	 -2.780197	 -25.077671	 2
1462095901.260	 134.305832	 -1.000000	 15.000000	 39.930668	 -3.091354	 -24.643467	 2
1462095901.294	 137.165985	 -1.000000	 15.000000	 39.895981	 -3.264206	 -24.810467	 2
1462095901.301	 137.525208	 -1.000000	 15.000000	 40.173496	 -3.195068	 -24.944073	 2
1462095901.342	 138.944885	 -1.000000	 15.000000	 40.312256	 -2.434471	 -25.211277	 2
1462095901.349	 138.702362	 -1.000000	 15.000000	 39.791908	 -1.708450	 -25.578678	 2
1462095901.372	 138.825729	 -1.000000	 15.000000	 39.445011	 -0.602127	 -26.313488	 2
1462095901.381	 139.803772	 -1.000000	 15.000000	 39.063427	 0.331329	 -26.480488	 2
1462095901.402	 141.108749	 -1.000000	 15.000000	 38.369633	 1.575928	 -26.480488	 2
1462095901.421	 141.004318	 -1.000000	 15.000000	 38.230877	 1.990799	 -26.747684	 2
1462095901.443	 140.519043	 -1.000000	 15.000000	 38.334949	 2.716812	 -27.449100	 2
1462095901.465	 140.185318	 -1.000000	 15.000000	 38.334949	 3.200821	 -27.783100	 2
1462095901.482	 136.411133	 -1.000000	 15.000000	 38.161499	 4.618294	 -27.883297	 2
1462095901.503	 134.441330	 -1.000000	 15.000000	 38.126808	 5.551743	 -28.050297	 2
1462095901.524	 133.029465	 -1.000000	 15.000000	 37.502396	 7.072937	 -28.050297	 2
1462095901.543	 130.263062	 -1.000000	 15.000000	 37.224876	 9.078148	 -27.515888	 2
1462095901.565	 127.406822	 -1.000000	 15.000000	 37.086121	 11.221642	 -26.714275	 2
1462095901.585	 125.837624	 -1.000000	 15.000000	 37.363636	 13.365135	 -25.111057	 2
1462095901.614	 124.494133	 -1.000000	 15.000000	 38.161499	 15.958069	 -22.672825	 2
1462095901.627	 126.123642	 -1.000000	 15.000000	 39.167500	 18.274414	 -18.831768	 2
1462095901.644	 130.409592	 -1.000000	 15.000000	 40.138809	 19.864746	 -14.422909	 2
1462095901.673	 138.188568	 -1.000000	 15.000000	 41.491699	 21.074783	 -9.513039	 2
1462095901.686	 149.952148	 -1.000000	 15.000000	 42.046738	 21.489647	 -4.569771	 2
1462095901.705	 163.606949	 -1.000000	 15.000000	 42.012047	 21.731651	 0.406902	 2
1462095901.733	 178.032516	 -1.000000	 15.000000	 41.665150	 22.146523	 4.481762	 2
1462095901.746	 193.177185	 -1.000000	 15.000000	 40.971359	 22.976273	 7.955410	 2
1462095901.765	 209.008652	 -1.000000	 15.000000	 39.826603	 23.978867	 10.527248	 2
1462095901.792	 222.550873	 -1.000000	 15.000000	 38.473705	 25.327194	 11.963470	 2
1462095901.806	 230.318817	 -1.000000	 15.000000	 37.502396	 26.433517	 12.364277	 2
1462095901.826	 233.289093	 -1.000000	 15.000000	 37.016743	 26.986679	 12.163872	 2
1462095901.846	 234.833328	 -1.000000	 15.000000	 37.363636	 26.779251	 11.763065	 2
1462095901.867	 234.108795	 -1.000000	 15.000000	 37.779911	 26.571815	 10.961456	 2
1462095901.887	 231.328888	 -1.000000	 15.000000	 38.855289	 25.292641	 10.059643	 2
1462095901.908	 227.193893	 -1.000000	 15.000000	 39.791912	 24.220901	 8.289417	 2
1462095901.927	 223.002472	 -1.000000	 15.000000	 40.832600	 23.322021	 6.418987	 2
1462095901.947	 218.985870	 -1.000000	 15.000000	 41.352943	 22.803429	 5.383572	 2
1462095901.968	 216.989761	 -1.000000	 15.000000	 41.630463	 21.973694	 5.383572	 2
1462095901.988	 217.800415	 -1.000000	 15.000000	 41.561081	 21.835403	 6.051582	 2
1462095902.008	 222.206055	 -1.000000	 15.000000	 41.248875	 21.662537	 7.888611	 2
1462095902.029	 228.518875	 -1.000000	 15.000000	 41.040737	 21.178513	 10.026241	 2
1462095902.048	 231.534882	 -1.000000	 15.000000	 40.624462	 21.109375	 11.028259	 2
1462095902.068	 233.500427	 -1.000000	 15.000000	 41.040737	 20.971092	 10.961460	 2
1462095902.089	 233.599701	 -1.000000	 15.000000	 41.006042	 20.936523	 10.326847	 2
1462095902.110	 230.821747	 -1.000000	 15.000000	 41.491699	 20.867386	 9.391636	 2
1462095902.133	 226.917542	 -1.000000	 15.000000	 41.699837	 20.867386	 8.523228	 2
1462095902.151	 224.633667	 -1.000000	 15.000000	 42.012043	 20.556229	 7.955418	 2
1462095902.172	 224.563049	 -1.000000	 15.000000	 41.630459	 20.729088	 7.721611	 2
1462095902.190	 224.705215	 -1.000000	 15.000000	 41.907974	 20.729088	 7.320805	 2
1462095902.211	 223.513092	 -1.000000	 15.000000	 42.081425	 20.694519	 6.418991	 2
1462095902.232	 221.268051	 -1.000000	 15.000000	 41.838596	 21.005676	 5.116367	 2
1462095902.249	 218.712723	 -1.000000	 15.000000	 41.803909	 21.316818	 3.746952	 2
1462095902.271	 215.883286	 -1.000000	 15.000000	 41.422321	 21.282249	 1.976723	 2
1462095902.290	 213.023010	 -1.000000	 15.000000	 41.422321	 21.351395	 -0.227707	 2
1462095902.310	 210.043930	 -1.000000	 15.000000	 41.006046	 21.282249	 -3.033344	 2
1462095902.334	 207.634842	 -1.000000	 15.000000	 41.075424	 20.521652	 -6.039387	 2
1462095902.350	 205.569626	 -1.000000	 15.000000	 40.520390	 19.968491	 -9.513039	 2
1462095902.371	 203.536850	 -1.000000	 15.000000	 40.659153	 19.138756	 -12.652679	 2
1462095902.391	 198.640121	 -1.000000	 15.000000	 40.520393	 18.447311	 -15.124310	 2
1462095902.411	 197.284286	 -1.000000	 15.000000	 40.000050	 17.928726	 -16.694126	 2
1462095902.432	 193.516251	 -1.000000	 15.000000	 39.306255	 17.928726	 -18.030148	 2
1462095902.451	 187.235214	 -1.000000	 15.000000	 38.855289	 17.755859	 -19.399570	 2
1462095902.472	 185.527069	 -1.000000	 15.000000	 38.126808	 17.997864	 -21.036190	 2
1462095902.496	 182.215225	 -1.000000	 15.000000	 37.120808	 17.824997	 -22.873211	 2
1462095902.512	 179.436615	 -1.000000	 15.000000	 36.739223	 17.168129	 -24.242634	 2
1462095902.532	 178.651337	 -1.000000	 15.000000	 36.253571	 16.891556	 -25.511845	 2
1462095902.553	 178.574387	 -1.000000	 15.000000	 35.906673	 16.407547	 -26.179852	 2
1462095902.576	 179.231125	 -1.000000	 15.000000	 35.525089	 15.888962	 -26.747662	 2
1462095902.597	 180.189117	 -1.000000	 15.000000	 35.421021	 15.854393	 -27.181873	 2
1462095902.616	 181.409470	 -1.000000	 15.000000	 35.108814	 15.888962	 -28.016880	 2
1462095902.638	 181.164154	 -1.000000	 15.000000	 34.553780	 15.335800	 -28.952091	 2
1462095902.665	 180.419937	 -1.000000	 15.000000	 33.859989	 15.404945	 -29.753704	 2
1462095902.676	 179.598740	 -1.000000	 15.000000	 33.582470	 15.404945	 -30.421711	 2
1462095902.696	 177.620392	 -1.000000	 15.000000	 33.409019	 15.093788	 -30.321507	 2
1462095902.718	 177.813385	 -1.000000	 15.000000	 33.894676	 15.370361	 -29.720303	 2
1462095902.736	 177.509155	 -1.000000	 15.000000	 35.143501	 15.923523	 -28.183880	 2
1462095902.757	 176.182602	 -1.000000	 15.000000	 36.669846	 15.992661	 -25.912655	 2
1462095902.784	 178.340164	 -1.000000	 15.000000	 37.988049	 16.338379	 -22.839817	 2
1462095902.799	 179.426727	 -1.000000	 15.000000	 39.271564	 17.064407	 -20.535183	 2
1462095902.821	 181.406143	 -1.000000	 15.000000	 40.104115	 17.548424	 -18.063541	 2
1462095902.844	 183.240372	 -1.000000	 15.000000	 40.867287	 18.032433	 -15.658710	 2
1462095902.857	 182.470184	 -1.000000	 15.000000	 41.387634	 18.827599	 -13.086872	 2
1462095902.878	 181.008804	 -1.000000	 15.000000	 42.046738	 19.415329	 -10.849041	 2
1462095902.898	 182.065552	 -1.000000	 15.000000	 42.393631	 19.968483	 -8.444210	 2
1462095902.917	 179.902313	 -1.000000	 15.000000	 42.601772	 20.314209	 -6.707378	 2
1462095902.938	 179.531479	 -1.000000	 15.000000	 42.081429	 20.694504	 -5.337959	 2
1462095902.961	 179.499268	 -1.000000	 15.000000	 41.977356	 21.005661	 -4.770149	 2
1462095902.979	 176.273041	 -1.000000	 15.000000	 42.012047	 21.040237	 -4.335945	 2
1462095902.999	 174.680374	 -1.000000	 15.000000	 42.220184	 21.040237	 -3.601131	 2
1462095903.022	 174.940933	 -1.000000	 15.000000	 42.463009	 21.005661	 -2.632515	 2
1462095903.039	 173.917557	 -1.000000	 15.000000	 43.260868	 20.763657	 -1.730701	 2
1462095903.059	 174.484955	 -1.000000	 15.000000	 43.677143	 20.279640	 -1.129494	 2
1462095903.079	 175.874146	 -1.000000	 15.000000	 43.746525	 20.003052	 -0.728687	 2
1462095903.100	 177.730682	 -1.000000	 15.000000	 43.503700	 19.415321	 -0.828888	 2
1462095903.123	 179.872849	 -1.000000	 15.000000	 43.607773	 18.758446	 -1.263092	 2
1462095903.145	 182.138962	 -1.000000	 15.000000	 43.781219	 18.170715	 -2.164906	 2
1462095903.162	 184.664429	 -1.000000	 15.000000	 43.919979	 18.032425	 -2.432110	 2
1462095903.183	 187.753799	 -1.000000	 15.000000	 44.301563	 17.652122	 -2.265106	 2
1462095903.201	 192.278107	 -1.000000	 15.000000	 44.752529	 17.202682	 -1.630501	 2
1462095903.221	 193.413818	 -1.000000	 15.000000	 44.544388	 17.202682	 -0.828888	 2
1462095903.242	 199.065460	 -1.000000	 15.000000	 44.544388	 17.133545	 -0.361282	 2
1462095903.263	 199.751648	 -1.000000	 15.000000	 44.336250	 16.926109	 -0.895687	 2
1462095903.281	 199.243988	 -1.000000	 15.000000	 44.197491	 16.926109	 -1.964504	 2
1462095903.301	 193.081085	 -1.000000	 15.000000	 43.989349	 17.064407	 -3.701324	 2
1462095903.322	 189.609268	 -1.000000	 15.000000	 43.885284	 17.237267	 -5.471554	 2
1462095903.342	 188.222275	 -1.000000	 15.000000	 43.815903	 17.582993	 -6.874371	 2
1462095903.362	 188.788010	 -1.000000	 15.000000	 43.885284	 17.721291	 -8.076790	 2
1462095903.382	 187.285583	 -1.000000	 15.000000	 43.330250	 17.790428	 -9.412811	 2
1462095903.402	 184.609909	 -1.000000	 15.000000	 43.156803	 17.894142	 -10.448223	 2
1462095903.429	 182.129868	 -1.000000	 15.000000	 43.191494	 17.997849	 -11.283234	 2
1462095903.442	 180.056046	 -1.000000	 15.000000	 42.601768	 17.894142	 -11.917843	 2
1462095903.463	 178.015808	 -1.000000	 15.000000	 42.185493	 17.755859	 -12.452251	 2
1462095903.484	 176.118317	 -1.000000	 15.000000	 42.046734	 17.894150	 -13.320660	 2
1462095903.503	 174.902344	 -1.000000	 15.000000	 41.144802	 17.617577	 -15.057491	 2
1462095903.524	 173.538818	 -1.000000	 15.000000	 40.138802	 17.029846	 -17.896526	 2
1462095903.544	 174.471924	 -1.000000	 15.000000	 39.132805	 16.787842	 -20.201168	 2
1462095903.564	 173.733170	 -1.000000	 15.000000	 38.508396	 16.649551	 -22.004795	 2
1462095903.587	 173.907196	 -1.000000	 15.000000	 37.710533	 16.545837	 -23.641415	 2
1462095903.612	 172.783524	 -1.000000	 15.000000	 37.190189	 16.580406	 -24.743626	 2
1462095903.634	 171.031860	 -1.000000	 15.000000	 36.739227	 16.822411	 -25.445034	 2
1462095903.652	 168.612183	 -1.000000	 15.000000	 35.733227	 17.064415	 -27.014858	 2
1462095903.672	 166.127853	 -1.000000	 15.000000	 34.345642	 17.202713	 -28.751682	 2
1462095903.694	 164.213623	 -1.000000	 15.000000	 32.680542	 16.995277	 -30.288105	 2
1462095903.713	 163.253433	 -1.000000	 15.000000	 31.501095	 17.202713	 -31.557323	 2
1462095903.734	 162.475128	 -1.000000	 15.000000	 30.529785	 16.995277	 -32.225338	 2
1462095903.754	 162.832336	 -1.000000	 15.000000	 30.078819	 16.545822	 -32.525944	 2
1462095903.776	 163.410721	 -1.000000	 15.000000	 29.766613	 16.165527	 -33.227352	 2
1462095903.796	 164.266586	 -1.000000	 15.000000	 29.766613	 16.234665	 -33.561352	 2
1462095903.814	 165.164368	 -1.000000	 15.000000	 29.558475	 15.888954	 -33.962162	 2
1462095903.836	 165.495270	 -1.000000	 15.000000	 29.142200	 16.027237	 -34.162571	 2
1462095903.856	 165.352570	 -1.000000	 15.000000	 28.864681	 16.234665	 -34.429768	 2
1462095903.876	 164.912323	 -1.000000	 15.000000	 28.795303	 16.442101	 -34.296169	 2
1462095903.896	 164.631165	 -1.000000	 15.000000	 28.829990	 16.407532	 -33.928768	 2
1462095903.925	 165.330200	 -1.000000	 15.000000	 29.870682	 17.029831	 -32.793148	 2
1462095903.938	 166.947495	 -1.000000	 15.000000	 31.501095	 17.548424	 -31.022923	 2
1462095903.958	 168.007034	 -1.000000	 15.000000	 33.131504	 17.928726	 -28.451084	 2
1462095903.977	 170.268524	 -1.000000	 15.000000	 34.588470	 18.689308	 -25.712254	 2
1462095903.995	 171.860596	 -1.000000	 15.000000	 36.565777	 19.415329	 -22.873203	 2
1462095904.015	 173.493027	 -1.000000	 15.000000	 37.953362	 19.622765	 -20.267979	 2
1462095904.044	 174.857498	 -1.000000	 15.000000	 38.716534	 19.899338	 -18.263950	 2
1462095904.057	 176.140991	 -1.000000	 15.000000	 39.583775	 20.417923	 -16.092915	 2
1462095904.076	 175.394272	 -1.000000	 15.000000	 40.624466	 20.694496	 -13.821682	 2
1462095904.104	 176.575348	 -1.000000	 15.000000	 41.248878	 20.901932	 -11.817654	 2
1462095904.116	 175.564590	 -1.000000	 15.000000	 41.561085	 21.213074	 -10.247833	 2
1462095904.137	 173.329819	 -1.000000	 15.000000	 41.942673	 21.455078	 -8.344006	 2
1462095904.163	 174.102524	 -1.000000	 15.000000	 42.705841	 21.385941	 -6.740784	 2
1462095904.177	 173.059891	 -1.000000	 15.000000	 42.809910	 21.143936	 -5.772175	 2
1462095904.197	 172.975998	 -1.000000	 15.000000	 42.775223	 21.109360	 -4.736763	 2
1462095904.218	 176.811325	 -1.000000	 15.000000	 42.089230	 21.721657	 -3.133865	 2
1462095904.238	 177.387726	 -1.000000	 15.000000	 42.332050	 21.894524	 -2.499352	 2
1462095904.260	 178.236069	 -1.000000	 15.000000	 42.019848	 21.652504	 -2.198792	 2
1462095904.286	 179.423203	 -1.000000	 15.000000	 42.089226	 21.790787	 -1.798042	 2
1462095904.298	 181.121902	 -1.000000	 15.000000	 42.540184	 21.548790	 -1.631069	 2
1462095904.319	 182.323944	 -1.000000	 15.000000	 42.574875	 21.652504	 -1.731258	 2
1462095904.339	 183.648880	 -1.000000	 15.000000	 42.470806	 21.341354	 -1.965031	 2
1462095904.359	 185.537140	 -1.000000	 15.000000	 42.574875	 21.375931	 -1.530888	 2
1462095904.379	 188.943649	 -1.000000	 15.000000	 42.678944	 20.995636	 -0.829582	 2
1462095904.400	 194.140930	 -1.000000	 15.000000	 42.713631	 20.477074	 -0.128273	 2
1462095904.424	 195.591415	 -1.000000	 15.000000	 42.991150	 19.785637	 0.272476	 2
1462095904.442	 201.470322	 -1.000000	 15.000000	 43.095219	 19.267052	 0.573036	 2
1462095904.462	 199.891846	 -1.000000	 15.000000	 43.129906	 18.748474	 -0.395439	 2
1462095904.481	 198.916504	 -1.000000	 15.000000	 42.921772	 18.126183	 -2.198799	 2
1462095904.501	 193.542191	 -1.000000	 15.000000	 42.574875	 18.333611	 -3.935371	 2
1462095904.521	 192.267532	 -1.000000	 15.000000	 42.678944	 18.160751	 -5.104221	 2
1462095904.541	 193.439636	 -1.000000	 15.000000	 42.783012	 17.711327	 -5.471577	 2
1462095904.564	 197.383026	 -1.000000	 15.000000	 42.921776	 17.711327	 -5.471577	 2
1462095904.581	 197.532944	 -1.000000	 15.000000	 43.268669	 17.780472	 -4.803658	 2
1462095904.601	 195.960922	 -1.000000	 15.000000	 43.476810	 17.573044	 -4.803658	 2
1462095904.633	 194.047424	 -1.000000	 15.000000	 43.372742	 17.607613	 -5.237808	 2
1462095904.659	 191.595078	 -1.000000	 15.000000	 43.060535	 17.918755	 -6.607033	 2
1462095904.671	 188.832062	 -1.000000	 15.000000	 42.748329	 18.229904	 -8.043041	 2
1462095904.691	 186.320908	 -1.000000	 15.000000	 42.227985	 18.471901	 -9.612637	 2
1462095904.711	 184.690582	 -1.000000	 15.000000	 41.638260	 18.644760	 -11.249016	 2
1462095904.732	 185.683670	 -1.000000	 15.000000	 40.875088	 18.506470	 -13.519917	 2
1462095904.751	 184.998215	 -1.000000	 15.000000	 40.424122	 18.057045	 -15.223083	 2
1462095904.771	 185.889084	 -1.000000	 15.000000	 39.869087	 17.227325	 -17.026451	 2
1462095904.795	 188.138412	 -1.000000	 15.000000	 39.452816	 16.674179	 -18.629433	 2
1462095904.812	 188.275757	 -1.000000	 15.000000	 39.314056	 15.913597	 -19.297348	 2
1462095904.833	 189.502075	 -1.000000	 15.000000	 39.591576	 15.360443	 -19.163757	 2
1462095904.852	 189.634354	 -1.000000	 15.000000	 39.660954	 15.083878	 -19.430923	 2
1462095904.875	 189.301376	 -1.000000	 15.000000	 39.626266	 15.118446	 -19.931862	 2
1462095904.893	 189.014435	 -1.000000	 15.000000	 39.660954	 14.599876	 -20.432785	 2
1462095904.912	 188.492828	 -1.000000	 15.000000	 39.348751	 13.873871	 -21.601639	 2
1462095904.933	 187.608841	 -1.000000	 15.000000	 38.897785	 13.147865	 -22.904060	 2
1462095904.954	 187.525742	 -1.000000	 15.000000	 38.759026	 12.456421	 -23.905930	 2
1462095904.976	 188.178741	 -1.000000	 15.000000	 38.446819	 11.522995	 -24.540443	 2
1462095904.993	 188.597717	 -1.000000	 15.000000	 37.926479	 10.866135	 -25.241753	 2
1462095905.015	 189.089172	 -1.000000	 15.000000	 37.579582	 10.589569	 -25.575714	 2
1462095905.036	 189.254349	 -1.000000	 15.000000	 37.093929	 10.036423	 -25.976463	 2
1462095905.054	 189.474991	 -1.000000	 15.000000	 36.781723	 9.379555	 -25.876274	 2
1462095905.074	 189.174057	 -1.000000	 15.000000	 36.538902	 8.999275	 -26.110054	 2
1462095905.096	 188.819031	 -1.000000	 15.000000	 36.816418	 9.068405	 -26.310425	 2
1462095905.123	 188.518677	 -1.000000	 15.000000	 37.163311	 9.068405	 -26.377213	 2
1462095905.136	 189.465546	 -1.000000	 15.000000	 37.961170	 9.586975	 -25.542328	 2
1462095905.156	 189.269531	 -1.000000	 15.000000	 38.620274	 10.796982	 -24.707436	 2
1462095905.185	 189.954605	 -1.000000	 15.000000	 39.730335	 11.834129	 -22.570107	 2
1462095905.197	 190.383575	 -1.000000	 15.000000	 40.562885	 12.802147	 -20.432785	 2
1462095905.216	 190.354279	 -1.000000	 15.000000	 41.256676	 14.185013	 -17.827934	 2
1462095905.237	 191.739380	 -1.000000	 15.000000	 41.464809	 15.637016	 -15.490234	 2
1462095905.258	 193.199707	 -1.000000	 15.000000	 41.672951	 16.812454	 -13.553299	 2
1462095905.285	 194.995377	 -1.000000	 15.000000	 41.464809	 18.195320	 -11.683140	 2
1462095905.304	 196.610077	 -1.000000	 15.000000	 41.464809	 19.509048	 -9.211861	 2
1462095905.317	 199.140305	 -1.000000	 15.000000	 41.603569	 20.477058	 -6.273045	 2
1462095905.336	 201.741516	 -1.000000	 15.000000	 41.672951	 21.514206	 -2.933479	 2
1462095905.358	 204.852081	 -1.000000	 15.000000	 41.430122	 22.378494	 0.973808	 2
1462095905.376	 208.541443	 -1.000000	 15.000000	 41.499500	 22.862495	 4.246578	 2
1462095905.398	 214.137390	 -1.000000	 15.000000	 40.840397	 23.242783	 7.152000	 2
1462095905.423	 216.200409	 -1.000000	 15.000000	 40.077229	 23.173645	 9.155735	 2
1462095905.437	 219.604233	 -1.000000	 15.000000	 39.869091	 23.035347	 10.291191	 2
1462095905.457	 220.140564	 -1.000000	 15.000000	 39.695644	 22.724197	 10.858913	 2
1462095905.478	 220.298004	 -1.000000	 15.000000	 39.730335	 22.482201	 10.758728	 2
1462095905.497	 218.365173	 -1.000000	 15.000000	 40.181301	 22.378494	 10.458164	 2
1462095905.518	 217.063950	 -1.000000	 15.000000	 40.632263	 22.205635	 10.024021	 2
1462095905.540	 216.773331	 -1.000000	 15.000000	 40.840401	 22.067345	 9.289318	 2
1462095905.561	 216.723175	 -1.000000	 15.000000	 41.221985	 22.240204	 8.387634	 2
1462095905.579	 216.904907	 -1.000000	 15.000000	 41.430122	 22.240204	 8.053677	 2
1462095905.599	 217.186493	 -1.000000	 15.000000	 41.221985	 21.825348	 8.120472	 2
1462095905.621	 217.457565	 -1.000000	 15.000000	 41.117916	 22.067345	 8.220657	 2
1462095905.642	 223.005295	 -1.000000	 15.000000	 40.909779	 21.859917	 9.022148	 2
1462095905.661	 224.332993	 -1.000000	 15.000000	 40.389435	 21.894485	 10.057415	 2
1462095905.681	 224.583603	 -1.000000	 15.000000	 39.903782	 22.171066	 10.391373	 2
1462095905.701	 225.867966	 -1.000000	 15.000000	 40.389435	 22.516785	 10.191002	 2
1462095905.724	 227.265732	 -1.000000	 15.000000	 40.528194	 22.585938	 9.589878	 2
1462095905.741	 226.377655	 -1.000000	 15.000000	 40.875088	 22.931656	 8.254055	 2
1462095905.763	 224.493805	 -1.000000	 15.000000	 41.395432	 22.689651	 6.617668	 2
1462095905.782	 222.121689	 -1.000000	 15.000000	 41.707638	 22.309364	 5.248447	 2
1462095905.802	 219.337753	 -1.000000	 15.000000	 41.638260	 22.240234	 4.246578	 2
1462095905.830	 216.166260	 -1.000000	 15.000000	 41.672951	 22.413086	 3.344898	 2
1462095905.842	 213.301132	 -1.000000	 15.000000	 41.395432	 22.758804	 2.543400	 2
1462095905.863	 212.385971	 -1.000000	 15.000000	 41.187294	 23.173668	 1.541534	 2
1462095905.889	 212.982605	 -1.000000	 15.000000	 40.701641	 23.934250	 0.072128	 2
1462095905.902	 213.211014	 -1.000000	 15.000000	 40.354744	 24.210815	 -1.931610	 2
1462095905.922	 212.429962	 -1.000000	 15.000000	 40.146606	 24.210815	 -4.135723	 2
1462095905.944	 210.418777	 -1.000000	 15.000000	 40.354748	 23.726799	 -6.406620	 2
1462095905.962	 207.743057	 -1.000000	 15.000000	 40.320057	 23.346512	 -8.243374	 2
1462095905.983	 207.102509	 -1.000000	 15.000000	 40.597576	 22.447655	 -9.378826	 2
1462095906.004	 203.552750	 -1.000000	 15.000000	 40.285370	 22.067368	 -11.215588	 2
1462095906.028	 201.792679	 -1.000000	 15.000000	 39.938473	 21.721649	 -12.618202	 2
1462095906.043	 200.256851	 -1.000000	 15.000000	 39.036545	 21.237648	 -14.020813	 2
1462095906.065	 198.413788	 -1.000000	 15.000000	 38.689648	 20.753654	 -16.224930	 2
1462095906.084	 196.366394	 -1.000000	 15.000000	 38.238686	 20.442505	 -18.395645	 2
1462095906.104	 195.182953	 -1.000000	 15.000000	 37.926479	 19.785645	 -20.032028	 2
1462095906.124	 192.983871	 -1.000000	 15.000000	 37.579582	 19.163353	 -21.635017	 2
1462095906.144	 190.830353	 -1.000000	 15.000000	 37.406136	 18.506493	 -23.538567	 2
1462095906.165	 189.867645	 -1.000000	 15.000000	 36.677654	 17.573059	 -24.573822	 2
1462095906.188	 186.740784	 -1.000000	 15.000000	 36.122623	 16.812477	 -25.842857	 2
1462095906.213	 185.658218	 -1.000000	 15.000000	 35.602280	 16.363045	 -26.744530	 2
1462095906.228	 182.443848	 -1.000000	 15.000000	 35.151318	 15.706177	 -27.913376	 2
1462095906.246	 180.177551	 -1.000000	 15.000000	 34.318768	 15.498749	 -28.314125	 2
1462095906.266	 178.102722	 -1.000000	 15.000000	 33.659668	 15.671608	 -28.948639	 2
1462095906.293	 176.016174	 -1.000000	 15.000000	 32.827118	 15.740746	 -29.616547	 2
1462095906.306	 173.807968	 -1.000000	 15.000000	 32.202705	 15.879028	 -30.351257	 2
1462095906.328	 172.902313	 -1.000000	 15.000000	 31.647673	 16.086456	 -30.618431	 2
1462095906.356	 170.296478	 -1.000000	 15.000000	 31.612984	 16.397591	 -30.585030	 2
1462095906.367	 169.624664	 -1.000000	 15.000000	 32.341465	 16.501305	 -30.351265	 2
1462095906.386	 170.136856	 -1.000000	 15.000000	 33.382153	 16.432159	 -28.881866	 2
1462095906.408	 171.139206	 -1.000000	 15.000000	 34.943180	 15.706161	 -26.844734	 2
1462095906.427	 172.758820	 -1.000000	 15.000000	 37.336758	 15.049309	 -24.540436	 2
1462095906.447	 173.490967	 -1.000000	 15.000000	 39.695644	 13.873871	 -21.868790	 2
1462095906.474	 173.778625	 -1.000000	 15.000000	 41.534191	 12.318146	 -18.562614	 2
1462095906.490	 173.145294	 -1.000000	 15.000000	 42.956459	 10.831551	 -15.924362	 2
1462095906.508	 171.341766	 -1.000000	 15.000000	 44.135906	 9.725250	 -13.787041	 2
1462095906.530	 162.856949	 -1.000000	 15.000000	 44.482803	 8.757248	 -12.317631	 2
1462095906.548	 162.797363	 -1.000000	 15.000000	 45.037834	 7.789238	 -11.582932	 2
1462095906.568	 159.080017	 -1.000000	 15.000000	 45.211285	 7.270653	 -11.883488	 2
1462095906.589	 156.106155	 -1.000000	 15.000000	 45.280663	 6.510086	 -12.952148	 2
1462095906.609	 153.769791	 -1.000000	 15.000000	 44.968456	 5.438362	 -14.454956	 2
1462095906.638	 150.300491	 -1.000000	 15.000000	 43.962456	 4.574074	 -16.759247	 2
1462095906.658	 141.089966	 -1.000000	 15.000000	 42.332050	 4.124641	 -20.198997	 2
1462095906.680	 133.942520	 -1.000000	 15.000000	 40.215988	 3.675209	 -23.772324	 2
1462095906.699	 127.466202	 -1.000000	 15.000000	 37.995861	 4.020927	 -27.445831	 2
1462095906.721	 121.009506	 -1.000000	 15.000000	 35.290073	 4.643211	 -31.186142	 2
1462095906.739	 114.961243	 -1.000000	 15.000000	 32.063946	 5.161789	 -34.492317	 2
1462095906.759	 109.198341	 -1.000000	 15.000000	 28.386856	 5.922356	 -37.030380	 2
1462095906.779	 103.522278	 -1.000000	 15.000000	 24.501629	 6.890373	 -39.501663	 2
1462095906.799	 97.864143	 -1.000000	 15.000000	 20.477644	 7.650948	 -41.638985	 2
1462095906.819	 96.460182	 -1.000000	 15.000000	 16.418970	 8.446098	 -43.408951	 2
1462095906.842	 88.402481	 -1.000000	 15.000000	 12.811258	 9.344971	 -44.878357	 2
1462095906.862	 83.674339	 -1.000000	 15.000000	 9.307616	 9.863548	 -45.913612	 2
1462095906.885	 81.852097	 -1.000000	 15.000000	 6.808650	 8.861458	 -46.542290	 2
1462095906.902	 78.833359	 -1.000000	 15.000000	 4.311061	 8.308319	 -47.276932	 2
1462095906.922	 76.257790	 -1.000000	 15.000000	 2.125673	 7.305771	 -47.777817	 2
1462095906.942	 74.200508	 -1.000000	 15.000000	 0.287173	 5.473526	 -47.944763	 2
1462095906.961	 72.173737	 -1.000000	 15.000000	 -1.204443	 3.433853	 -48.378876	 2
1462095906.981	 70.197701	 -1.000000	 15.000000	 -3.147011	 1.359604	 -48.646011	 2
1462095907.002	 70.977600	 -1.000000	 15.000000	 -5.783355	 -0.161499	 -48.111732	 2
1462095907.022	 67.416512	 -1.000000	 15.000000	 -8.419702	 -1.820892	 -47.844604	 2
1462095907.043	 66.643570	 -1.000000	 15.000000	 -11.333556	 -3.134583	 -47.310318	 2
1462095907.061	 66.320274	 -1.000000	 15.000000	 -14.455544	 -4.033424	 -46.508904	 2
1462095907.089	 66.221283	 -1.000000	 15.000000	 -17.334709	 -5.727386	 -45.139809	 2
1462095907.101	 65.889656	 -1.000000	 15.000000	 -19.832298	 -7.248505	 -44.138039	 2
1462095907.122	 65.540375	 -1.000000	 15.000000	 -22.538021	 -8.078201	 -42.601982	 2
1462095907.148	 65.449852	 -1.000000	 15.000000	 -24.792789	 -9.080750	 -41.232887	 2
1462095907.162	 65.811966	 -1.000000	 15.000000	 -26.943489	 -10.187012	 -39.630058	 2
1462095907.183	 66.365486	 -1.000000	 15.000000	 -28.886059	 -10.809288	 -38.494713	 2
1462095907.208	 68.464203	 -1.000000	 15.000000	 -29.364819	 -11.623322	 -37.721138	 2
1462095907.222	 69.632706	 -1.000000	 15.000000	 -30.197254	 -12.936981	 -37.053223	 2
1462095907.242	 70.687927	 -1.000000	 15.000000	 -31.307171	 -14.043213	 -36.385300	 2
1462095907.264	 71.511711	 -1.000000	 15.000000	 -31.792755	 -14.872887	 -35.583794	 2
1462095907.283	 72.085419	 -1.000000	 15.000000	 -32.417084	 -15.426010	 -34.782280	 2
1462095907.304	 72.861351	 -1.000000	 15.000000	 -33.145462	 -16.359398	 -33.947380	 2
1462095907.324	 73.568726	 -1.000000	 15.000000	 -33.873848	 -16.808807	 -32.912102	 2
1462095907.344	 74.129272	 -1.000000	 15.000000	 -34.151325	 -16.808800	 -32.177383	 2
1462095907.364	 74.730713	 -1.000000	 15.000000	 -34.775658	 -17.569344	 -31.643051	 2
1462095907.384	 75.731499	 -1.000000	 15.000000	 -35.226555	 -18.157036	 -31.008522	 2
1462095907.404	 76.214798	 -1.000000	 15.000000	 -35.157188	 -18.364456	 -30.207024	 2
1462095907.428	 76.543701	 -1.000000	 15.000000	 -35.226555	 -18.848427	 -30.006645	 2
1462095907.447	 76.771675	 -1.000000	 15.000000	 -34.810337	 -19.539833	 -30.006645	 2
1462095907.467	 76.934937	 -1.000000	 15.000000	 -34.532860	 -19.747253	 -29.605888	 2
1462095907.488	 76.804619	 -1.000000	 15.000000	 -33.977898	 -20.162086	 -29.939850	 2
1462095907.506	 76.629204	 -1.000000	 15.000000	 -33.769791	 -20.438652	 -30.273811	 2
1462095907.526	 76.614204	 -1.000000	 15.000000	 -33.249519	 -20.749786	 -30.374001	 2
1462095907.556	 76.733635	 -1.000000	 15.000000	 -33.318886	 -20.818916	 -30.307205	 2
1462095907.567	 76.615379	 -1.000000	 15.000000	 -33.076092	 -20.922623	 -30.808144	 2
1462095907.586	 75.414825	 -1.000000	 10.000000	 -32.593895	 -19.623756	 -31.478630	 2
1462095907.615	 74.850899	 -1.000000	 10.000000	 -32.385796	 -19.347206	 -32.213379	 2
1462095907.636	 74.829727	 -1.000000	 10.000000	 -31.900229	 -19.139793	 -32.680954	 2
1462095907.656	 74.875076	 -1.000000	 10.000000	 -30.998453	 -19.070656	 -33.682892	 2
1462095907.683	 75.894073	 -1.000000	 10.000000	 -29.853899	 -18.759537	 -34.851814	 2
1462095907.697	 75.483505	 -1.000000	 10.000000	 -28.848070	 -19.001526	 -35.753555	 2
