% Compass data recorded with 'snsrlog'
% 
% 
% Label description:
% 	 0: Default Label
% 	 1: still_drop
% 	 2: walk_drop
% 	 3: other
% 	 4: dtw_same
% 	 5: dtw_diff
% 	 6: delete
% 
% Column description:
% 	 1: Seconds.milliseconds since 1970
% 	 2: Magnetic heading in degrees starting at due north and continuing clockwise (e.g. east = 90) - negative values indicate invalid values
% 		 NOTE: True heading only provides valid values when GPS is activated at same time!
% 	 3: True heading in degrees starting at due north and continuing clockwise (e.g. east = 90) - negative values indicate invalid values
% 	 4: Error likelihood - negative values indicate invalid values
% 	 5: Geomagnetic data for the x-axis measured in microteslas
% 	 6: Geomagnetic data for the y-axis measured in microteslas
% 	 7: Geomagnetic data for the z-axis measured in microteslas
% 	 8: Label used for the current sample
% 
% 
1462096050.613	 85.082474	 -1.000000	 25.000000	 -38.380791	 -21.350784	 -28.933792	 2
1462096050.628	 84.288300	 -1.000000	 25.000000	 -38.496422	 -20.889816	 -29.323463	 2
1462096050.661	 84.073822	 -1.000000	 25.000000	 -38.704559	 -20.336655	 -29.690865	 2
1462096050.673	 83.418617	 -1.000000	 25.000000	 -38.669868	 -19.403206	 -31.060287	 2
1462096050.690	 83.075714	 -1.000000	 25.000000	 -38.322971	 -18.850044	 -32.129105	 2
1462096050.709	 83.080421	 -1.000000	 25.000000	 -37.074146	 -18.573463	 -33.197922	 2
1462096050.730	 83.332275	 -1.000000	 25.000000	 -35.374355	 -18.469742	 -34.634148	 2
1462096050.750	 83.787178	 -1.000000	 25.000000	 -32.772633	 -18.642609	 -36.671577	 2
1462096050.770	 84.405975	 -1.000000	 25.000000	 -29.858707	 -18.711754	 -38.742409	 2
1462096050.790	 84.985306	 -1.000000	 25.000000	 -26.806019	 -18.642609	 -40.679634	 2
1462096050.813	 85.216614	 -1.000000	 25.000000	 -23.441128	 -18.331459	 -42.783867	 2
1462096050.833	 85.371002	 -1.000000	 25.000000	 -19.521202	 -18.020302	 -44.620895	 2
1462096050.852	 85.522125	 -1.000000	 25.000000	 -15.358450	 -17.398003	 -45.756516	 2
1462096050.872	 85.972397	 -1.000000	 25.000000	 -10.848801	 -16.429970	 -46.624924	 2
1462096050.893	 86.715942	 -1.000000	 25.000000	 -5.090322	 -15.185371	 -47.159340	 2
1462096050.912	 88.238037	 -1.000000	 25.000000	 1.327256	 -14.321053	 -47.192734	 2
1462096050.932	 90.309898	 -1.000000	 25.000000	 8.299870	 -13.111015	 -46.357719	 2
1462096050.953	 92.898354	 -1.000000	 25.000000	 15.654069	 -11.935555	 -45.088501	 2
1462096050.972	 96.376053	 -1.000000	 25.000000	 23.042957	 -10.932953	 -42.049049	 2
1462096050.992	 101.069771	 -1.000000	 25.000000	 29.460535	 -10.137787	 -38.341599	 2
1462096051.014	 106.636597	 -1.000000	 25.000000	 34.941498	 -8.893181	 -34.600746	 2
1462096051.035	 113.772903	 -1.000000	 25.000000	 38.965492	 -8.063446	 -30.726295	 2
1462096051.053	 122.343872	 -1.000000	 25.000000	 41.775349	 -7.060844	 -26.885239	 2
1462096051.074	 131.170868	 -1.000000	 25.000000	 43.856728	 -6.161964	 -24.346802	 2
1462096051.093	 139.169891	 -1.000000	 25.000000	 45.279003	 -5.021072	 -22.509773	 2
1462096051.114	 146.307739	 -1.000000	 25.000000	 45.938107	 -4.295059	 -21.073555	 2
1462096051.134	 152.316284	 -1.000000	 25.000000	 46.042171	 -3.223320	 -20.438950	 2
1462096051.154	 157.257111	 -1.000000	 25.000000	 46.354382	 -2.773880	 -20.806358	 2
1462096051.174	 160.431259	 -1.000000	 25.000000	 45.903412	 -2.670166	 -21.307358	 2
1462096051.195	 161.778076	 -1.000000	 25.000000	 45.556515	 -2.877602	 -21.975372	 2
1462096051.214	 161.855240	 -1.000000	 25.000000	 45.417759	 -3.223328	 -22.710182	 2
1462096051.235	 161.344299	 -1.000000	 25.000000	 45.209621	 -3.776489	 -23.378181	 2
1462096051.254	 160.735489	 -1.000000	 25.000000	 44.689281	 -4.571663	 -23.745590	 2
1462096051.276	 159.779724	 -1.000000	 25.000000	 44.099560	 -5.366829	 -24.046204	 2
1462096051.295	 158.102005	 -1.000000	 25.000000	 43.475147	 -6.196564	 -24.647408	 2
1462096051.315	 155.826187	 -1.000000	 25.000000	 42.885422	 -7.406593	 -25.348816	 2
1462096051.338	 153.132751	 -1.000000	 25.000000	 42.677284	 -8.305481	 -25.883224	 2
1462096051.360	 150.211273	 -1.000000	 25.000000	 42.365078	 -9.238930	 -25.716225	 2
1462096051.378	 147.698242	 -1.000000	 25.000000	 42.503834	 -9.999527	 -25.315414	 2
1462096051.398	 146.048203	 -1.000000	 25.000000	 42.573212	 -11.382423	 -24.647408	 2
1462096051.429	 144.329559	 -1.000000	 25.000000	 42.711971	 -12.004730	 -23.912605	 2
1462096051.438	 141.777451	 -1.000000	 25.000000	 43.093555	 -13.076477	 -23.478401	 2
1462096051.458	 142.027817	 -1.000000	 25.000000	 43.128246	 -14.079079	 -22.710190	 2
1462096051.486	 141.856491	 -1.000000	 25.000000	 43.371075	 -15.081673	 -21.808372	 2
1462096051.500	 141.263275	 -1.000000	 25.000000	 43.752659	 -15.392830	 -20.706161	 2
1462096051.521	 141.298462	 -1.000000	 25.000000	 43.822041	 -16.084274	 -19.236534	 2
1462096051.546	 142.320526	 -1.000000	 25.000000	 44.064869	 -16.948586	 -17.399513	 2
1462096051.557	 145.135651	 -1.000000	 25.000000	 44.654594	 -17.674606	 -15.762886	 2
1462096051.605	 146.350174	 -1.000000	 25.000000	 45.105556	 -18.124054	 -13.792267	 2
1462096051.606	 148.955139	 -1.000000	 25.000000	 45.417767	 -18.366058	 -12.289246	 2
1462096051.643	 156.835251	 -1.000000	 25.000000	 46.146248	 -17.847473	 -10.452221	 2
1462096051.643	 158.129669	 -1.000000	 25.000000	 46.562523	 -16.741158	 -8.915794	 2
1462096051.665	 161.787399	 -1.000000	 25.000000	 46.944107	 -14.908821	 -8.347984	 2
1462096051.678	 169.406540	 -1.000000	 25.000000	 47.152248	 -13.041901	 -8.615185	 2
1462096051.698	 169.518768	 -1.000000	 25.000000	 47.811348	 -10.932991	 -9.249790	 2
1462096051.723	 172.277603	 -1.000000	 25.000000	 48.019482	 -9.135223	 -10.519005	 2
1462096051.738	 178.644638	 -1.000000	 25.000000	 48.123550	 -6.818878	 -11.754822	 2
1462096051.759	 178.273117	 -1.000000	 25.000000	 48.227619	 -4.848244	 -13.124241	 2
1462096051.783	 180.377747	 -1.000000	 25.000000	 48.366375	 -3.465355	 -14.193062	 2
1462096051.799	 185.098145	 -1.000000	 25.000000	 47.915413	 -1.771309	 -15.028069	 2
1462096051.819	 184.609558	 -1.000000	 25.000000	 47.533825	 -0.077255	 -15.996681	 2
1462096051.843	 186.186951	 -1.000000	 25.000000	 46.944103	 0.925339	 -17.366096	 2
1462096051.860	 189.255234	 -1.000000	 25.000000	 46.146244	 2.066231	 -18.735519	 2
1462096051.880	 187.912521	 -1.000000	 25.000000	 45.417763	 3.483696	 -20.372139	 2
1462096051.901	 186.946136	 -1.000000	 25.000000	 44.619900	 4.278862	 -22.008766	 2
1462096051.921	 185.828949	 -1.000000	 25.000000	 43.683285	 5.074028	 -23.244583	 2
1462096051.941	 184.605469	 -1.000000	 25.000000	 42.920113	 5.765488	 -24.513802	 2
1462096051.961	 184.094864	 -1.000000	 25.000000	 42.261009	 6.214928	 -25.215218	 2
1462096051.983	 184.203278	 -1.000000	 25.000000	 41.705975	 6.560646	 -26.016823	 2
1462096052.004	 183.836044	 -1.000000	 25.000000	 41.012184	 6.906372	 -26.751625	 2
1462096052.023	 182.869339	 -1.000000	 25.000000	 40.908112	 7.424957	 -27.586632	 2
1462096052.043	 182.131210	 -1.000000	 25.000000	 40.873421	 8.220123	 -27.553230	 2
1462096052.063	 181.470245	 -1.000000	 25.000000	 41.150936	 9.326439	 -27.219223	 2
1462096052.082	 181.218231	 -1.000000	 25.000000	 41.705971	 10.709335	 -25.549202	 2
1462096052.103	 181.117737	 -1.000000	 25.000000	 43.058865	 11.573639	 -23.378181	 2
1462096052.127	 178.299210	 -1.000000	 25.000000	 44.307693	 11.573639	 -20.772949	 2
1462096052.142	 180.476990	 -1.000000	 25.000000	 46.146244	 11.262482	 -17.666710	 2
1462096052.163	 181.405777	 -1.000000	 25.000000	 47.741966	 10.778465	 -13.792252	 2
1462096052.184	 183.786407	 -1.000000	 25.000000	 49.025478	 9.775864	 -10.352001	 2
1462096052.203	 183.879868	 -1.000000	 25.000000	 49.993443	 9.284897	 -7.662071	 2
1462096052.223	 187.256454	 -1.000000	 25.000000	 50.791199	 8.489708	 -3.754284	 2
1462096052.244	 191.542801	 -1.000000	 25.000000	 50.687141	 7.556236	 -0.781693	 2
1462096052.264	 193.633942	 -1.000000	 25.000000	 51.033993	 6.519043	 1.489494	 2
1462096052.284	 194.325104	 -1.000000	 25.000000	 50.756516	 5.827576	 2.825489	 2
1462096052.306	 192.443405	 -1.000000	 25.000000	 50.860569	 5.723862	 3.927681	 2
1462096052.324	 192.628281	 -1.000000	 25.000000	 50.652458	 5.239830	 4.462082	 2
1462096052.345	 191.207291	 -1.000000	 25.000000	 50.964626	 5.412704	 5.029877	 2
1462096052.365	 189.560226	 -1.000000	 25.000000	 50.513721	 5.239830	 5.464077	 2
1462096052.385	 190.439194	 -1.000000	 25.000000	 50.513721	 5.447273	 5.864876	 2
1462096052.405	 190.352905	 -1.000000	 25.000000	 50.583092	 5.793007	 5.731277	 2
1462096052.427	 191.989807	 -1.000000	 25.000000	 50.617779	 6.657341	 4.896278	 2
1462096052.445	 191.424408	 -1.000000	 25.000000	 50.305611	 7.245079	 3.794083	 2
1462096052.466	 191.410202	 -1.000000	 25.000000	 50.583092	 8.282280	 2.190891	 2
1462096052.485	 195.113083	 -1.000000	 25.000000	 50.756516	 8.939163	 1.489491	 2
1462096052.509	 195.552277	 -1.000000	 25.000000	 50.617775	 9.215744	 1.623093	 2
1462096052.526	 201.019745	 -1.000000	 25.000000	 50.583088	 9.250320	 2.658489	 2
1462096052.546	 202.503967	 -1.000000	 25.000000	 50.513721	 9.112038	 3.259689	 2
1462096052.570	 203.317688	 -1.000000	 25.000000	 50.409660	 8.662598	 3.961082	 2
1462096052.597	 202.630371	 -1.000000	 25.000000	 50.340294	 8.040276	 3.627087	 2
1462096052.612	 200.052460	 -1.000000	 25.000000	 50.652458	 7.452530	 2.992489	 2
1462096052.629	 199.435486	 -1.000000	 25.000000	 50.791203	 7.106796	 2.190895	 2
1462096052.659	 197.112946	 -1.000000	 25.000000	 50.929939	 6.968498	 2.324493	 2
1462096052.668	 195.519745	 -1.000000	 25.000000	 50.895252	 6.864777	 2.491489	 2
1462096052.689	 195.305206	 -1.000000	 25.000000	 51.207420	 7.037651	 2.591690	 2
1462096052.716	 195.409241	 -1.000000	 25.000000	 50.721828	 7.452530	 2.658489	 2
1462096052.730	 198.709763	 -1.000000	 25.000000	 50.479034	 8.040276	 2.491489	 2
1462096052.748	 199.354355	 -1.000000	 25.000000	 50.444351	 8.351433	 1.389294	 2
1462096052.775	 198.980118	 -1.000000	 25.000000	 50.374985	 8.697166	 -0.347496	 2
1462096052.788	 199.025146	 -1.000000	 25.000000	 49.993446	 9.284912	 -2.318089	 2
1462096052.809	 198.396179	 -1.000000	 25.000000	 49.958763	 10.080093	 -5.090279	 2
1462096052.835	 196.532562	 -1.000000	 25.000000	 49.577229	 10.806137	 -7.996067	 2
1462096052.849	 193.978622	 -1.000000	 25.000000	 49.056957	 11.048149	 -10.501057	 2
1462096052.869	 191.644180	 -1.000000	 25.000000	 48.675423	 12.534782	 -12.538448	 2
1462096052.894	 190.783691	 -1.000000	 25.000000	 48.536682	 13.295403	 -13.473640	 2
1462096052.910	 191.132202	 -1.000000	 25.000000	 48.328571	 13.986877	 -13.941242	 2
1462096052.930	 192.370636	 -1.000000	 25.000000	 47.947037	 14.298042	 -14.375439	 2
1462096052.961	 193.595413	 -1.000000	 25.000000	 47.565506	 15.231506	 -14.943237	 2
1462096052.984	 194.988037	 -1.000000	 25.000000	 46.906490	 14.920341	 -15.377434	 2
1462096053.000	 196.586884	 -1.000000	 25.000000	 46.074055	 15.266083	 -16.513031	 2
1462096053.020	 195.828354	 -1.000000	 25.000000	 45.519096	 15.266083	 -17.849037	 2
1462096053.043	 195.780975	 -1.000000	 25.000000	 45.068195	 15.577248	 -19.151627	 2
1462096053.060	 196.842453	 -1.000000	 25.000000	 44.547916	 15.957550	 -20.454224	 2
1462096053.080	 195.725693	 -1.000000	 25.000000	 43.958275	 16.476151	 -21.823608	 2
1462096053.101	 195.490555	 -1.000000	 25.000000	 43.299263	 16.994759	 -22.992607	 2
1462096053.125	 196.396011	 -1.000000	 25.000000	 42.362766	 17.651642	 -23.961197	 2
1462096053.141	 195.448517	 -1.000000	 25.000000	 41.669071	 18.273964	 -24.829590	 2
1462096053.160	 195.375977	 -1.000000	 25.000000	 41.218166	 18.792557	 -25.330597	 2
1462096053.183	 195.989990	 -1.000000	 25.000000	 41.356907	 19.484024	 -24.929802	 2
1462096053.204	 197.026291	 -1.000000	 25.000000	 41.773125	 19.898903	 -23.794205	 2
1462096053.223	 198.185913	 -1.000000	 25.000000	 42.709621	 20.002625	 -21.957207	 2
1462096053.243	 199.623993	 -1.000000	 25.000000	 44.201073	 19.760612	 -19.051414	 2
1462096053.264	 202.702209	 -1.000000	 25.000000	 45.010395	 18.755966	 -14.491955	 2
1462096053.286	 205.244186	 -1.000000	 25.000000	 46.432419	 17.684166	 -10.383976	 2
1462096053.302	 207.979477	 -1.000000	 25.000000	 47.715702	 16.335762	 -6.543175	 2
1462096053.324	 210.405487	 -1.000000	 25.000000	 48.617470	 14.952782	 -2.936165	 2
1462096053.343	 211.850113	 -1.000000	 25.000000	 49.103039	 13.915550	 -0.598289	 2
1462096053.363	 212.778885	 -1.000000	 25.000000	 49.484554	 13.396935	 0.236668	 2
1462096053.384	 209.710709	 -1.000000	 25.000000	 49.380505	 13.085762	 0.336864	 2
1462096053.404	 209.172058	 -1.000000	 25.000000	 49.311138	 12.878311	 0.002876	 2
1462096053.425	 204.854721	 -1.000000	 25.000000	 49.380505	 12.532570	 -0.531490	 2
1462096053.444	 195.192032	 -1.000000	 25.000000	 49.519241	 12.463417	 -0.798672	 2
1462096053.465	 194.056976	 -1.000000	 25.000000	 49.380505	 12.117668	 -0.731880	 2
1462096053.484	 191.177216	 -1.000000	 25.000000	 49.796703	 11.495338	 -0.464695	 2
1462096053.505	 188.376724	 -1.000000	 25.000000	 49.935440	 11.426186	 -0.063915	 2
1462096053.524	 188.401001	 -1.000000	 25.000000	 49.970119	 11.529915	 0.103077	 2
1462096053.544	 188.399277	 -1.000000	 25.000000	 50.074169	 11.357048	 -0.130714	 2
1462096053.565	 190.580170	 -1.000000	 25.000000	 50.490372	 11.702789	 -1.132664	 2
1462096053.589	 189.955353	 -1.000000	 25.000000	 50.212906	 12.186829	 -2.535385	 2
1462096053.605	 190.969604	 -1.000000	 25.000000	 50.108856	 12.428848	 -3.704327	 2
1462096053.625	 195.353271	 -1.000000	 25.000000	 50.178219	 12.843742	 -4.238701	 2
1462096053.646	 195.849396	 -1.000000	 25.000000	 49.796703	 12.878311	 -4.272099	 2
1462096053.666	 198.531372	 -1.000000	 25.000000	 49.519238	 11.979370	 -3.604134	 2
1462096053.685	 200.130081	 -1.000000	 25.000000	 49.762024	 11.391602	 -2.568794	 2
1462096053.707	 201.166443	 -1.000000	 25.000000	 50.247589	 10.285225	 -2.034416	 2
1462096053.728	 199.071152	 -1.000000	 25.000000	 50.178223	 9.455444	 -1.834026	 2
1462096053.751	 197.370087	 -1.000000	 25.000000	 50.316956	 9.040543	 -1.366455	 2
1462096053.768	 197.228745	 -1.000000	 25.000000	 50.663792	 9.247993	 -1.099266	 2
1462096053.797	 197.206314	 -1.000000	 25.000000	 50.629105	 9.282562	 -0.665089	 2
1462096053.809	 197.512802	 -1.000000	 25.000000	 50.247585	 9.801170	 -0.230911	 2
1462096053.829	 197.513611	 -1.000000	 25.000000	 50.247585	 9.732018	 -0.364502	 2
1462096053.856	 197.926132	 -1.000000	 25.000000	 50.247585	 9.801163	 -1.166061	 2
1462096053.869	 197.637787	 -1.000000	 25.000000	 50.004799	 10.112343	 -2.535389	 2
1462096053.891	 197.700134	 -1.000000	 25.000000	 49.588600	 10.388931	 -4.472485	 2
1462096053.916	 197.756180	 -1.000000	 25.000000	 49.276451	 10.561806	 -6.309387	 2
1462096053.929	 197.132019	 -1.000000	 25.000000	 48.929615	 11.391594	 -8.380081	 2
1462096053.948	 195.315582	 -1.000000	 25.000000	 48.548100	 11.910217	 -10.484169	 2
1462096053.982	 193.787720	 -1.000000	 25.000000	 48.097214	 12.497978	 -11.920292	 2
1462096054.006	 193.497482	 -1.000000	 25.000000	 48.027847	 12.843727	 -13.256226	 2
1462096054.017	 193.692352	 -1.000000	 25.000000	 47.646332	 13.224045	 -14.491955	 2
1462096054.037	 194.311890	 -1.000000	 25.000000	 47.299496	 13.362350	 -15.427113	 2
1462096054.065	 194.931473	 -1.000000	 25.000000	 46.744560	 13.915550	 -16.095074	 2
1462096054.079	 196.628418	 -1.000000	 25.000000	 46.120258	 13.708099	 -16.696239	 2
1462096054.100	 195.936584	 -1.000000	 25.000000	 45.357224	 14.261292	 -17.564602	 2
1462096054.124	 195.987320	 -1.000000	 25.000000	 44.975708	 14.641609	 -18.533146	 2
1462096054.141	 197.503922	 -1.000000	 25.000000	 44.316727	 15.160233	 -19.702084	 2
1462096054.159	 196.774307	 -1.000000	 25.000000	 43.588371	 15.194809	 -20.737431	 2
1462096054.184	 196.781036	 -1.000000	 25.000000	 43.137489	 15.851723	 -22.307148	 2
1462096054.199	 198.742752	 -1.000000	 25.000000	 42.721291	 15.713432	 -22.975109	 2
1462096054.220	 198.291962	 -1.000000	 25.000000	 42.339767	 15.817146	 -23.810062	 2
1462096054.243	 198.686630	 -1.000000	 25.000000	 42.131668	 15.471405	 -24.277637	 2
1462096054.261	 200.355835	 -1.000000	 25.000000	 42.096985	 15.298523	 -24.845409	 2
1462096054.280	 200.372650	 -1.000000	 25.000000	 41.854198	 15.125648	 -25.079197	 2
1462096054.300	 200.973190	 -1.000000	 25.000000	 41.888885	 15.367668	 -25.646969	 2
1462096054.321	 201.689270	 -1.000000	 25.000000	 41.854198	 15.402245	 -25.413181	 2
1462096054.341	 201.927032	 -1.000000	 25.000000	 42.270401	 15.747993	 -24.544827	 2
1462096054.360	 201.864136	 -1.000000	 25.000000	 43.068119	 16.059166	 -22.574329	 2
1462096054.384	 202.536926	 -1.000000	 25.000000	 44.455456	 16.059166	 -19.234501	 2
1462096054.404	 204.741409	 -1.000000	 25.000000	 45.981529	 15.436821	 -14.625546	 2
1462096054.425	 206.620300	 -1.000000	 25.000000	 47.472916	 14.641609	 -9.582413	 2
1462096054.443	 211.196747	 -1.000000	 25.000000	 48.721519	 13.466080	 -4.372288	 2
1462096054.463	 215.598572	 -1.000000	 25.000000	 49.935440	 12.186829	 0.069679	 2
1462096054.484	 220.250687	 -1.000000	 25.000000	 50.386322	 10.907578	 3.643295	 2
1462096054.502	 223.677643	 -1.000000	 25.000000	 50.039490	 10.354385	 6.248360	 2
1462096054.523	 224.464157	 -1.000000	 25.000000	 49.935440	 10.181503	 8.085266	 2
1462096054.542	 223.829712	 -1.000000	 25.000000	 49.519234	 10.250656	 9.354401	 2
1462096054.564	 222.926971	 -1.000000	 25.000000	 48.929615	 10.216087	 10.523338	 2
1462096054.586	 220.200806	 -1.000000	 25.000000	 48.548100	 10.250656	 11.157906	 2
1462096054.603	 220.320099	 -1.000000	 25.000000	 48.652149	 9.870331	 11.792469	 2
1462096054.623	 219.791428	 -1.000000	 25.000000	 48.270634	 9.766602	 12.360241	 2
1462096054.645	 219.438492	 -1.000000	 25.000000	 48.444054	 9.524582	 12.727623	 2
1462096054.663	 219.068832	 -1.000000	 25.000000	 48.340000	 9.766617	 12.493835	 2
1462096054.684	 218.718613	 -1.000000	 25.000000	 48.513420	 10.008636	 12.126453	 2
1462096054.705	 217.424286	 -1.000000	 25.000000	 48.582787	 10.423538	 10.456543	 2
1462096054.726	 215.586227	 -1.000000	 25.000000	 48.686836	 10.803856	 7.818081	 2
1462096054.744	 215.562134	 -1.000000	 25.000000	 48.520332	 10.857079	 5.729557	 2
1462096054.765	 213.665009	 -1.000000	 25.000000	 48.901833	 11.237396	 4.093132	 2
1462096054.785	 211.800400	 -1.000000	 25.000000	 49.422058	 11.341118	 3.124641	 2
1462096054.805	 211.338028	 -1.000000	 25.000000	 49.491417	 11.341118	 2.723885	 2
1462096054.825	 211.912872	 -1.000000	 25.000000	 49.838242	 10.857079	 3.057846	 2
1462096054.846	 212.126648	 -1.000000	 25.000000	 49.838242	 10.511330	 3.057846	 2
1462096054.866	 212.279785	 -1.000000	 25.000000	 49.976967	 9.681549	 3.057846	 2
1462096054.889	 207.567871	 -1.000000	 25.000000	 49.526108	 9.301239	 3.158035	 2
1462096054.907	 207.627380	 -1.000000	 25.000000	 49.560783	 8.644325	 3.992943	 2
1462096054.926	 208.433502	 -1.000000	 25.000000	 49.352699	 8.229446	 4.928040	 2
1462096054.946	 210.584244	 -1.000000	 25.000000	 49.144608	 7.607101	 6.397480	 2
1462096054.969	 211.463837	 -1.000000	 25.000000	 49.075241	 7.261368	 7.265785	 2
1462096054.997	 215.576157	 -1.000000	 25.000000	 48.901825	 7.019341	 7.432766	 2
1462096055.009	 218.011734	 -1.000000	 25.000000	 49.179283	 6.950203	 6.898426	 2
1462096055.029	 217.800522	 -1.000000	 25.000000	 49.144600	 7.053917	 5.929932	 2
1462096055.056	 219.126526	 -1.000000	 25.000000	 49.179283	 7.365082	 4.226719	 2
1462096055.068	 218.436127	 -1.000000	 25.000000	 49.213966	 7.607094	 2.590294	 2
1462096055.089	 216.158310	 -1.000000	 25.000000	 49.595459	 7.434227	 0.686703	 2
1462096055.115	 213.926575	 -1.000000	 25.000000	 49.318008	 7.503380	 -0.715942	 2
1462096055.131	 212.686356	 -1.000000	 25.000000	 49.630142	 7.261360	 -1.951614	 2
1462096055.149	 212.081757	 -1.000000	 25.000000	 49.664825	 7.503387	 -2.853310	 2
1462096055.175	 211.848572	 -1.000000	 25.000000	 49.526100	 7.918282	 -3.855202	 2
1462096055.191	 212.284241	 -1.000000	 25.000000	 49.560783	 8.229446	 -4.556530	 2
1462096055.213	 212.845306	 -1.000000	 25.000000	 49.491417	 8.506035	 -5.424835	 2
1462096055.237	 212.817261	 -1.000000	 25.000000	 49.456734	 9.162949	 -6.593704	 2
1462096055.250	 212.451569	 -1.000000	 25.000000	 49.352692	 9.197517	 -7.896164	 2
1462096055.270	 211.914124	 -1.000000	 25.000000	 49.318008	 9.162941	 -9.265411	 2
1462096055.293	 211.274567	 -1.000000	 25.000000	 48.867149	 9.266670	 -10.835041	 2
1462096055.310	 210.953827	 -1.000000	 25.000000	 48.867149	 9.474106	 -12.304478	 2
1462096055.331	 210.087631	 -1.000000	 25.000000	 48.381599	 9.474106	 -13.306366	 2
1462096055.354	 211.603485	 -1.000000	 25.000000	 48.000099	 9.716125	 -13.874107	 2
1462096055.371	 212.357788	 -1.000000	 25.000000	 47.549240	 9.889000	 -14.642231	 2
1462096055.392	 213.175415	 -1.000000	 25.000000	 47.375832	 10.407616	 -15.076382	 2
1462096055.413	 213.097229	 -1.000000	 25.000000	 46.716873	 11.133675	 -15.911297	 2
1462096055.432	 212.611282	 -1.000000	 25.000000	 46.474098	 11.444847	 -16.813007	 2
1462096055.455	 211.479935	 -1.000000	 25.000000	 46.057922	 11.859741	 -17.748104	 2
1462096055.474	 210.065720	 -1.000000	 25.000000	 45.919189	 12.136330	 -17.948483	 2
1462096055.495	 208.833618	 -1.000000	 25.000000	 45.953873	 12.654953	 -16.979984	 2
1462096055.517	 206.947083	 -1.000000	 25.000000	 46.786232	 12.378365	 -14.709034	 2
1462096055.534	 209.247375	 -1.000000	 25.000000	 47.583916	 12.343781	 -11.402798	 2
1462096055.554	 211.160721	 -1.000000	 25.000000	 48.728416	 11.894318	 -7.361835	 2
1462096055.574	 214.316589	 -1.000000	 25.000000	 49.422050	 11.271980	 -2.886723	 2
1462096055.595	 218.263794	 -1.000000	 25.000000	 49.838234	 10.373047	 0.853668	 2
1462096055.613	 222.277161	 -1.000000	 25.000000	 49.664825	 9.785278	 3.759151	 2
1462096055.634	 225.704605	 -1.000000	 25.000000	 49.144600	 9.059227	 6.197086	 2
1462096055.656	 227.226959	 -1.000000	 25.000000	 48.867149	 8.575188	 7.933697	 2
1462096055.677	 226.904312	 -1.000000	 25.000000	 48.555008	 8.264015	 9.035778	 2
1462096055.694	 226.766373	 -1.000000	 25.000000	 48.242874	 7.676254	 10.405033	 2
1462096055.715	 227.300323	 -1.000000	 25.000000	 48.173508	 7.399658	 11.874470	 2
1462096055.735	 228.223587	 -1.000000	 25.000000	 48.242874	 7.053917	 13.210323	 2
1462096055.754	 229.019379	 -1.000000	 25.000000	 47.653282	 6.673607	 14.312405	 2
1462096055.776	 229.205750	 -1.000000	 25.000000	 47.479874	 6.431580	 15.147312	 2
1462096055.795	 228.532425	 -1.000000	 25.000000	 47.757332	 6.500732	 15.214108	 2
1462096055.817	 227.998627	 -1.000000	 25.000000	 47.792015	 6.189568	 15.180710	 2
1462096055.835	 226.898254	 -1.000000	 25.000000	 48.208199	 6.466171	 14.178818	 2
1462096055.856	 225.794189	 -1.000000	 25.000000	 48.693741	 6.535309	 12.375412	 2
1462096055.875	 224.466187	 -1.000000	 25.000000	 49.109924	 7.019341	 10.304836	 2
1462096055.896	 223.171097	 -1.000000	 25.000000	 49.144600	 7.399658	 8.267658	 2
1462096055.916	 221.090912	 -1.000000	 25.000000	 49.422050	 7.883690	 6.263870	 2
1462096055.936	 219.497467	 -1.000000	 25.000000	 49.352692	 7.607094	 5.061604	 2
1462096055.957	 218.230972	 -1.000000	 25.000000	 49.491417	 7.883682	 4.460472	 2
1462096055.981	 217.393539	 -1.000000	 25.000000	 49.387375	 7.779968	 4.360279	 2
1462096056.003	 217.926910	 -1.000000	 25.000000	 49.699509	 7.676247	 4.527260	 2
1462096056.020	 217.639984	 -1.000000	 25.000000	 49.803558	 7.365082	 4.827827	 2
1462096056.041	 216.159592	 -1.000000	 25.000000	 49.942284	 7.503380	 4.761036	 2
1462096056.059	 215.357956	 -1.000000	 25.000000	 50.081017	 7.088486	 4.961414	 2
1462096056.079	 216.311310	 -1.000000	 25.000000	 50.219742	 6.466156	 5.495758	 2
1462096056.108	 216.473984	 -1.000000	 25.000000	 50.219742	 5.912964	 5.762928	 2
1462096056.124	 215.483582	 -1.000000	 25.000000	 49.976967	 5.670937	 5.662743	 2
1462096056.143	 215.251648	 -1.000000	 25.000000	 50.046333	 5.670937	 5.529156	 2
1462096056.167	 215.145020	 -1.000000	 25.000000	 49.907600	 5.947533	 5.261986	 2
1462096056.179	 216.084747	 -1.000000	 25.000000	 49.976967	 6.639015	 4.059715	 2
1462096056.199	 214.991669	 -1.000000	 25.000000	 49.768875	 7.053909	 2.456688	 2
1462096056.227	 214.721069	 -1.000000	 25.000000	 49.630150	 7.399651	 0.586498	 2
1462096056.239	 214.370331	 -1.000000	 25.000000	 49.352692	 7.468788	 -1.150116	 2
1462096056.260	 213.142914	 -1.000000	 25.000000	 49.283333	 7.537941	 -2.886723	 2
1462096056.286	 211.977448	 -1.000000	 25.000000	 49.179283	 7.226768	 -3.988808	 2
1462096056.301	 211.869354	 -1.000000	 25.000000	 49.075241	 7.261345	 -5.024094	 2
1462096056.321	 211.259857	 -1.000000	 25.000000	 48.901825	 7.503365	 -5.725422	 2
1462096056.346	 211.353409	 -1.000000	 25.000000	 49.109917	 7.641655	 -6.526932	 2
1462096056.360	 212.770325	 -1.000000	 25.000000	 48.936508	 7.814529	 -7.428635	 2
1462096056.381	 211.773590	 -1.000000	 25.000000	 48.867149	 8.506004	 -8.697693	 2
1462096056.401	 212.065842	 -1.000000	 25.000000	 48.763100	 8.886330	 -9.666191	 2
1462096056.421	 212.989777	 -1.000000	 25.000000	 48.763100	 8.955482	 -11.068836	 2
1462096056.446	 212.168274	 -1.000000	 25.000000	 48.034790	 9.128357	 -12.905632	 2
1462096056.461	 210.228271	 -1.000000	 25.000000	 47.687965	 9.750687	 -14.909412	 2
1462096056.481	 209.205032	 -1.000000	 25.000000	 46.890282	 9.785255	 -16.679424	 2
1462096056.502	 208.262741	 -1.000000	 25.000000	 46.196648	 10.200150	 -18.349239	 2
1462096056.526	 207.521576	 -1.000000	 25.000000	 45.433647	 10.615036	 -20.019054	 2
1462096056.542	 207.733658	 -1.000000	 25.000000	 44.948097	 11.099068	 -21.221317	 2
1462096056.563	 206.802948	 -1.000000	 25.000000	 44.081047	 10.995338	 -22.056232	 2
1462096056.585	 206.456650	 -1.000000	 25.000000	 43.699547	 11.513962	 -22.623966	 2
1462096056.613	 206.002731	 -1.000000	 25.000000	 43.630188	 11.721405	 -22.824337	 2
1462096056.625	 205.204300	 -1.000000	 25.000000	 43.977005	 12.136292	 -22.089619	 2
1462096056.644	 206.687149	 -1.000000	 25.000000	 44.601280	 12.482040	 -20.219433	 2
1462096056.663	 204.849808	 -1.000000	 25.000000	 45.711098	 12.758636	 -17.614521	 2
1462096056.687	 205.128693	 -1.000000	 25.000000	 47.306465	 12.412895	 -14.208088	 2
1462096056.706	 208.353653	 -1.000000	 25.000000	 48.485641	 11.859703	 -10.601276	 2
1462096056.734	 207.966278	 -1.000000	 25.000000	 49.318008	 10.891632	 -7.261639	 2
1462096056.749	 209.569366	 -1.000000	 25.000000	 49.803558	 9.577812	 -4.656723	 2
1462096056.770	 211.778610	 -1.000000	 25.000000	 50.219742	 8.333138	 -2.452560	 2
1462096056.794	 209.989258	 -1.000000	 25.000000	 49.803558	 7.572510	 -1.183502	 2
1462096056.807	 207.132889	 -1.000000	 25.000000	 49.803558	 6.673576	 -0.248405	 2
1462096056.826	 207.635223	 -1.000000	 25.000000	 49.907600	 5.947517	 0.653297	 2
1462096056.853	 202.798889	 -1.000000	 25.000000	 49.907600	 5.532616	 1.788776	 2
1462096056.869	 201.758636	 -1.000000	 25.000000	 49.976967	 4.910286	 2.456703	 2
1462096056.886	 202.041367	 -1.000000	 25.000000	 50.011650	 4.045937	 3.358402	 2
1462096056.910	 202.772064	 -1.000000	 25.000000	 50.046333	 3.734772	 4.260105	 2
1462096056.926	 202.303619	 -1.000000	 25.000000	 50.011650	 3.423607	 4.961430	 2
1462096056.945	 202.113159	 -1.000000	 25.000000	 50.011650	 3.008713	 5.028221	 2
1462096056.966	 202.175171	 -1.000000	 25.000000	 49.942284	 3.077873	 5.228600	 2
1462096056.996	 201.785278	 -1.000000	 25.000000	 50.011650	 3.423615	 4.694260	 2
1462096057.016	 201.771027	 -1.000000	 25.000000	 49.630150	 4.080513	 3.725765	 2
1462096057.036	 202.110596	 -1.000000	 25.000000	 49.699509	 5.394333	 2.991047	 2
1462096057.056	 203.291229	 -1.000000	 25.000000	 49.768875	 6.777306	 2.389908	 2
1462096057.076	 205.988846	 -1.000000	 25.000000	 49.838242	 7.814529	 2.523499	 2
1462096057.097	 209.486588	 -1.000000	 25.000000	 49.942284	 8.194832	 2.824062	 2
1462096057.118	 213.143570	 -1.000000	 25.000000	 50.219742	 8.125687	 3.491993	 2
1462096057.141	 215.343048	 -1.000000	 25.000000	 50.115692	 7.468781	 3.525391	 2
1462096057.157	 216.487000	 -1.000000	 25.000000	 50.219742	 6.950172	 3.892746	 2
1462096057.177	 215.004166	 -1.000000	 25.000000	 50.150375	 6.742737	 3.625572	 2
1462096057.196	 212.205902	 -1.000000	 25.000000	 50.185059	 6.569855	 3.191418	 2
1462096057.217	 210.413116	 -1.000000	 25.000000	 50.219742	 6.258690	 2.556889	 2
1462096057.239	 210.658859	 -1.000000	 25.000000	 50.427834	 5.567207	 2.490097	 2
1462096057.258	 207.078903	 -1.000000	 25.000000	 50.393150	 5.256035	 1.989151	 2
1462096057.280	 206.274338	 -1.000000	 25.000000	 50.462517	 4.772003	 1.187637	 2
1462096057.304	 204.078598	 -1.000000	 25.000000	 50.427834	 4.806580	 0.686691	 2
1462096057.320	 203.086487	 -1.000000	 25.000000	 50.219742	 5.014030	 -0.181614	 2
1462096057.339	 203.580353	 -1.000000	 25.000000	 49.872925	 5.705505	 -1.651051	 2
1462096057.360	 203.460510	 -1.000000	 25.000000	 49.630150	 6.085823	 -3.220684	 2
1462096057.379	 202.917465	 -1.000000	 25.000000	 49.283333	 6.431564	 -5.090874	 2
1462096057.399	 201.928207	 -1.000000	 25.000000	 49.075241	 6.639015	 -7.161442	 2
1462096057.421	 200.359482	 -1.000000	 25.000000	 49.144600	 6.984756	 -8.697681	 2
1462096057.441	 198.544830	 -1.000000	 25.000000	 48.763100	 7.572517	 -10.066933	 2
1462096057.459	 197.573257	 -1.000000	 25.000000	 48.520325	 7.952843	 -11.235809	 2
1462096057.480	 197.549759	 -1.000000	 25.000000	 48.381599	 8.367729	 -12.304489	 2
1462096057.500	 198.134659	 -1.000000	 25.000000	 48.208191	 9.093781	 -13.339771	 2
1462096057.520	 198.806854	 -1.000000	 25.000000	 47.583916	 9.508682	 -14.608829	 2
1462096057.540	 199.168945	 -1.000000	 25.000000	 46.855598	 10.027298	 -16.178463	 2
1462096057.562	 199.229721	 -1.000000	 25.000000	 45.849823	 10.338470	 -17.948467	 2
1462096057.583	 199.221298	 -1.000000	 25.000000	 45.017464	 10.545914	 -19.551495	 2
1462096057.606	 198.856354	 -1.000000	 25.000000	 43.768913	 10.545914	 -21.221310	 2
1462096057.623	 198.192230	 -1.000000	 25.000000	 42.624413	 10.926239	 -22.924526	 2
1462096057.643	 197.885498	 -1.000000	 25.000000	 41.722687	 11.202827	 -24.393963	 2
1462096057.662	 197.974380	 -1.000000	 25.000000	 41.029045	 11.825157	 -25.596233	 2
1462096057.682	 197.375549	 -1.000000	 25.000000	 39.537727	 12.343781	 -27.032284	 2
1462096057.701	 197.088531	 -1.000000	 25.000000	 38.740047	 13.208122	 -28.334743	 2
1462096057.723	 194.926041	 -1.000000	 25.000000	 37.872997	 13.381004	 -29.370029	 2
1462096057.744	 195.226318	 -1.000000	 25.000000	 37.768951	 13.208122	 -30.538898	 2
1462096057.762	 195.622818	 -1.000000	 25.000000	 37.283401	 12.793243	 -31.540791	 2
1462096057.782	 196.130310	 -1.000000	 25.000000	 37.630219	 11.963463	 -32.008335	 2
1462096057.803	 195.886246	 -1.000000	 25.000000	 37.803627	 10.545914	 -31.974941	 2
1462096057.823	 195.527878	 -1.000000	 15.000000	 38.086578	 9.378159	 -32.137405	 2
1462096057.843	 194.124283	 -1.000000	 15.000000	 38.225300	 7.649445	 -31.736656	 2
1462096057.863	 188.872772	 -1.000000	 15.000000	 38.572098	 5.851578	 -31.803452	 2
1462096057.885	 188.545441	 -1.000000	 15.000000	 38.502739	 4.122856	 -31.803459	 2
1462096057.907	 186.614990	 -1.000000	 15.000000	 38.676140	 2.013809	 -32.304375	 2
1462096057.924	 185.119232	 -1.000000	 15.000000	 38.364021	 -0.233521	 -32.671722	 2
1462096057.945	 181.916992	 -1.000000	 15.000000	 37.809143	 -1.547348	 -33.206047	 2
1462096057.969	 180.886917	 -1.000000	 15.000000	 37.219585	 -2.411705	 -34.174507	 2
1462096057.984	 175.327621	 -1.000000	 15.000000	 36.005787	 -2.653725	 -35.810860	 2
1462096058.013	 170.826645	 -1.000000	 15.000000	 33.543514	 -1.789360	 -37.714378	 2
1462096058.036	 165.634521	 -1.000000	 15.000000	 30.526363	 0.181374	 -39.885056	 2
1462096058.058	 159.275467	 -1.000000	 15.000000	 26.780933	 2.117538	 -42.556648	 2
1462096058.074	 151.516174	 -1.000000	 15.000000	 22.307224	 4.226585	 -44.660530	 2
1462096058.096	 143.394211	 -1.000000	 15.000000	 17.937559	 6.508492	 -46.530655	 2
1462096058.117	 136.479996	 -1.000000	 15.000000	 13.741293	 8.064339	 -48.100212	 2
1462096058.135	 130.977051	 -1.000000	 15.000000	 10.377339	 8.928711	 -49.269043	 2
1462096058.155	 125.172897	 -1.000000	 15.000000	 7.843100	 8.884804	 -50.427067	 2
1462096058.177	 119.295105	 -1.000000	 15.000000	 5.207392	 9.023102	 -51.028156	 2
1462096058.195	 113.568550	 -1.000000	 15.000000	 2.849127	 8.331619	 -51.696033	 2
1462096058.215	 108.497467	 -1.000000	 15.000000	 0.560225	 7.640144	 -51.829609	 2
1462096058.242	 104.320984	 -1.000000	 15.000000	 -2.110161	 6.637512	 -51.729435	 2
1462096058.268	 101.251114	 -1.000000	 15.000000	 -4.537783	 5.531143	 -51.863003	 2
1462096058.291	 96.669029	 -1.000000	 15.000000	 -6.792004	 3.352989	 -51.762821	 2
1462096058.324	 96.655243	 -1.000000	 15.000000	 -9.358349	 1.278557	 -51.428890	 2
1462096058.325	 96.290527	 -1.000000	 15.000000	 -11.353150	 -1.422142	 -51.177807	 2
1462096058.338	 95.071869	 -1.000000	 15.000000	 -13.433904	 -3.842316	 -50.910656	 2
1462096058.357	 93.940231	 -1.000000	 15.000000	 -15.722737	 -6.193336	 -50.042416	 2
1462096058.384	 92.923134	 -1.000000	 15.000000	 -18.080925	 -7.991173	 -48.973804	 2
1462096058.397	 92.173615	 -1.000000	 15.000000	 -19.988285	 -9.754433	 -47.871807	 2
1462096058.416	 91.644669	 -1.000000	 15.000000	 -21.583530	 -11.759720	 -46.469257	 2
1462096058.444	 91.071159	 -1.000000	 15.000000	 -23.803005	 -13.488403	 -44.532398	 2
1462096058.457	 90.805824	 -1.000000	 15.000000	 -25.641006	 -15.459122	 -42.896099	 2
1462096058.477	 91.099548	 -1.000000	 15.000000	 -27.062859	 -17.844719	 -41.393368	 2
1462096058.503	 91.747894	 -1.000000	 15.000000	 -28.658104	 -20.126587	 -39.590092	 2
1462096058.518	 92.121552	 -1.000000	 15.000000	 -30.288033	 -22.166443	 -37.419483	 2
1462096058.538	 93.062103	 -1.000000	 15.000000	 -30.808220	 -23.791405	 -35.983540	 2
1462096058.563	 93.613327	 -1.000000	 15.000000	 -31.744560	 -25.208939	 -34.414021	 2
1462096058.578	 93.400040	 -1.000000	 15.000000	 -32.750259	 -26.280724	 -32.777721	 2
1462096058.598	 94.079811	 -1.000000	 15.000000	 -33.235767	 -27.179634	 -31.174801	 2
1462096058.620	 94.178497	 -1.000000	 15.000000	 -33.651920	 -27.594513	 -30.039402	 2
1462096058.639	 94.387711	 -1.000000	 15.000000	 -34.692299	 -28.147697	 -28.770435	 2
1462096058.659	 94.732651	 -1.000000	 15.000000	 -35.212486	 -28.735458	 -27.134121	 2
1462096058.680	 96.532013	 -1.000000	 15.000000	 -34.900215	 -29.282562	 -25.891327	 2
1462096058.700	 96.960815	 -1.000000	 15.000000	 -35.455048	 -29.489990	 -24.355019	 2
1462096058.720	 97.354233	 -1.000000	 15.000000	 -35.801804	 -29.904842	 -22.818718	 2
1462096058.741	 97.602921	 -1.000000	 15.000000	 -35.905838	 -30.285126	 -21.649788	 2
1462096058.760	 97.623276	 -1.000000	 15.000000	 -36.321960	 -30.423416	 -20.714638	 2
1462096058.782	 97.538086	 -1.000000	 15.000000	 -36.668724	 -30.354279	 -20.180260	 2
1462096058.800	 97.563812	 -1.000000	 15.000000	 -36.842110	 -30.734562	 -19.545700	 2
1462096058.822	 97.549179	 -1.000000	 15.000000	 -36.980812	 -31.356842	 -19.412109	 2
1462096058.842	 97.731079	 -1.000000	 15.000000	 -37.084839	 -31.737122	 -19.178322	 2
1462096058.862	 97.917984	 -1.000000	 15.000000	 -36.772751	 -32.117405	 -19.078125	 2
1462096058.882	 97.935143	 -1.000000	 15.000000	 -36.391312	 -32.221119	 -19.044724	 2
1462096058.904	 97.912338	 -1.000000	 15.000000	 -36.391312	 -32.221119	 -18.777534	 2
1462096058.921	 97.753265	 -1.000000	 15.000000	 -36.425987	 -32.186546	 -18.677345	 2
1462096058.943	 97.601105	 -1.000000	 15.000000	 -36.460663	 -32.221111	 -18.710739	 2
1462096058.964	 97.585228	 -1.000000	 10.000000	 -36.670059	 -32.101025	 -19.050591	 2
1462096058.982	 97.721405	 -1.000000	 10.000000	 -36.774094	 -32.273880	 -19.751953	 2
