% Compass data recorded with 'snsrlog'
% 
% 
% Label description:
% 	 0: Default Label
% 	 1: still_drop
% 	 2: walk_drop
% 	 3: other
% 	 4: dtw_same
% 	 5: dtw_diff
% 	 6: delete
% 
% Column description:
% 	 1: Seconds.milliseconds since 1970
% 	 2: Magnetic heading in degrees starting at due north and continuing clockwise (e.g. east = 90) - negative values indicate invalid values
% 		 NOTE: True heading only provides valid values when GPS is activated at same time!
% 	 3: True heading in degrees starting at due north and continuing clockwise (e.g. east = 90) - negative values indicate invalid values
% 	 4: Error likelihood - negative values indicate invalid values
% 	 5: Geomagnetic data for the x-axis measured in microteslas
% 	 6: Geomagnetic data for the y-axis measured in microteslas
% 	 7: Geomagnetic data for the z-axis measured in microteslas
% 	 8: Label used for the current sample
% 
% 
1462095978.337	 59.581047	 -1.000000	 25.000000	 -29.877548	 -5.603226	 -39.849789	 2
1462095978.343	 60.303726	 -1.000000	 25.000000	 -29.559559	 -5.430367	 -40.016788	 2
1462095978.361	 60.907051	 -1.000000	 25.000000	 -29.091248	 -5.188354	 -39.916592	 2
1462095978.381	 61.174137	 -1.000000	 25.000000	 -28.709663	 -5.084641	 -40.350796	 2
1462095978.402	 60.309383	 -1.000000	 25.000000	 -27.183319	 -5.292076	 -41.352810	 2
1462095978.422	 61.307560	 -1.000000	 25.000000	 -24.755047	 -5.637794	 -42.421619	 2
1462095978.443	 62.006310	 -1.000000	 25.000000	 -22.465534	 -6.052666	 -43.356831	 2
1462095978.466	 62.485138	 -1.000000	 25.000000	 -19.829124	 -6.536682	 -44.893253	 2
1462095978.483	 62.334900	 -1.000000	 25.000000	 -16.602989	 -6.571251	 -46.062275	 2
1462095978.503	 62.275818	 -1.000000	 25.000000	 -13.550302	 -6.847832	 -46.463078	 2
1462095978.525	 61.964134	 -1.000000	 25.000000	 -10.740441	 -6.882408	 -47.164494	 2
1462095978.543	 61.435734	 -1.000000	 25.000000	 -7.653068	 -6.571251	 -48.066303	 2
1462095978.565	 59.677074	 -1.000000	 25.000000	 -4.843209	 -5.983521	 -48.433704	 2
1462095978.591	 60.685413	 -1.000000	 25.000000	 -1.859900	 -5.222923	 -48.634106	 2
1462095978.603	 60.670284	 -1.000000	 25.000000	 1.574371	 -4.220329	 -48.934711	 2
1462095978.623	 61.065498	 -1.000000	 25.000000	 5.702435	 -3.632591	 -48.500507	 2
1462095978.651	 61.355572	 -1.000000	 25.000000	 10.038638	 -2.768288	 -47.197887	 2
1462095978.663	 61.810936	 -1.000000	 25.000000	 15.207392	 -2.457130	 -45.628071	 2
1462095978.684	 62.737041	 -1.000000	 25.000000	 20.584282	 -1.869400	 -43.323437	 2
1462095978.704	 64.722427	 -1.000000	 25.000000	 25.579582	 -1.316238	 -40.450993	 2
1462095978.725	 67.528610	 -1.000000	 25.000000	 30.158611	 -0.486504	 -36.977345	 2
1462095978.745	 71.401390	 -1.000000	 25.000000	 34.251987	 0.412376	 -34.038097	 2
1462095978.765	 75.853203	 -1.000000	 25.000000	 37.408745	 1.829842	 -30.798252	 2
1462095978.785	 80.898537	 -1.000000	 25.000000	 39.767635	 2.936165	 -27.992619	 2
1462095978.805	 85.880074	 -1.000000	 25.000000	 41.432739	 4.388206	 -25.454174	 2
1462095978.830	 91.111832	 -1.000000	 25.000000	 42.334671	 5.909386	 -23.583752	 2
1462095978.846	 97.084480	 -1.000000	 25.000000	 42.889706	 7.015709	 -21.579723	 2
1462095978.866	 103.175423	 -1.000000	 25.000000	 43.028461	 8.260315	 -20.711315	 2
1462095978.890	 108.583763	 -1.000000	 25.000000	 42.646877	 9.332062	 -20.210300	 2
1462095978.907	 112.890770	 -1.000000	 25.000000	 42.334671	 10.265511	 -20.176907	 2
1462095978.927	 116.113045	 -1.000000	 25.000000	 41.987774	 10.956970	 -20.510906	 2
1462095978.949	 118.264572	 -1.000000	 25.000000	 42.022465	 11.821274	 -21.212315	 2
1462095978.967	 120.049011	 -1.000000	 25.000000	 41.779636	 11.994141	 -21.780125	 2
1462095978.991	 121.450012	 -1.000000	 25.000000	 41.675571	 11.890427	 -22.347935	 2
1462095979.009	 122.343826	 -1.000000	 25.000000	 41.571503	 11.786705	 -23.182949	 2
1462095979.039	 122.602051	 -1.000000	 25.000000	 41.085850	 11.579269	 -23.917759	 2
1462095979.059	 121.258957	 -1.000000	 25.000000	 40.357368	 11.060692	 -24.886379	 2
1462095979.069	 120.945053	 -1.000000	 25.000000	 40.045158	 11.026123	 -25.587780	 2
1462095979.100	 119.287064	 -1.000000	 25.000000	 39.698265	 11.233559	 -26.122196	 2
1462095979.111	 117.484962	 -1.000000	 25.000000	 39.802330	 10.922409	 -26.088795	 2
1462095979.127	 114.944405	 -1.000000	 25.000000	 40.183918	 10.472969	 -26.122196	 2
1462095979.149	 115.368515	 -1.000000	 25.000000	 41.016468	 9.435799	 -25.387379	 2
1462095979.171	 115.351761	 -1.000000	 25.000000	 41.814327	 8.294907	 -24.418766	 2
1462095979.193	 112.929283	 -1.000000	 25.000000	 42.820328	 6.808296	 -23.383350	 2
1462095979.210	 113.421509	 -1.000000	 25.000000	 43.028465	 5.494545	 -22.581738	 2
1462095979.230	 114.028503	 -1.000000	 25.000000	 43.618187	 4.077072	 -21.679935	 2
1462095979.250	 111.982040	 -1.000000	 25.000000	 43.479431	 2.901619	 -20.878323	 2
1462095979.270	 112.709351	 -1.000000	 25.000000	 43.756947	 1.380432	 -19.742710	 2
1462095979.300	 111.625786	 -1.000000	 25.000000	 43.999775	 -0.313622	 -18.974499	 2
1462095979.319	 109.361610	 -1.000000	 25.000000	 44.554810	 -1.903946	 -18.039288	 2
1462095979.379	 109.951607	 -1.000000	 25.000000	 44.901707	 -3.632568	 -16.703274	 2
1462095979.380	 110.902054	 -1.000000	 25.000000	 45.283291	 -4.704308	 -15.935062	 2
1462095979.380	 113.623833	 -1.000000	 25.000000	 45.075153	 -5.810631	 -15.333862	 2
1462095979.416	 117.395615	 -1.000000	 25.000000	 44.936390	 -6.709511	 -14.465454	 2
1462095979.420	 118.214066	 -1.000000	 25.000000	 44.624184	 -7.297241	 -14.231655	 2
1462095979.440	 122.912994	 -1.000000	 25.000000	 44.311977	 -7.331818	 -14.599060	 2
1462095979.460	 125.712845	 -1.000000	 25.000000	 43.999771	 -7.504692	 -14.699261	 2
1462095979.481	 125.527008	 -1.000000	 25.000000	 43.965080	 -6.847816	 -15.734676	 2
1462095979.500	 127.350510	 -1.000000	 25.000000	 43.999771	 -5.292053	 -17.104092	 2
1462095979.521	 127.824448	 -1.000000	 25.000000	 44.277287	 -3.563431	 -17.705296	 2
1462095979.541	 126.332634	 -1.000000	 25.000000	 44.346668	 -1.350792	 -18.172901	 2
1462095979.562	 129.067322	 -1.000000	 25.000000	 44.346668	 1.207565	 -18.640507	 2
1462095979.582	 131.473770	 -1.000000	 25.000000	 44.381355	 3.800499	 -18.406704	 2
1462095979.607	 135.304016	 -1.000000	 25.000000	 44.346668	 5.909409	 -18.039303	 2
1462095979.624	 140.030106	 -1.000000	 25.000000	 43.652874	 7.914612	 -18.239697	 2
1462095979.644	 145.194778	 -1.000000	 25.000000	 43.340672	 9.539513	 -18.339909	 2
1462095979.666	 148.129578	 -1.000000	 25.000000	 42.855015	 11.129845	 -19.141514	 2
1462095979.684	 147.745148	 -1.000000	 25.000000	 42.161224	 12.167015	 -20.410732	 2
1462095979.705	 145.477631	 -1.000000	 25.000000	 41.571503	 13.238770	 -21.379345	 2
1462095979.727	 143.623215	 -1.000000	 25.000000	 41.085850	 14.345093	 -22.448170	 2
1462095979.744	 143.070404	 -1.000000	 25.000000	 40.392056	 15.451401	 -23.850986	 2
1462095979.764	 143.579956	 -1.000000	 25.000000	 39.628883	 16.281136	 -24.318607	 2
1462095979.792	 144.088593	 -1.000000	 25.000000	 39.143230	 17.180031	 -24.786205	 2
1462095979.804	 144.331390	 -1.000000	 25.000000	 38.171921	 18.148048	 -25.253819	 2
1462095979.824	 144.242294	 -1.000000	 25.000000	 37.304680	 19.358078	 -25.354015	 2
1462095979.845	 144.102234	 -1.000000	 25.000000	 36.506817	 20.429832	 -25.120213	 2
1462095979.865	 143.827286	 -1.000000	 25.000000	 36.610886	 21.294136	 -24.752811	 2
1462095979.884	 143.131134	 -1.000000	 25.000000	 36.368057	 22.020164	 -23.784199	 2
1462095979.911	 143.404907	 -1.000000	 25.000000	 36.819023	 22.815331	 -22.281178	 2
1462095979.925	 144.816086	 -1.000000	 25.000000	 37.998470	 23.022766	 -20.677952	 2
1462095979.945	 145.937210	 -1.000000	 25.000000	 39.177917	 23.091904	 -18.473522	 2
1462095979.966	 146.672577	 -1.000000	 25.000000	 39.871712	 22.677040	 -16.603092	 2
1462095979.986	 148.260193	 -1.000000	 25.000000	 41.293983	 22.158447	 -14.766064	 2
1462095980.006	 149.210785	 -1.000000	 25.000000	 42.299984	 21.432419	 -13.597046	 2
1462095980.030	 151.863708	 -1.000000	 25.000000	 42.089844	 20.693840	 -11.547218	 2
1462095980.046	 149.444702	 -1.000000	 25.000000	 42.540749	 19.691231	 -10.578579	 2
1462095980.067	 147.288925	 -1.000000	 25.000000	 43.303818	 19.345505	 -9.376125	 2
1462095980.090	 144.709671	 -1.000000	 25.000000	 43.477242	 19.172638	 -8.207081	 2
1462095980.107	 142.011948	 -1.000000	 25.000000	 43.824089	 19.103485	 -6.871029	 2
1462095980.128	 140.255554	 -1.000000	 25.000000	 44.344368	 18.999763	 -5.969189	 2
1462095980.149	 139.805038	 -1.000000	 25.000000	 44.379051	 18.826897	 -5.267761	 2
1462095980.170	 140.588104	 -1.000000	 25.000000	 44.240311	 18.481171	 -4.800140	 2
1462095980.192	 141.564911	 -1.000000	 25.000000	 44.448418	 18.342873	 -4.466118	 2
1462095980.211	 142.837982	 -1.000000	 25.000000	 44.448418	 17.789711	 -4.466118	 2
1462095980.239	 144.156860	 -1.000000	 25.000000	 44.066887	 17.755135	 -4.967140	 2
1462095980.252	 145.917801	 -1.000000	 25.000000	 43.928146	 18.239143	 -5.969181	 2
1462095980.269	 148.187683	 -1.000000	 25.000000	 43.858772	 18.861458	 -6.837620	 2
1462095980.298	 150.573349	 -1.000000	 25.000000	 43.477242	 19.449188	 -7.672653	 2
1462095980.319	 156.898926	 -1.000000	 25.000000	 43.338501	 19.933197	 -7.739452	 2
1462095980.341	 159.535049	 -1.000000	 25.000000	 43.685349	 19.794907	 -7.205032	 2
1462095980.359	 160.921753	 -1.000000	 25.000000	 43.962830	 19.172600	 -6.136185	 2
1462095980.379	 162.666412	 -1.000000	 25.000000	 43.997513	 18.446571	 -5.100746	 2
1462095980.402	 162.974243	 -1.000000	 25.000000	 44.240311	 17.305672	 -4.399315	 2
1462095980.419	 162.091003	 -1.000000	 25.000000	 44.656532	 16.821663	 -4.532921	 2
1462095980.439	 162.473633	 -1.000000	 25.000000	 44.934006	 16.268509	 -4.599716	 2
1462095980.459	 159.786285	 -1.000000	 25.000000	 45.350227	 16.130219	 -4.466106	 2
1462095980.479	 157.918121	 -1.000000	 25.000000	 45.627708	 16.061066	 -4.466106	 2
1462095980.500	 157.553802	 -1.000000	 25.000000	 45.662392	 16.303070	 -4.299099	 2
1462095980.520	 158.445221	 -1.000000	 25.000000	 45.107430	 16.164772	 -3.898281	 2
1462095980.541	 159.609772	 -1.000000	 25.000000	 44.864639	 16.545074	 -3.864883	 2
1462095980.564	 158.917984	 -1.000000	 25.000000	 44.448418	 16.959946	 -4.599716	 2
1462095980.581	 160.598495	 -1.000000	 25.000000	 44.170937	 17.167381	 -5.468155	 2
1462095980.601	 164.175232	 -1.000000	 25.000000	 43.789406	 17.409386	 -6.837608	 2
1462095980.621	 163.589218	 -1.000000	 25.000000	 43.511925	 17.547676	 -8.574478	 2
1462095980.641	 163.875717	 -1.000000	 25.000000	 42.818222	 17.755112	 -10.578564	 2
1462095980.662	 162.983841	 -1.000000	 25.000000	 42.367317	 17.720543	 -12.215233	 2
1462095980.682	 161.729462	 -1.000000	 25.000000	 41.916420	 17.962547	 -13.785103	 2
1462095980.703	 160.957291	 -1.000000	 25.000000	 41.673622	 17.858826	 -14.887352	 2
1462095980.722	 160.683899	 -1.000000	 25.000000	 41.396149	 18.204552	 -16.089790	 2
1462095980.742	 160.305664	 -1.000000	 25.000000	 41.361458	 18.308266	 -16.590820	 2
1462095980.762	 161.674179	 -1.000000	 25.000000	 40.910557	 18.619415	 -17.425850	 2
1462095980.783	 162.094055	 -1.000000	 25.000000	 40.494339	 18.688568	 -18.628311	 2
1462095980.806	 161.699509	 -1.000000	 25.000000	 39.557846	 19.068863	 -19.730553	 2
1462095980.825	 161.074570	 -1.000000	 25.000000	 38.898834	 19.587448	 -20.832802	 2
1462095980.845	 159.949951	 -1.000000	 25.000000	 37.719543	 19.864021	 -22.436058	 2
1462095980.868	 159.045807	 -1.000000	 25.000000	 36.887108	 20.071457	 -23.838921	 2
1462095980.884	 158.143982	 -1.000000	 25.000000	 35.811874	 20.244308	 -25.141579	 2
1462095980.904	 157.396881	 -1.000000	 25.000000	 35.048805	 20.935768	 -26.010010	 2
1462095980.926	 157.438782	 -1.000000	 25.000000	 34.493843	 21.212357	 -26.811646	 2
1462095980.944	 157.657959	 -1.000000	 25.000000	 34.008255	 21.903809	 -27.279266	 2
1462095980.964	 157.071152	 -1.000000	 25.000000	 33.259247	 22.233955	 -27.034794	 2
1462095980.992	 159.059006	 -1.000000	 25.000000	 32.738987	 22.959976	 -26.867786	 2
1462095981.010	 160.469254	 -1.000000	 25.000000	 32.877724	 23.098267	 -27.001392	 2
1462095981.030	 161.104309	 -1.000000	 25.000000	 32.704304	 23.409424	 -26.500362	 2
1462095981.045	 161.148148	 -1.000000	 25.000000	 33.016460	 23.720581	 -25.798916	 2
1462095981.065	 160.766373	 -1.000000	 25.000000	 33.606087	 23.893448	 -24.629848	 2
1462095981.085	 160.788620	 -1.000000	 25.000000	 34.889397	 23.928017	 -22.592327	 2
1462095981.111	 162.462433	 -1.000000	 25.000000	 36.134209	 23.148911	 -19.568054	 2
1462095981.126	 164.243530	 -1.000000	 25.000000	 37.799026	 22.664902	 -16.628662	 2
1462095981.146	 165.805130	 -1.000000	 25.000000	 39.394474	 21.973457	 -14.090096	 2
1462095981.167	 166.783142	 -1.000000	 25.000000	 40.296253	 21.282013	 -11.885551	 2
1462095981.186	 167.457748	 -1.000000	 25.000000	 41.336765	 21.074577	 -10.282242	 2
1462095981.206	 167.734161	 -1.000000	 25.000000	 41.857018	 20.763428	 -9.380386	 2
1462095981.230	 165.560333	 -1.000000	 25.000000	 41.544861	 20.936295	 -9.079765	 2
1462095981.247	 162.461288	 -1.000000	 25.000000	 41.544861	 20.936295	 -8.411724	 2
1462095981.267	 158.785431	 -1.000000	 25.000000	 41.718281	 21.109161	 -8.044300	 2
1462095981.289	 154.482559	 -1.000000	 25.000000	 41.752964	 21.212883	 -7.409657	 2
1462095981.310	 150.183609	 -1.000000	 25.000000	 41.440811	 21.385735	 -6.908623	 2
1462095981.329	 147.500595	 -1.000000	 25.000000	 42.203854	 21.109161	 -6.240578	 2
1462095981.352	 145.308029	 -1.000000	 25.000000	 42.273224	 21.178299	 -5.906555	 2
1462095981.381	 144.584763	 -1.000000	 25.000000	 42.585381	 20.867142	 -5.605934	 2
1462095981.392	 144.348465	 -1.000000	 25.000000	 42.446644	 20.659706	 -5.739544	 2
1462095981.412	 144.696259	 -1.000000	 25.000000	 42.654751	 20.728851	 -6.006752	 2
1462095981.440	 145.091766	 -1.000000	 25.000000	 42.238541	 21.005424	 -7.008820	 2
1462095981.452	 146.074860	 -1.000000	 25.000000	 41.995754	 21.316582	 -7.643459	 2
1462095981.472	 147.451141	 -1.000000	 25.000000	 41.787651	 22.077171	 -7.710258	 2
1462095981.500	 150.092896	 -1.000000	 25.000000	 41.926388	 22.284599	 -7.576645	 2
1462095981.516	 153.728607	 -1.000000	 25.000000	 42.030437	 22.111740	 -7.142422	 2
1462095981.532	 159.107758	 -1.000000	 25.000000	 42.342594	 21.800583	 -6.040150	 2
1462095981.562	 160.628433	 -1.000000	 25.000000	 42.689426	 21.316582	 -5.505714	 2
1462095981.572	 160.909698	 -1.000000	 25.000000	 42.793480	 20.659698	 -5.205093	 2
1462095981.592	 158.236725	 -1.000000	 25.000000	 42.966896	 20.210266	 -5.372108	 2
1462095981.619	 158.169388	 -1.000000	 25.000000	 43.105633	 20.002831	 -5.238503	 2
1462095981.633	 157.793015	 -1.000000	 25.000000	 43.209682	 19.622536	 -5.205101	 2
1462095981.655	 156.728012	 -1.000000	 25.000000	 43.799305	 19.587959	 -4.436848	 2
1462095981.678	 156.972931	 -1.000000	 25.000000	 43.938038	 19.380531	 -4.169636	 2
1462095981.693	 157.080276	 -1.000000	 25.000000	 43.868671	 19.449669	 -3.768810	 2
1462095981.714	 159.127335	 -1.000000	 25.000000	 43.764622	 19.553391	 -4.069427	 2
1462095981.738	 158.899063	 -1.000000	 25.000000	 43.625881	 19.899117	 -4.403446	 2
1462095981.753	 161.527649	 -1.000000	 25.000000	 42.862843	 19.899117	 -6.140362	 2
1462095981.774	 161.426315	 -1.000000	 25.000000	 42.411957	 19.933701	 -8.244701	 2
1462095981.797	 160.270142	 -1.000000	 25.000000	 42.134487	 20.071983	 -10.182026	 2
1462095981.818	 159.049240	 -1.000000	 25.000000	 41.648918	 20.348549	 -12.052551	 2
1462095981.835	 157.111115	 -1.000000	 25.000000	 41.059296	 20.590553	 -14.223694	 2
1462095981.855	 155.758423	 -1.000000	 25.000000	 40.573727	 20.797989	 -15.292572	 2
1462095981.875	 154.631287	 -1.000000	 25.000000	 39.949417	 21.212860	 -15.893814	 2
1462095981.895	 154.982147	 -1.000000	 25.000000	 39.429161	 21.247429	 -16.662064	 2
1462095981.915	 155.665833	 -1.000000	 25.000000	 38.908901	 21.212860	 -17.430313	 2
1462095981.937	 155.203308	 -1.000000	 25.000000	 38.562065	 21.281998	 -18.165154	 2
1462095981.959	 156.353531	 -1.000000	 25.000000	 38.215229	 21.558578	 -19.033607	 2
1462095981.980	 156.496735	 -1.000000	 25.000000	 37.868393	 21.766014	 -19.835266	 2
1462095981.997	 155.708862	 -1.000000	 25.000000	 37.313454	 21.835152	 -20.837334	 2
1462095982.018	 156.041733	 -1.000000	 25.000000	 36.758518	 22.180878	 -21.772583	 2
1462095982.039	 155.901062	 -1.000000	 25.000000	 35.960789	 22.353737	 -22.407227	 2
1462095982.057	 154.937637	 -1.000000	 25.000000	 35.371166	 22.595741	 -23.175476	 2
1462095982.077	 155.735535	 -1.000000	 25.000000	 34.712173	 22.906883	 -23.943726	 2
1462095982.098	 156.205322	 -1.000000	 25.000000	 34.295967	 23.252609	 -24.544960	 2
1462095982.119	 155.547638	 -1.000000	 25.000000	 33.671658	 23.460037	 -24.678574	 2
1462095982.141	 156.847839	 -1.000000	 25.000000	 33.602291	 23.944046	 -24.945778	 2
1462095982.158	 156.800613	 -1.000000	 25.000000	 33.012672	 24.462616	 -25.580421	 2
1462095982.178	 155.784546	 -1.000000	 25.000000	 32.492413	 25.050354	 -25.881042	 2
1462095982.199	 156.791718	 -1.000000	 25.000000	 31.660007	 25.534355	 -26.148262	 2
1462095982.218	 157.201767	 -1.000000	 25.000000	 31.347851	 25.914635	 -26.515678	 2
1462095982.238	 156.861023	 -1.000000	 25.000000	 30.931648	 25.845497	 -26.716087	 2
1462095982.260	 157.362381	 -1.000000	 25.000000	 31.174435	 25.880066	 -25.680618	 2
1462095982.281	 157.417145	 -1.000000	 25.000000	 31.833424	 25.707207	 -24.511543	 2
1462095982.299	 160.573517	 -1.000000	 25.000000	 32.751434	 25.504845	 -22.346054	 2
1462095982.328	 160.688507	 -1.000000	 25.000000	 34.416222	 25.366547	 -19.874306	 2
1462095982.353	 162.752441	 -1.000000	 25.000000	 35.872910	 25.297409	 -17.335754	 2
1462095982.368	 164.589355	 -1.000000	 25.000000	 37.572380	 24.640541	 -15.298241	 2
1462095982.389	 167.202881	 -1.000000	 25.000000	 38.994385	 24.191109	 -13.661545	 2
1462095982.409	 167.993896	 -1.000000	 25.000000	 39.826782	 23.223091	 -12.125053	 2
1462095982.432	 167.200134	 -1.000000	 25.000000	 40.277664	 22.566223	 -11.356812	 2
1462095982.449	 166.080902	 -1.000000	 25.000000	 40.763222	 21.943932	 -10.688770	 2
1462095982.471	 164.036728	 -1.000000	 25.000000	 40.797909	 21.563637	 -10.321346	 2
1462095982.492	 158.121353	 -1.000000	 25.000000	 41.248783	 21.114212	 -9.619904	 2
1462095982.510	 158.186615	 -1.000000	 25.000000	 41.526249	 20.561058	 -9.152275	 2
1462095982.529	 154.952927	 -1.000000	 25.000000	 41.560932	 20.042465	 -8.584438	 2
1462095982.551	 151.737000	 -1.000000	 25.000000	 41.907761	 19.627602	 -7.983204	 2
1462095982.575	 149.839157	 -1.000000	 25.000000	 42.497372	 19.109016	 -7.214962	 2
1462095982.593	 148.858490	 -1.000000	 25.000000	 42.254597	 18.867012	 -6.647125	 2
1462095982.612	 149.069092	 -1.000000	 25.000000	 42.393330	 18.797874	 -6.112694	 2
1462095982.633	 150.635010	 -1.000000	 25.000000	 42.809525	 18.521309	 -5.711872	 2
1462095982.652	 153.407990	 -1.000000	 25.000000	 42.844208	 18.555878	 -5.344452	 2
1462095982.675	 153.497665	 -1.000000	 25.000000	 42.358646	 18.694168	 -5.210842	 2
1462095982.700	 155.152084	 -1.000000	 25.000000	 42.532063	 18.797874	 -5.377853	 2
1462095982.712	 157.023026	 -1.000000	 25.000000	 42.636108	 19.109032	 -5.812077	 2
1462095982.732	 158.923813	 -1.000000	 25.000000	 42.670792	 19.558464	 -6.112694	 2
1462095982.762	 160.932709	 -1.000000	 25.000000	 42.150547	 19.662170	 -6.212902	 2
1462095982.774	 164.756592	 -1.000000	 25.000000	 42.497372	 19.869606	 -6.012486	 2
1462095982.794	 166.511078	 -1.000000	 25.000000	 42.774841	 19.454742	 -5.745277	 2
1462095982.822	 167.825989	 -1.000000	 25.000000	 43.156353	 18.936157	 -5.043835	 2
1462095982.833	 168.389450	 -1.000000	 25.000000	 42.948257	 18.590439	 -4.375793	 2
1462095982.853	 168.083527	 -1.000000	 25.000000	 43.503189	 17.898987	 -3.774559	 2
1462095982.881	 168.835434	 -1.000000	 25.000000	 43.745972	 17.518700	 -3.273529	 2
1462095982.894	 168.991928	 -1.000000	 25.000000	 43.850018	 17.207542	 -2.772499	 2
1462095982.913	 169.332535	 -1.000000	 25.000000	 43.850018	 17.000107	 -2.438480	 2
1462095982.941	 170.080872	 -1.000000	 25.000000	 43.988750	 16.585243	 -2.037655	 2
1462095982.956	 168.934814	 -1.000000	 25.000000	 44.127480	 16.654388	 -1.636829	 2
1462095982.974	 171.269913	 -1.000000	 25.000000	 44.162163	 16.688957	 -1.670235	 2
1462095983.002	 171.325974	 -1.000000	 25.000000	 44.023434	 16.758095	 -1.870651	 2
1462095983.014	 174.339554	 -1.000000	 25.000000	 43.780651	 16.723526	 -2.772503	 2
1462095983.034	 174.781433	 -1.000000	 25.000000	 43.676601	 16.827248	 -4.342392	 2
1462095983.060	 173.463181	 -1.000000	 25.000000	 43.329769	 16.758110	 -6.279709	 2
1462095983.075	 172.252426	 -1.000000	 25.000000	 42.878891	 16.654388	 -8.183624	 2
1462095983.095	 170.383163	 -1.000000	 25.000000	 42.705475	 16.758095	 -9.820324	 2
1462095983.119	 168.730713	 -1.000000	 25.000000	 42.185230	 17.000092	 -11.256607	 2
1462095983.135	 168.131790	 -1.000000	 25.000000	 42.046497	 17.138374	 -12.058250	 2
1462095983.155	 169.346954	 -1.000000	 25.000000	 42.011818	 17.034668	 -12.960106	 2
1462095983.179	 168.577759	 -1.000000	 25.000000	 41.456886	 16.965523	 -14.028969	 2
1462095983.196	 169.667236	 -1.000000	 25.000000	 40.520443	 17.276680	 -15.198036	 2
1462095983.216	 170.170166	 -1.000000	 25.000000	 40.104248	 17.345825	 -16.200096	 2
1462095983.236	 169.439255	 -1.000000	 25.000000	 39.445267	 18.002701	 -17.703178	 2
1462095983.257	 167.591003	 -1.000000	 25.000000	 38.716927	 18.797852	 -18.738647	 2
1462095983.281	 167.114609	 -1.000000	 25.000000	 38.127312	 19.316429	 -19.974510	 2
1462095983.300	 165.712128	 -1.000000	 25.000000	 37.676430	 19.627579	 -21.277184	 2
1462095983.317	 165.768860	 -1.000000	 25.000000	 37.086819	 19.869598	 -22.245850	 2
1462095983.341	 165.407578	 -1.000000	 25.000000	 36.254425	 20.007889	 -22.980690	 2
1462095983.360	 164.058807	 -1.000000	 25.000000	 35.387352	 20.180748	 -23.815742	 2
1462095983.389	 164.861816	 -1.000000	 25.000000	 34.589638	 20.561043	 -24.383575	 2
1462095983.403	 165.467529	 -1.000000	 25.000000	 33.930664	 20.803040	 -24.550583	 2
1462095983.421	 165.467285	 -1.000000	 25.000000	 33.202320	 21.459908	 -24.851212	 2
1462095983.449	 165.895950	 -1.000000	 25.000000	 32.751438	 21.909332	 -25.151833	 2
1462095983.462	 166.201675	 -1.000000	 25.000000	 32.404610	 22.462494	 -25.419052	 2
1462095983.479	 166.543182	 -1.000000	 25.000000	 32.300552	 22.911926	 -25.185234	 2
1462095983.499	 166.732971	 -1.000000	 25.000000	 32.439285	 23.119354	 -24.918030	 2
1462095983.519	 166.199341	 -1.000000	 25.000000	 32.751434	 23.499649	 -24.283386	 2
1462095983.539	 165.611267	 -1.000000	 25.000000	 33.132950	 23.534225	 -22.980705	 2
1462095983.559	 167.589142	 -1.000000	 25.000000	 34.034706	 23.534225	 -21.110199	 2
1462095983.582	 166.482758	 -1.000000	 25.000000	 35.248615	 23.637932	 -19.005867	 2
1462095983.600	 167.749603	 -1.000000	 25.000000	 36.670624	 23.534210	 -16.433914	 2
1462095983.620	 171.500916	 -1.000000	 25.000000	 38.057945	 22.842773	 -14.028969	 2
1462095983.640	 169.707596	 -1.000000	 25.000000	 39.445267	 22.151329	 -12.225258	 2
1462095983.661	 168.736038	 -1.000000	 25.000000	 40.173615	 21.701897	 -10.722172	 2
1462095983.681	 174.763397	 -1.000000	 25.000000	 40.728539	 20.664734	 -9.452888	 2
1462095983.701	 172.862930	 -1.000000	 25.000000	 41.110054	 19.869583	 -9.018665	 2
1462095983.722	 170.479431	 -1.000000	 25.000000	 41.387516	 19.523865	 -8.684643	 2
1462095983.747	 171.390457	 -1.000000	 25.000000	 41.907768	 19.074440	 -7.782787	 2
1462095983.761	 164.115784	 -1.000000	 25.000000	 42.601429	 18.244705	 -7.248360	 2
1462095983.782	 160.220581	 -1.000000	 25.000000	 43.086994	 17.760704	 -6.647125	 2
1462095983.802	 160.818848	 -1.000000	 25.000000	 43.468506	 17.311279	 -5.678463	 2
1462095983.822	 158.545151	 -1.000000	 25.000000	 43.954067	 16.481544	 -4.876816	 2
1462095983.842	 159.094727	 -1.000000	 25.000000	 44.023434	 15.928391	 -4.542793	 2
1462095983.865	 160.091644	 -1.000000	 25.000000	 43.884705	 15.859238	 -4.542793	 2
1462095983.884	 161.722778	 -1.000000	 25.000000	 43.988754	 15.617233	 -4.576191	 2
1462095983.903	 162.891373	 -1.000000	 25.000000	 43.572556	 15.755516	 -5.244232	 2
1462095983.931	 164.411850	 -1.000000	 25.000000	 43.399139	 16.412384	 -5.478054	 2
1462095983.945	 166.446762	 -1.000000	 25.000000	 43.191040	 17.034676	 -6.012486	 2
1462095983.965	 169.593521	 -1.000000	 25.000000	 43.156353	 17.345833	 -6.045891	 2
1462095983.987	 172.470932	 -1.000000	 25.000000	 42.948254	 18.175560	 -5.912277	 2
1462095984.006	 176.205444	 -1.000000	 25.000000	 43.295086	 17.968132	 -5.311039	 2
1462095984.025	 178.540466	 -1.000000	 25.000000	 43.399136	 17.518700	 -4.943615	 2
1462095984.052	 178.808105	 -1.000000	 25.000000	 43.676601	 17.034691	 -4.342381	 2
1462095984.064	 179.580765	 -1.000000	 25.000000	 43.850018	 16.585258	 -3.908157	 2
1462095984.085	 179.015213	 -1.000000	 25.000000	 43.954067	 15.720963	 -3.607540	 2
1462095984.116	 177.595444	 -1.000000	 25.000000	 44.231533	 15.651825	 -3.473934	 2
1462095984.124	 176.581970	 -1.000000	 25.000000	 44.162167	 15.236961	 -3.473934	 2
1462095984.145	 176.354324	 -1.000000	 25.000000	 44.508999	 14.891235	 -2.939499	 2
1462095984.172	 175.363693	 -1.000000	 25.000000	 44.370266	 14.683807	 -2.471874	 2
1462095984.186	 174.968872	 -1.000000	 25.000000	 44.543678	 14.372665	 -2.438473	 2
1462095984.204	 181.059753	 -1.000000	 25.000000	 44.543678	 14.580093	 -2.572083	 2
1462095984.225	 182.960205	 -1.000000	 25.000000	 44.578362	 14.822098	 -2.872704	 2
1462095984.246	 182.318207	 -1.000000	 25.000000	 44.058113	 15.271530	 -4.242188	 2
1462095984.266	 182.292419	 -1.000000	 25.000000	 44.092796	 15.582687	 -5.878891	 2
1462095984.287	 181.308792	 -1.000000	 25.000000	 43.850014	 16.239548	 -7.715996	 2
1462095984.306	 180.601028	 -1.000000	 25.000000	 43.399136	 16.204979	 -9.553104	 2
1462095984.326	 179.555084	 -1.000000	 25.000000	 43.086987	 16.516121	 -11.323414	 2
1462095984.351	 178.500641	 -1.000000	 25.000000	 42.670792	 16.654411	 -12.926708	 2
1462095984.368	 177.685577	 -1.000000	 25.000000	 42.185226	 17.069275	 -13.861961	 2
1462095984.387	 177.661072	 -1.000000	 25.000000	 41.664982	 17.034698	 -14.563408	 2
1462095984.410	 177.772705	 -1.000000	 25.000000	 41.214104	 17.415001	 -15.264854	 2
1462095984.428	 177.999268	 -1.000000	 25.000000	 40.728539	 17.415001	 -16.266914	 2
1462095984.451	 178.179749	 -1.000000	 25.000000	 40.312340	 17.622429	 -17.001747	 2
1462095984.470	 178.102020	 -1.000000	 25.000000	 39.722733	 17.587852	 -17.970406	 2
1462095984.490	 177.673477	 -1.000000	 25.000000	 39.133118	 17.691566	 -19.072678	 2
1462095984.512	 177.022858	 -1.000000	 25.000000	 38.196678	 17.726135	 -20.108139	 2
1462095984.530	 176.277756	 -1.000000	 25.000000	 37.641747	 18.279289	 -21.176994	 2
1462095984.559	 175.768570	 -1.000000	 25.000000	 36.913406	 18.521294	 -22.212463	 2
1462095984.572	 175.355774	 -1.000000	 25.000000	 35.907593	 18.555862	 -23.314728	 2
1462095984.591	 177.154465	 -1.000000	 25.000000	 35.422035	 18.970726	 -24.249985	 2
1462095984.619	 176.458313	 -1.000000	 25.000000	 35.144569	 19.454727	 -24.851219	 2
1462095984.632	 177.172424	 -1.000000	 25.000000	 34.589638	 19.800453	 -25.118439	 2
1462095984.649	 178.221024	 -1.000000	 25.000000	 34.416222	 19.904167	 -25.552658	 2
1462095984.678	 178.503433	 -1.000000	 25.000000	 34.589638	 20.215317	 -25.652863	 2
1462095984.691	 179.409164	 -1.000000	 25.000000	 34.208122	 20.941330	 -25.485847	 2
1462095984.710	 181.495209	 -1.000000	 25.000000	 33.965340	 21.183334	 -25.452454	 2
1462095984.730	 182.181961	 -1.000000	 25.000000	 34.034706	 21.252480	 -24.918022	 2
1462095984.750	 183.738602	 -1.000000	 25.000000	 34.416222	 21.771065	 -23.682144	 2
1462095984.770	 183.574158	 -1.000000	 25.000000	 35.005836	 21.943909	 -22.513069	 2
1462095984.791	 186.344406	 -1.000000	 25.000000	 35.976963	 21.390755	 -20.575752	 2
1462095984.813	 188.228958	 -1.000000	 25.000000	 37.572384	 21.321602	 -18.037193	 2
1462095984.830	 187.690109	 -1.000000	 25.000000	 38.682243	 20.561020	 -15.565453	 2
1462095984.852	 191.144012	 -1.000000	 25.000000	 39.930832	 19.800430	 -13.160507	 2
1462095984.872	 192.689392	 -1.000000	 25.000000	 41.110054	 19.316429	 -10.688763	 2
1462095984.892	 189.650101	 -1.000000	 25.000000	 42.081177	 18.417557	 -9.152267	 2
1462095984.912	 191.144379	 -1.000000	 25.000000	 42.532063	 17.345825	 -7.983196	 2
1462095984.932	 189.525940	 -1.000000	 25.000000	 43.399136	 16.965523	 -7.482166	 2
1462095984.953	 184.631378	 -1.000000	 25.000000	 43.537868	 16.274086	 -6.947735	 2
1462095984.978	 180.591599	 -1.000000	 25.000000	 43.711285	 15.409782	 -6.647118	 2
1462095984.993	 180.930756	 -1.000000	 25.000000	 44.058117	 15.133202	 -5.912277	 2
1462095985.013	 174.114975	 -1.000000	 25.000000	 44.404949	 14.787476	 -5.110626	 2
1462095985.040	 172.338608	 -1.000000	 25.000000	 44.647732	 13.923180	 -4.008362	 2
1462095985.053	 173.120163	 -1.000000	 25.000000	 45.063927	 13.508316	 -3.206715	 2
1462095985.075	 172.433212	 -1.000000	 25.000000	 45.445438	 13.266312	 -2.839294	 2
1462095985.097	 172.938126	 -1.000000	 25.000000	 45.376076	 12.989746	 -2.705685	 2
1462095985.115	 173.107254	 -1.000000	 25.000000	 45.306705	 12.989746	 -2.505272	 2
1462095985.139	 174.416733	 -1.000000	 25.000000	 45.202652	 13.508316	 -3.273521	 2
1462095985.157	 175.541229	 -1.000000	 25.000000	 44.647724	 14.130615	 -4.075169	 2
1462095985.175	 175.120132	 -1.000000	 25.000000	 44.335575	 14.718338	 -4.041771	 2
1462095985.195	 181.540619	 -1.000000	 25.000000	 44.335575	 14.994926	 -4.108566	 2
1462095985.216	 185.148758	 -1.000000	 25.000000	 44.370262	 15.029495	 -4.542793	 2
1462095985.235	 186.357544	 -1.000000	 25.000000	 44.162163	 14.614624	 -3.941555	 2
1462095985.254	 188.972626	 -1.000000	 25.000000	 44.682411	 13.957764	 -3.440529	 2
1462095985.279	 189.746307	 -1.000000	 25.000000	 44.751778	 13.335464	 -3.440529	 2
1462095985.295	 188.862122	 -1.000000	 25.000000	 45.098610	 13.058891	 -3.440529	 2
1462095985.315	 184.680801	 -1.000000	 25.000000	 45.098610	 12.298302	 -3.507332	 2
1462095985.343	 184.012070	 -1.000000	 25.000000	 45.514805	 12.367455	 -3.707745	 2
1462095985.365	 182.752289	 -1.000000	 25.000000	 45.445435	 12.367455	 -3.574139	 2
1462095985.385	 182.922394	 -1.000000	 25.000000	 45.896313	 12.332886	 -3.273521	 2
1462095985.405	 183.403824	 -1.000000	 25.000000	 45.618851	 11.987160	 -3.206722	 2
1462095985.432	 186.101227	 -1.000000	 25.000000	 45.549480	 12.125450	 -2.805897	 2
1462095985.446	 188.434570	 -1.000000	 25.000000	 45.237335	 12.160019	 -2.705692	 2
1462095985.465	 189.650391	 -1.000000	 25.000000	 44.890503	 12.090881	 -3.306927	 2
1462095985.487	 189.751770	 -1.000000	 25.000000	 44.647724	 12.332893	 -4.609604	 2
1462095985.510	 189.910553	 -1.000000	 25.000000	 44.682407	 12.644043	 -6.045891	 2
1462095985.526	 189.153503	 -1.000000	 25.000000	 44.335575	 13.197205	 -7.649185	 2
1462095985.551	 187.794998	 -1.000000	 25.000000	 43.884697	 13.508347	 -9.619904	 2
1462095985.567	 186.807007	 -1.000000	 25.000000	 43.676601	 14.130638	 -10.889175	 2
1462095985.587	 185.927292	 -1.000000	 25.000000	 42.844204	 14.614655	 -11.958035	 2
1462095985.610	 185.243317	 -1.000000	 25.000000	 42.219910	 15.167793	 -12.893288	 2
1462095985.627	 185.189911	 -1.000000	 25.000000	 42.254597	 15.478951	 -13.795143	 2
1462095985.650	 185.670227	 -1.000000	 25.000000	 42.046497	 15.686386	 -14.195969	 2
1462095985.672	 186.133240	 -1.000000	 25.000000	 41.664982	 15.790085	 -14.830597	 2
1462095985.688	 186.405731	 -1.000000	 25.000000	 41.456886	 16.066666	 -15.632248	 2
1462095985.711	 186.325867	 -1.000000	 25.000000	 40.797909	 16.308670	 -16.534096	 2
1462095985.731	 185.929504	 -1.000000	 25.000000	 39.618683	 16.377800	 -17.536156	 2
1462095985.759	 185.157120	 -1.000000	 25.000000	 38.682243	 16.827240	 -18.838837	 2
1462095985.772	 184.534119	 -1.000000	 25.000000	 38.092628	 17.207527	 -20.341934	 2
1462095985.790	 184.636337	 -1.000000	 25.000000	 37.572380	 17.380394	 -21.310600	 2
1462095985.819	 184.836121	 -1.000000	 25.000000	 36.982765	 17.898964	 -22.078850	 2
1462095985.835	 186.192200	 -1.000000	 25.000000	 36.393158	 18.694122	 -22.579887	 2
1462095985.849	 185.373993	 -1.000000	 25.000000	 35.942276	 19.281837	 -23.014107	 2
1462095985.869	 185.938278	 -1.000000	 25.000000	 35.560764	 19.662125	 -23.114304	 2
1462095985.890	 186.245605	 -1.000000	 25.000000	 35.109886	 20.042412	 -23.414917	 2
1462095985.910	 186.667099	 -1.000000	 25.000000	 34.901787	 20.457283	 -23.481720	 2
1462095985.930	 186.648926	 -1.000000	 25.000000	 35.075203	 20.630150	 -23.648743	 2
1462095985.951	 186.829376	 -1.000000	 25.000000	 35.526081	 20.664711	 -23.281319	 2
1462095985.973	 184.678558	 -1.000000	 25.000000	 35.768864	 20.768433	 -22.446274	 2
1462095985.991	 185.889404	 -1.000000	 25.000000	 36.358475	 21.148727	 -20.943184	 2
1462095986.010	 186.964279	 -1.000000	 25.000000	 37.572384	 20.837570	 -18.838860	 2
1462095986.033	 186.621597	 -1.000000	 25.000000	 38.959705	 20.699280	 -16.567528	 2
1462095986.051	 190.190857	 -1.000000	 25.000000	 40.173615	 19.973267	 -13.995567	 2
1462095986.071	 191.435715	 -1.000000	 25.000000	 41.387516	 19.247261	 -12.024845	 2
1462095986.091	 188.834091	 -1.000000	 25.000000	 42.393330	 18.244675	 -10.254539	 2
1462095986.114	 190.117172	 -1.000000	 25.000000	 42.844208	 17.242088	 -9.285877	 2
1462095986.132	 189.503494	 -1.000000	 25.000000	 43.329769	 16.343216	 -8.617844	 2
1462095986.152	 184.485382	 -1.000000	 25.000000	 43.711281	 15.755493	 -8.250420	 2
1462095986.172	 185.016373	 -1.000000	 25.000000	 43.884701	 15.029480	 -7.415371	 2
1462095986.192	 182.203156	 -1.000000	 25.000000	 44.231529	 14.407188	 -6.814137	 2
1462095986.212	 176.277237	 -1.000000	 25.000000	 44.925190	 13.923180	 -6.012486	 2
1462095986.235	 174.896408	 -1.000000	 25.000000	 45.341389	 13.508316	 -5.010426	 2
1462095986.253	 175.518677	 -1.000000	 25.000000	 45.618851	 13.508316	 -4.008366	 2
1462095986.276	 176.158112	 -1.000000	 25.000000	 45.722900	 13.681183	 -3.440533	 2
1462095986.300	 177.719757	 -1.000000	 25.000000	 46.069729	 13.612030	 -3.039711	 2
1462095986.316	 177.435745	 -1.000000	 25.000000	 45.792263	 14.165184	 -3.039711	 2
1462095986.335	 180.347488	 -1.000000	 25.000000	 45.584171	 14.303474	 -3.240120	 2
1462095986.357	 182.876282	 -1.000000	 25.000000	 45.410751	 14.268906	 -3.407131	 2
1462095986.375	 182.519958	 -1.000000	 25.000000	 45.306702	 14.510918	 -4.041771	 2
1462095986.395	 187.524750	 -1.000000	 25.000000	 44.613045	 14.649208	 -4.375793	 2
1462095986.417	 190.890320	 -1.000000	 25.000000	 44.439629	 14.822075	 -4.275585	 2
1462095986.437	 191.481354	 -1.000000	 25.000000	 44.196846	 14.718353	 -4.108578	 2
1462095986.454	 194.082703	 -1.000000	 25.000000	 44.300900	 14.407211	 -3.941566	 2
1462095986.485	 194.874084	 -1.000000	 25.000000	 44.370266	 14.199776	 -3.607552	 2
1462095986.495	 192.937851	 -1.000000	 25.000000	 44.543678	 14.096069	 -3.306934	 2
1462095986.515	 191.586334	 -1.000000	 25.000000	 44.751778	 13.473770	 -3.173321	 2
1462095986.543	 191.408875	 -1.000000	 25.000000	 44.821140	 13.404633	 -3.240120	 2
1462095986.555	 189.619293	 -1.000000	 25.000000	 44.855827	 13.508347	 -3.674343	 2
1462095986.577	 189.732956	 -1.000000	 25.000000	 45.029240	 13.266342	 -3.507332	 2
1462095986.600	 188.461121	 -1.000000	 25.000000	 45.167969	 13.266342	 -3.707745	 2
1462095986.616	 187.797974	 -1.000000	 25.000000	 44.959869	 13.473770	 -4.041771	 2
1462095986.636	 191.427170	 -1.000000	 25.000000	 44.786457	 13.370064	 -4.008366	 2
1462095986.662	 191.504913	 -1.000000	 25.000000	 44.890507	 13.473770	 -4.442589	 2
1462095986.677	 196.706039	 -1.000000	 25.000000	 44.578358	 13.646637	 -5.478054	 2
1462095986.697	 197.594910	 -1.000000	 25.000000	 44.058113	 13.819504	 -6.847534	 2
1462095986.723	 196.183594	 -1.000000	 25.000000	 43.711281	 14.165222	 -8.183613	 2
1462095986.736	 195.649765	 -1.000000	 25.000000	 43.052303	 14.545509	 -10.621964	 2
1462095986.757	 194.954224	 -1.000000	 25.000000	 41.630299	 14.856667	 -12.392269	 2
1462095986.781	 192.614960	 -1.000000	 25.000000	 41.075371	 15.064102	 -14.530006	 2
1462095986.798	 194.615814	 -1.000000	 25.000000	 40.485756	 14.960381	 -16.099899	 2
1462095986.819	 194.613708	 -1.000000	 25.000000	 39.722733	 14.891235	 -17.836807	 2
1462095986.840	 193.052261	 -1.000000	 25.000000	 39.237167	 14.960381	 -19.373299	 2
1462095986.858	 192.631134	 -1.000000	 25.000000	 38.196678	 14.960381	 -21.577835	 2
1462095986.882	 191.007141	 -1.000000	 25.000000	 36.393158	 14.891235	 -23.581955	 2
1462095986.901	 187.404144	 -1.000000	 25.000000	 34.520271	 14.960381	 -26.387718	 2
1462095986.929	 187.423294	 -1.000000	 25.000000	 32.439285	 14.614655	 -29.460709	 2
1462095986.942	 186.929794	 -1.000000	 25.000000	 30.184889	 13.819504	 -31.965858	 2
1462095986.960	 186.858856	 -1.000000	 25.000000	 28.520103	 12.782341	 -34.237183	 2
1462095986.989	 186.621948	 -1.000000	 25.000000	 27.340879	 11.261169	 -36.308113	 2
1462095987.003	 185.380554	 -1.000000	 25.000000	 25.745459	 9.601700	 -37.911400	 2
1462095987.020	 183.803955	 -1.000000	 25.000000	 24.774336	 7.665672	 -38.980263	 2
1462095987.048	 178.050644	 -1.000000	 25.000000	 23.317646	 5.937073	 -40.249535	 2
1462095987.062	 174.216782	 -1.000000	 25.000000	 21.995678	 4.850281	 -41.444805	 2
1462095987.080	 169.765350	 -1.000000	 25.000000	 20.608395	 3.536575	 -42.046009	 2
1462095987.100	 165.167084	 -1.000000	 25.000000	 20.053482	 2.153732	 -42.780819	 2
1462095987.120	 160.274506	 -1.000000	 25.000000	 18.735563	 1.254890	 -42.981220	 2
1462095987.140	 155.687515	 -1.000000	 25.000000	 17.833828	 0.286896	 -43.448826	 2
1462095987.161	 154.746216	 -1.000000	 25.000000	 17.001459	 -0.335381	 -43.716022	 2
1462095987.181	 145.542816	 -1.000000	 25.000000	 15.579494	 -0.784798	 -44.350628	 2
1462095987.202	 138.046158	 -1.000000	 25.000000	 13.463888	 -0.681084	 -44.517635	 2
1462095987.221	 135.860016	 -1.000000	 25.000000	 10.897415	 -0.957642	 -45.720036	 2
1462095987.242	 125.514130	 -1.000000	 25.000000	 7.880077	 -0.923080	 -46.221043	 2
1462095987.262	 120.683716	 -1.000000	 25.000000	 4.377188	 -1.649063	 -46.788845	 2
1462095987.282	 119.849205	 -1.000000	 25.000000	 0.978346	 -2.893623	 -47.056049	 2
1462095987.302	 115.109390	 -1.000000	 25.000000	 -2.212404	 -4.553040	 -47.456837	 2
1462095987.322	 112.353546	 -1.000000	 25.000000	 -4.605465	 -5.763031	 -47.089436	 2
1462095987.345	 110.338516	 -1.000000	 25.000000	 -6.450143	 -7.683388	 -47.277958	 2
1462095987.373	 107.812660	 -1.000000	 25.000000	 -9.085958	 -8.789642	 -46.810345	 2
1462095987.406	 105.072144	 -1.000000	 25.000000	 -11.791138	 -8.789642	 -46.275944	 2
1462095987.413	 101.552559	 -1.000000	 25.000000	 -14.392271	 -8.616791	 -45.507740	 2
1462095987.437	 99.320770	 -1.000000	 25.000000	 -17.132135	 -8.858780	 -44.739521	 2
1462095987.453	 98.981812	 -1.000000	 25.000000	 -19.386450	 -8.893356	 -43.570515	 2
1462095987.473	 95.766571	 -1.000000	 25.000000	 -21.085857	 -9.135345	 -42.668697	 2
1462095987.496	 94.333076	 -1.000000	 25.000000	 -22.160992	 -9.723045	 -42.100887	 2
1462095987.515	 94.606064	 -1.000000	 25.000000	 -22.958672	 -10.587296	 -41.533077	 2
1462095987.535	 92.620239	 -1.000000	 25.000000	 -23.756353	 -11.244148	 -41.299290	 2
1462095987.557	 91.164062	 -1.000000	 25.000000	 -24.658083	 -11.589851	 -40.698078	 2
1462095987.575	 91.346573	 -1.000000	 25.000000	 -25.941309	 -12.246689	 -40.197071	 2
1462095987.594	 89.604767	 -1.000000	 25.000000	 -26.530901	 -13.110954	 -39.161663	 2
1462095987.616	 90.322495	 -1.000000	 25.000000	 -26.678347	 -14.073006	 -38.431248	 2
1462095987.634	 91.157867	 -1.000000	 15.000000	 -27.000938	 -14.971931	 -37.307602	 2
1462095987.654	 91.457153	 -1.000000	 15.000000	 -27.278381	 -16.216438	 -37.040390	 2
1462095987.683	 92.048309	 -1.000000	 15.000000	 -27.243698	 -17.011551	 -36.338951	 2
1462095987.694	 91.569290	 -1.000000	 15.000000	 -27.278381	 -18.083221	 -35.904716	 2
1462095987.715	 92.180473	 -1.000000	 15.000000	 -27.694542	 -19.258606	 -35.437096	 2
1462095987.736	 92.238144	 -1.000000	 15.000000	 -28.145378	 -19.984573	 -34.869247	 2
1462095987.755	 92.459999	 -1.000000	 15.000000	 -28.353458	 -20.122841	 -34.268005	 2
1462095987.775	 91.947388	 -1.000000	 15.000000	 -27.971981	 -20.503113	 -34.368217	 2
1462095987.802	 91.793442	 -1.000000	 15.000000	 -28.249416	 -20.295692	 -34.301414	 2
1462095987.816	 90.949059	 -1.000000	 15.000000	 -28.180058	 -20.019135	 -34.167801	 2
1462095987.836	 90.940887	 -1.000000	 15.000000	 -28.180058	 -20.088272	 -33.900581	 2
1462095987.856	 91.251350	 -1.000000	 15.000000	 -28.041340	 -20.433975	 -33.299355	 2
1462095987.876	 91.478371	 -1.000000	 15.000000	 -28.700264	 -20.537697	 -32.931923	 2
1462095987.896	 91.967964	 -1.000000	 15.000000	 -28.943020	 -21.263657	 -32.430901	 2
1462095987.921	 92.397522	 -1.000000	 15.000000	 -28.908340	 -21.643929	 -32.063477	 2
1462095987.937	 93.176613	 -1.000000	 15.000000	 -28.804298	 -22.093338	 -32.096878	 2
1462095987.957	 93.798134	 -1.000000	 15.000000	 -28.838982	 -22.473618	 -32.397499	 2
1462095987.981	 94.104141	 -1.000000	 15.000000	 -28.457500	 -22.646461	 -32.163689	 2
1462095987.998	 95.071548	 -1.000000	 15.000000	 -28.180058	 -22.646461	 -32.230492	 2
1462095988.035	 95.877129	 -1.000000	 15.000000	 -28.145378	 -22.819298	 -32.063477	 2
1462095988.042	 96.271408	 -1.000000	 15.000000	 -28.422821	 -22.681030	 -31.996681	 2
1462095988.059	 96.273811	 -1.000000	 15.000000	 -28.284103	 -22.335327	 -31.595848	 2
