% Compass data recorded with 'snsrlog'
% 
% 
% Label description:
% 	 0: Default Label
% 	 1: still_drop
% 	 2: walk_drop
% 	 3: other
% 	 4: dtw_same
% 	 5: dtw_diff
% 	 6: delete
% 
% Column description:
% 	 1: Seconds.milliseconds since 1970
% 	 2: Magnetic heading in degrees starting at due north and continuing clockwise (e.g. east = 90) - negative values indicate invalid values
% 		 NOTE: True heading only provides valid values when GPS is activated at same time!
% 	 3: True heading in degrees starting at due north and continuing clockwise (e.g. east = 90) - negative values indicate invalid values
% 	 4: Error likelihood - negative values indicate invalid values
% 	 5: Geomagnetic data for the x-axis measured in microteslas
% 	 6: Geomagnetic data for the y-axis measured in microteslas
% 	 7: Geomagnetic data for the z-axis measured in microteslas
% 	 8: Label used for the current sample
% 
% 
1462073689.641	 270.882050	 -1.000000	 15.000000	 42.405384	 -8.821167	 -22.300350	 2
1462073689.656	 270.260864	 -1.000000	 15.000000	 42.217484	 -8.950813	 -22.035931	 2
1462073689.676	 269.912140	 -1.000000	 15.000000	 42.416950	 -8.994034	 -22.177883	 2
1462073689.700	 269.008850	 -1.000000	 15.000000	 42.555706	 -9.478050	 -22.111080	 2
1462073689.716	 268.004791	 -1.000000	 15.000000	 42.347572	 -9.892921	 -22.177883	 2
1462073689.736	 267.341003	 -1.000000	 15.000000	 42.521019	 -9.927490	 -22.278080	 2
1462073689.758	 266.685791	 -1.000000	 15.000000	 42.590401	 -10.065788	 -22.678890	 2
1462073689.777	 266.179413	 -1.000000	 15.000000	 42.416950	 -9.823776	 -22.445080	 2
1462073689.797	 266.159760	 -1.000000	 15.000000	 42.416950	 -9.201469	 -22.445072	 2
1462073689.817	 266.203644	 -1.000000	 15.000000	 42.416950	 -8.579178	 -22.244671	 2
1462073689.837	 266.524963	 -1.000000	 15.000000	 42.139431	 -7.818581	 -22.311474	 2
1462073689.857	 266.353363	 -1.000000	 15.000000	 42.312878	 -7.645714	 -22.144466	 2
1462073689.877	 266.289581	 -1.000000	 15.000000	 42.590397	 -7.438286	 -22.278072	 2
1462073689.899	 266.405823	 -1.000000	 15.000000	 42.763847	 -7.057983	 -21.977474	 2
1462073689.921	 266.355896	 -1.000000	 15.000000	 43.561707	 -6.885124	 -21.610065	 2
1462073689.939	 266.135681	 -1.000000	 15.000000	 44.220810	 -6.712257	 -20.841854	 2
1462073689.961	 266.142181	 -1.000000	 15.000000	 44.949291	 -6.331963	 -19.873241	 2
1462073689.980	 266.280731	 -1.000000	 15.000000	 45.677776	 -6.159096	 -18.370220	 2
1462073689.999	 266.295074	 -1.000000	 15.000000	 46.545013	 -6.470245	 -16.733601	 2
1462073690.019	 265.901825	 -1.000000	 15.000000	 47.134735	 -6.850548	 -14.896572	 2
1462073690.039	 264.943665	 -1.000000	 15.000000	 47.793835	 -7.714859	 -12.591938	 2
1462073690.060	 264.129547	 -1.000000	 15.000000	 48.383560	 -8.095154	 -9.886497	 2
1462073690.079	 263.309753	 -1.000000	 15.000000	 48.591698	 -8.510025	 -7.481663	 2
1462073690.099	 263.173431	 -1.000000	 15.000000	 49.042660	 -8.406303	 -5.043427	 2
1462073690.119	 263.653442	 -1.000000	 15.000000	 49.216110	 -7.956871	 -2.939198	 2
1462073690.140	 265.009949	 -1.000000	 15.000000	 49.528316	 -6.746826	 -1.168968	 2
1462073690.163	 266.248688	 -1.000000	 15.000000	 49.528316	 -5.640503	 0.501053	 2
1462073690.180	 267.075317	 -1.000000	 15.000000	 49.493629	 -4.845337	 2.204479	 2
1462073690.201	 267.951294	 -1.000000	 15.000000	 49.216114	 -3.808167	 4.275311	 2
1462073690.222	 268.774231	 -1.000000	 15.000000	 48.903908	 -2.805565	 7.247952	 2
1462073690.241	 269.335815	 -1.000000	 15.000000	 47.967289	 -2.148697	 10.420998	 2
1462073690.271	 271.377014	 -1.000000	 15.000000	 46.891911	 -0.523796	 13.928051	 2
1462073690.291	 272.601135	 -1.000000	 15.000000	 45.434948	 1.757996	 18.002911	 2
1462073690.313	 275.852051	 -1.000000	 15.000000	 43.145428	 3.901482	 21.610161	 2
1462073690.333	 278.855865	 -1.000000	 15.000000	 40.647774	 6.252403	 24.549402	 2
1462073690.352	 280.776855	 -1.000000	 15.000000	 38.497017	 9.433067	 27.221443	 2
1462073690.372	 285.852234	 -1.000000	 15.000000	 35.860607	 11.576546	 29.158669	 2
1462073690.395	 287.671814	 -1.000000	 15.000000	 33.362957	 13.858322	 30.761890	 2
1462073690.412	 293.518799	 -1.000000	 15.000000	 31.073444	 16.209251	 32.231510	 2
1462073690.432	 298.029510	 -1.000000	 15.000000	 28.610481	 18.387314	 33.066521	 2
1462073690.453	 302.287354	 -1.000000	 15.000000	 25.870003	 20.288803	 34.168736	 2
1462073690.473	 307.104492	 -1.000000	 15.000000	 23.615179	 22.536011	 34.803345	 2
1462073690.493	 312.399902	 -1.000000	 15.000000	 21.499111	 24.299202	 34.836746	 2
1462073690.516	 317.568726	 -1.000000	 15.000000	 19.799322	 25.647530	 34.469345	 2
1462073690.536	 321.842682	 -1.000000	 15.000000	 18.828012	 27.030434	 34.736549	 2
1462073690.559	 324.967224	 -1.000000	 15.000000	 18.064840	 27.860168	 34.402542	 2
1462073690.575	 327.255219	 -1.000000	 15.000000	 16.920084	 28.655334	 34.235542	 2
1462073690.596	 328.962494	 -1.000000	 15.000000	 16.954773	 29.312202	 34.135338	 2
1462073690.614	 330.276398	 -1.000000	 15.000000	 17.128220	 29.761642	 34.168739	 2
1462073690.636	 330.822998	 -1.000000	 15.000000	 17.613873	 30.038216	 33.834732	 2
1462073690.656	 330.469147	 -1.000000	 15.000000	 18.481113	 30.072792	 33.200123	 2
1462073690.675	 328.654388	 -1.000000	 15.000000	 20.180901	 29.623352	 32.899521	 2
1462073690.695	 326.526978	 -1.000000	 15.000000	 21.186901	 28.897324	 32.665714	 2
1462073690.723	 324.528595	 -1.000000	 15.000000	 22.262280	 28.586166	 32.365112	 2
1462073690.735	 322.961395	 -1.000000	 15.000000	 22.921383	 28.205872	 31.864103	 2
1462073690.755	 321.870117	 -1.000000	 15.000000	 23.372349	 28.102150	 31.830704	 2
1462073690.782	 321.374969	 -1.000000	 15.000000	 23.407036	 28.136719	 31.730503	 2
1462073690.797	 321.437897	 -1.000000	 15.000000	 23.233587	 28.517014	 31.363098	 2
1462073690.816	 321.428406	 -1.000000	 15.000000	 23.337654	 28.482445	 31.262897	 2
1462073690.843	 321.499298	 -1.000000	 15.000000	 23.268276	 28.413307	 31.864105	 2
1462073690.856	 321.374420	 -1.000000	 15.000000	 23.511105	 27.825569	 32.164711	 2
1462073690.876	 321.221710	 -1.000000	 15.000000	 23.962072	 27.445274	 32.598915	 2
1462073690.902	 320.133453	 -1.000000	 15.000000	 24.655865	 26.546394	 32.799316	 2
1462073690.916	 318.385223	 -1.000000	 15.000000	 25.176212	 26.027809	 32.966324	 2
1462073690.937	 316.249207	 -1.000000	 15.000000	 25.904694	 25.301796	 32.665718	 2
1462073690.967	 314.503326	 -1.000000	 15.000000	 26.216900	 24.714073	 32.498711	 2
1462073690.976	 313.323975	 -1.000000	 15.000000	 26.355658	 24.644936	 32.298309	 2
1462073690.997	 312.839355	 -1.000000	 15.000000	 25.835316	 25.370956	 32.264908	 2
1462073691.019	 313.565247	 -1.000000	 15.000000	 24.551796	 26.027832	 32.365112	 2
1462073691.038	 315.868317	 -1.000000	 15.000000	 23.025455	 27.203293	 31.964304	 2
1462073691.058	 319.526276	 -1.000000	 15.000000	 21.741936	 28.966492	 31.396498	 2
1462073691.077	 323.552277	 -1.000000	 15.000000	 20.805317	 30.591393	 30.427885	 2
1462073691.120	 327.080963	 -1.000000	 15.000000	 20.562489	 31.939720	 29.459272	 2
1462073691.120	 330.595093	 -1.000000	 15.000000	 20.666557	 33.633774	 27.889448	 2
1462073691.139	 333.317749	 -1.000000	 15.000000	 21.048145	 34.843803	 26.987635	 2
1462073691.160	 335.247131	 -1.000000	 15.000000	 21.082832	 35.708122	 26.152622	 2
1462073691.180	 336.871765	 -1.000000	 15.000000	 20.944077	 36.537849	 25.217407	 2
1462073691.199	 337.656830	 -1.000000	 15.000000	 20.389044	 37.160164	 24.950203	 2
1462073691.219	 337.661316	 -1.000000	 15.000000	 19.591181	 37.263893	 24.783201	 2
1462073691.240	 338.208466	 -1.000000	 15.000000	 18.723938	 37.575050	 24.415796	 2
1462073691.259	 340.380249	 -1.000000	 15.000000	 17.613871	 38.612236	 23.948191	 2
1462073691.289	 342.962708	 -1.000000	 15.000000	 15.636562	 39.545692	 24.048393	 2
1462073691.309	 346.128571	 -1.000000	 15.000000	 13.381735	 40.824867	 23.213383	 2
1462073691.331	 349.554108	 -1.000000	 15.000000	 10.780014	 41.965752	 22.845978	 2
1462073691.349	 354.151489	 -1.000000	 15.000000	 6.825399	 43.417793	 22.177967	 2
1462073691.369	 358.618561	 -1.000000	 15.000000	 3.044232	 44.074669	 21.944162	 2
1462073691.389	 3.123108	 -1.000000	 15.000000	 -0.424731	 44.143822	 21.676960	 2
1462073691.410	 10.124694	 -1.000000	 15.000000	 -3.269279	 43.936394	 22.211365	 2
1462073691.430	 11.607093	 -1.000000	 15.000000	 -5.454724	 43.694374	 22.712372	 2
1462073691.451	 14.936862	 -1.000000	 15.000000	 -6.426034	 42.795494	 23.981592	 2
1462073691.470	 14.589049	 -1.000000	 15.000000	 -7.536103	 41.620033	 25.584816	 2
1462073691.490	 14.033886	 -1.000000	 15.000000	 -8.507409	 40.375420	 27.722446	 2
1462073691.512	 13.983582	 -1.000000	 15.000000	 -9.721549	 38.543083	 29.960279	 2
1462073691.530	 15.794130	 -1.000000	 15.000000	 -11.421338	 36.641594	 31.663704	 2
1462073691.551	 15.959655	 -1.000000	 15.000000	 -12.982369	 34.670952	 33.166725	 2
1462073691.572	 18.747719	 -1.000000	 15.000000	 -14.543403	 33.460922	 34.068535	 2
1462073691.592	 21.872307	 -1.000000	 15.000000	 -15.514712	 32.562050	 34.001732	 2
1462073691.611	 24.990417	 -1.000000	 15.000000	 -16.173813	 32.250893	 33.767929	 2
1462073691.633	 26.037436	 -1.000000	 15.000000	 -16.069744	 32.008888	 34.001732	 2
1462073691.652	 25.306532	 -1.000000	 15.000000	 -15.584092	 32.078026	 34.335732	 2
1462073691.672	 24.783350	 -1.000000	 15.000000	 -14.820920	 31.663155	 34.602940	 2
1462073691.692	 21.147570	 -1.000000	 15.000000	 -14.127128	 31.109993	 35.471352	 2
1462073691.712	 18.707134	 -1.000000	 15.000000	 -13.572095	 30.556831	 36.005760	 2
1462073691.732	 18.198193	 -1.000000	 15.000000	 -13.780231	 30.349403	 36.673775	 2
1462073691.752	 16.787878	 -1.000000	 15.000000	 -14.578092	 30.245689	 36.306370	 2
1462073691.776	 17.925377	 -1.000000	 15.000000	 -16.000366	 30.487694	 35.872162	 2
1462073691.797	 21.297966	 -1.000000	 15.000000	 -17.526711	 31.179146	 34.469345	 2
1462073691.814	 25.831097	 -1.000000	 15.000000	 -19.469326	 31.870605	 32.932922	 2
1462073691.837	 31.021692	 -1.000000	 15.000000	 -21.481327	 32.285469	 30.728489	 2
1462073691.856	 36.664932	 -1.000000	 15.000000	 -23.805531	 33.011482	 28.223454	 2
1462073691.877	 42.377125	 -1.000000	 15.000000	 -25.644077	 33.599220	 25.250813	 2
1462073691.894	 48.132275	 -1.000000	 15.000000	 -27.760147	 34.048653	 23.012980	 2
1462073691.914	 55.001442	 -1.000000	 15.000000	 -28.974281	 34.290657	 20.975554	 2
1462073691.935	 61.669750	 -1.000000	 15.000000	 -29.425247	 35.016685	 19.739735	 2
1462073691.955	 65.996826	 -1.000000	 15.000000	 -28.870213	 35.431557	 19.739735	 2
1462073691.975	 64.434280	 -1.000000	 15.000000	 -28.315178	 35.500694	 20.407743	 2
1462073691.994	 59.553074	 -1.000000	 15.000000	 -27.066349	 35.431557	 21.209354	 2
1462073692.015	 55.265793	 -1.000000	 15.000000	 -26.129734	 35.604424	 22.111168	 2
1462073692.042	 53.452705	 -1.000000	 15.000000	 -25.713459	 35.604424	 23.113182	 2
1462073692.055	 52.161335	 -1.000000	 15.000000	 -26.233799	 35.293266	 23.614189	 2
1462073692.075	 50.761032	 -1.000000	 15.000000	 -26.303181	 34.947563	 24.415800	 2
1462073692.102	 50.912567	 -1.000000	 15.000000	 -26.788837	 34.463539	 24.749805	 2
1462073692.116	 52.467064	 -1.000000	 15.000000	 -27.239803	 33.944946	 25.317612	 2
1462073692.136	 52.684063	 -1.000000	 15.000000	 -27.170425	 32.838631	 25.785217	 2
1462073692.161	 51.787525	 -1.000000	 15.000000	 -26.892906	 32.700340	 26.186024	 2
1462073692.176	 50.606239	 -1.000000	 15.000000	 -26.892906	 32.631187	 25.918821	 2
1462073692.197	 49.958664	 -1.000000	 15.000000	 -27.031666	 32.976913	 25.451212	 2
1462073692.221	 50.091942	 -1.000000	 15.000000	 -27.274494	 33.772079	 24.282196	 2
1462073692.237	 51.098408	 -1.000000	 15.000000	 -27.898903	 35.016685	 22.678974	 2
1462073692.257	 51.955761	 -1.000000	 15.000000	 -28.141731	 35.466118	 21.309555	 2
1462073692.286	 52.520298	 -1.000000	 15.000000	 -28.245800	 36.261284	 20.340940	 2
1462073692.309	 52.529167	 -1.000000	 15.000000	 -28.453938	 36.399590	 19.272125	 2
1462073692.325	 51.461014	 -1.000000	 15.000000	 -28.349869	 36.157585	 18.837919	 2
1462073692.347	 51.592659	 -1.000000	 15.000000	 -28.419250	 35.950142	 18.303513	 2
1462073692.368	 52.090172	 -1.000000	 15.000000	 -28.558006	 35.811867	 17.635502	 2
1462073692.387	 52.556381	 -1.000000	 15.000000	 -28.592697	 35.777275	 16.867290	 2
1462073692.407	 52.765099	 -1.000000	 15.000000	 -28.592697	 36.123009	 16.600090	 2
1462073692.428	 52.825615	 -1.000000	 15.000000	 -29.078354	 36.399590	 15.731678	 2
1462073692.449	 52.383820	 -1.000000	 15.000000	 -28.974281	 36.987328	 15.030270	 2
1462073692.471	 51.532742	 -1.000000	 15.000000	 -29.008976	 37.436760	 15.130470	 2
1462073692.489	 50.399548	 -1.000000	 15.000000	 -28.731457	 37.713341	 15.464474	 2
1462073692.509	 49.067268	 -1.000000	 15.000000	 -28.072353	 37.540489	 16.299484	 2
1462073692.529	 47.558121	 -1.000000	 15.000000	 -27.343872	 37.505913	 18.069710	 2
1462073692.550	 45.804550	 -1.000000	 15.000000	 -26.511322	 37.229347	 20.340940	 2
1462073692.569	 43.877083	 -1.000000	 15.000000	 -25.574699	 36.295891	 22.378370	 2
1462073692.589	 41.998051	 -1.000000	 15.000000	 -25.193115	 35.362419	 24.348997	 2
1462073692.611	 40.797581	 -1.000000	 15.000000	 -25.331871	 34.740120	 25.417814	 2
1462073692.629	 40.321877	 -1.000000	 15.000000	 -26.090221	 32.833733	 27.253134	 2
1462073692.648	 40.920933	 -1.000000	 15.000000	 -26.645199	 31.865791	 27.587166	 2
1462073692.669	 42.419788	 -1.000000	 15.000000	 -26.922691	 31.727516	 27.988003	 2
1462073692.690	 44.588203	 -1.000000	 15.000000	 -26.541142	 31.485535	 28.489048	 2
1462073692.710	 46.685280	 -1.000000	 15.000000	 -25.431187	 31.554665	 29.958784	 2
1462073692.731	 44.848804	 -1.000000	 15.000000	 -23.627506	 31.623802	 31.094492	 2
1462073692.750	 43.461426	 -1.000000	 15.000000	 -21.754452	 32.038628	 32.297001	 2
1462073692.772	 33.177444	 -1.000000	 15.000000	 -20.020144	 32.315178	 33.432709	 2
1462073692.790	 28.743359	 -1.000000	 15.000000	 -19.048933	 32.660858	 33.900352	 2
1462073692.811	 28.171198	 -1.000000	 15.000000	 -18.806131	 32.557144	 33.599724	 2
1462073692.832	 27.425892	 -1.000000	 15.000000	 -19.083622	 32.557144	 33.132080	 2
1462073692.856	 27.865816	 -1.000000	 15.000000	 -19.916088	 32.695427	 32.464016	 2
1462073692.871	 30.459139	 -1.000000	 15.000000	 -21.199482	 33.006554	 31.228100	 2
1462073692.892	 33.290077	 -1.000000	 15.000000	 -22.482864	 32.971985	 30.058994	 2
1462073692.912	 37.319550	 -1.000000	 15.000000	 -23.974369	 33.283127	 28.288630	 2
1462073692.933	 42.280701	 -1.000000	 15.000000	 -26.020855	 33.594238	 26.317846	 2
1462073692.952	 47.753494	 -1.000000	 15.000000	 -27.442986	 33.075691	 24.480679	 2
1462073692.972	 53.905113	 -1.000000	 15.000000	 -28.795742	 32.695427	 23.111153	 2
1462073692.992	 59.229370	 -1.000000	 15.000000	 -29.454781	 32.868271	 21.942045	 2
1462073693.012	 61.861706	 -1.000000	 15.000000	 -29.211975	 32.971977	 22.042255	 2
1462073693.033	 61.845573	 -1.000000	 15.000000	 -28.587627	 33.110252	 22.643511	 2
1462073693.056	 59.055904	 -1.000000	 15.000000	 -27.720467	 33.628799	 23.411781	 2
1462073693.075	 55.723381	 -1.000000	 15.000000	 -26.437084	 34.147324	 23.846020	 2
1462073693.098	 52.599586	 -1.000000	 15.000000	 -25.535240	 34.423889	 24.514080	 2
1462073693.124	 50.516090	 -1.000000	 15.000000	 -25.153690	 34.665863	 24.881512	 2
1462073693.135	 48.599697	 -1.000000	 15.000000	 -24.633404	 34.354736	 25.382559	 2
1462073693.159	 46.259598	 -1.000000	 15.000000	 -24.425285	 34.078186	 26.251038	 2
1462073693.183	 44.508884	 -1.000000	 15.000000	 -24.251854	 33.352234	 27.420149	 2
1462073693.195	 43.063244	 -1.000000	 15.000000	 -24.113113	 32.453438	 28.422241	 2
1462073693.215	 41.876266	 -1.000000	 15.000000	 -24.043739	 31.831184	 29.157110	 2
1462073693.243	 41.348320	 -1.000000	 15.000000	 -24.459976	 31.623779	 29.290722	 2
1462073693.255	 41.685959	 -1.000000	 15.000000	 -24.806831	 31.762054	 28.221825	 2
1462073693.274	 43.123081	 -1.000000	 15.000000	 -25.778049	 32.246017	 26.885702	 2
1462073693.306	 45.754230	 -1.000000	 15.000000	 -26.818634	 33.283096	 24.747902	 2
1462073693.332	 47.881611	 -1.000000	 15.000000	 -27.651100	 33.905350	 23.211359	 2
1462073693.345	 49.410095	 -1.000000	 15.000000	 -28.344826	 34.181900	 21.741623	 2
1462073693.364	 50.279854	 -1.000000	 15.000000	 -28.969173	 34.320190	 20.939949	 2
1462073693.392	 50.840794	 -1.000000	 15.000000	 -29.246666	 34.320190	 20.405499	 2
1462073693.405	 50.853336	 -1.000000	 15.000000	 -29.211975	 33.939926	 20.772934	 2
1462073693.424	 50.826401	 -1.000000	 15.000000	 -29.177292	 33.974503	 20.672726	 2
1462073693.451	 50.524254	 -1.000000	 15.000000	 -28.830429	 34.181931	 20.939949	 2
1462073693.465	 49.206764	 -1.000000	 15.000000	 -28.657001	 34.562195	 21.040159	 2
1462073693.485	 48.987144	 -1.000000	 15.000000	 -28.795742	 34.907898	 21.240578	 2
1462073693.505	 48.262440	 -1.000000	 15.000000	 -29.107918	 35.149887	 20.939949	 2
1462073693.525	 48.228065	 -1.000000	 15.000000	 -29.766956	 34.838760	 20.505709	 2
1462073693.545	 48.529549	 -1.000000	 15.000000	 -29.940388	 34.804169	 20.004663	 2
1462073693.567	 48.789909	 -1.000000	 15.000000	 -29.871017	 34.735031	 19.937857	 2
1462073693.586	 48.907040	 -1.000000	 15.000000	 -29.107922	 34.389343	 20.071472	 2
1462073693.607	 48.109375	 -1.000000	 15.000000	 -28.310139	 33.939926	 21.173773	 2
1462073693.628	 45.927906	 -1.000000	 15.000000	 -26.783947	 33.594254	 22.910734	 2
1462073693.646	 43.172195	 -1.000000	 15.000000	 -25.535244	 32.902863	 25.248951	 2
1462073693.666	 40.669128	 -1.000000	 15.000000	 -24.876209	 32.176918	 27.152929	 2
1462073693.688	 39.222023	 -1.000000	 15.000000	 -24.772148	 31.381828	 28.188425	 2
1462073693.707	 38.993042	 -1.000000	 15.000000	 -25.431187	 30.586739	 28.555857	 2
1462073693.727	 40.248138	 -1.000000	 15.000000	 -26.749260	 30.171913	 28.555857	 2
1462073693.748	 43.166080	 -1.000000	 15.000000	 -27.859219	 29.549667	 28.221825	 2
1462073693.770	 47.090515	 -1.000000	 15.000000	 -28.067329	 28.650864	 28.956692	 2
1462073693.789	 50.627270	 -1.000000	 15.000000	 -27.512352	 28.097771	 30.292814	 2
1462073693.808	 50.626865	 -1.000000	 15.000000	 -26.159592	 28.132332	 32.330402	 2
1462073693.828	 47.141171	 -1.000000	 15.000000	 -24.425282	 27.924919	 33.933750	 2
1462073693.848	 41.517944	 -1.000000	 15.000000	 -23.037838	 27.994057	 35.136261	 2
1462073693.870	 36.603729	 -1.000000	 15.000000	 -22.205368	 28.547165	 35.269875	 2
1462073693.889	 34.218208	 -1.000000	 15.000000	 -21.372902	 29.307686	 35.002651	 2
1462073693.910	 33.331909	 -1.000000	 15.000000	 -21.303528	 29.584236	 34.267784	 2
1462073693.930	 33.053471	 -1.000000	 15.000000	 -21.476959	 29.964493	 33.566319	 2
1462073693.948	 33.470795	 -1.000000	 15.000000	 -21.893200	 30.655876	 32.965061	 2
1462073693.969	 34.392418	 -1.000000	 15.000000	 -22.448177	 30.932419	 32.230194	 2
1462073693.989	 36.595669	 -1.000000	 15.000000	 -23.974365	 31.623810	 31.094488	 2
1462073694.009	 39.849449	 -1.000000	 15.000000	 -25.327129	 32.557182	 29.324125	 2
1462073694.029	 43.121407	 -1.000000	 15.000000	 -26.367714	 32.972008	 27.921194	 2
1462073694.050	 48.306934	 -1.000000	 15.000000	 -27.477673	 33.525116	 26.451460	 2
1462073694.071	 49.519699	 -1.000000	 15.000000	 -27.720470	 33.905380	 25.482771	 2
1462073694.090	 50.576889	 -1.000000	 15.000000	 -26.818634	 33.559692	 25.349159	 2
1462073694.115	 51.546490	 -1.000000	 15.000000	 -25.535244	 33.525116	 25.850206	 2
1462073694.130	 48.367119	 -1.000000	 15.000000	 -24.425289	 33.870819	 26.518267	 2
1462073694.156	 43.631920	 -1.000000	 15.000000	 -22.621609	 33.455994	 27.520361	 2
1462073694.171	 40.045509	 -1.000000	 15.000000	 -21.997261	 33.525131	 28.455648	 2
1462073694.191	 39.569691	 -1.000000	 15.000000	 -22.309433	 33.697983	 28.689468	 2
1462073694.212	 37.110657	 -1.000000	 15.000000	 -22.899094	 33.317719	 29.390934	 2
1462073694.235	 36.729713	 -1.000000	 15.000000	 -23.037842	 32.972038	 29.390934	 2
1462073694.251	 40.402447	 -1.000000	 15.000000	 -23.454075	 33.041168	 28.789677	 2
1462073694.273	 41.529327	 -1.000000	 15.000000	 -23.696873	 33.006607	 27.754179	 2
1462073694.293	 42.114105	 -1.000000	 15.000000	 -23.800938	 33.456009	 27.119524	 2
1462073694.324	 43.618900	 -1.000000	 15.000000	 -23.939682	 34.078232	 25.649786	 2
1462073694.336	 45.313499	 -1.000000	 15.000000	 -24.251858	 34.804184	 24.480679	 2
1462073694.356	 46.060169	 -1.000000	 15.000000	 -24.494659	 35.668411	 23.779213	 2
1462073694.384	 46.945572	 -1.000000	 15.000000	 -24.598721	 36.186966	 23.010942	 2
1462073694.397	 45.984440	 -1.000000	 15.000000	 -24.668091	 36.532654	 22.209269	 2
1462073694.414	 45.991329	 -1.000000	 15.000000	 -24.459976	 36.670929	 21.808432	 2
1462073694.443	 44.713943	 -1.000000	 15.000000	 -24.286545	 36.498077	 21.708223	 2
1462073694.455	 44.971592	 -1.000000	 15.000000	 -24.564034	 36.636353	 21.173773	 2
1462073694.474	 45.319721	 -1.000000	 15.000000	 -24.598721	 36.809204	 20.939949	 2
1462073694.503	 45.626633	 -1.000000	 15.000000	 -24.772148	 37.051178	 20.572514	 2
1462073694.515	 45.744392	 -1.000000	 15.000000	 -25.188385	 37.120331	 20.038067	 2
1462073694.536	 45.681458	 -1.000000	 15.000000	 -25.396496	 37.673431	 19.236391	 2
1462073694.563	 45.550549	 -1.000000	 15.000000	 -25.396496	 37.673431	 18.301102	 2
1462073694.577	 45.448334	 -1.000000	 15.000000	 -25.743359	 37.742569	 17.833462	 2
1462073694.597	 45.436260	 -1.000000	 15.000000	 -25.986164	 37.777145	 17.466030	 2
1462073694.622	 45.240932	 -1.000000	 15.000000	 -25.882103	 38.019119	 17.499432	 2
1462073694.635	 45.087868	 -1.000000	 15.000000	 -25.778049	 37.569717	 17.866863	 2
1462073694.656	 44.175110	 -1.000000	 15.000000	 -25.431187	 37.154892	 19.470213	 2
1462073694.681	 42.525002	 -1.000000	 15.000000	 -24.564030	 36.567215	 21.307379	 2
1462073694.696	 40.052101	 -1.000000	 15.000000	 -23.176582	 35.391876	 23.979626	 2
1462073694.716	 37.450993	 -1.000000	 15.000000	 -22.031940	 34.112808	 26.551666	 2
1462073694.739	 35.050041	 -1.000000	 15.000000	 -21.268845	 33.352280	 28.956690	 2
1462073694.757	 33.678635	 -1.000000	 15.000000	 -21.164787	 32.418915	 30.259409	 2
1462073694.777	 33.210205	 -1.000000	 15.000000	 -21.407589	 31.762100	 30.827265	 2
1462073694.799	 34.755367	 -1.000000	 15.000000	 -21.546341	 31.070732	 31.094492	 2
1462073694.817	 36.795498	 -1.000000	 15.000000	 -21.060730	 30.794167	 31.896164	 2
1462073694.838	 37.334625	 -1.000000	 15.000000	 -20.089516	 30.241058	 33.031868	 2
1462073694.858	 35.118450	 -1.000000	 15.000000	 -18.008345	 29.687950	 34.367996	 2
1462073694.879	 29.847549	 -1.000000	 15.000000	 -15.441568	 29.342255	 35.837730	 2
1462073694.899	 23.260014	 -1.000000	 15.000000	 -13.117594	 29.584236	 36.873222	 2
1462073694.920	 17.828831	 -1.000000	 15.000000	 -11.591402	 29.376823	 37.073643	 2
1462073694.940	 14.480947	 -1.000000	 15.000000	 -10.550817	 29.860786	 37.006836	 2
1462073694.960	 12.899288	 -1.000000	 15.000000	 -10.550817	 30.621307	 36.739613	 2
1462073694.980	 12.568330	 -1.000000	 15.000000	 -10.793621	 31.347260	 36.438988	 2
1462073695.001	 13.472800	 -1.000000	 15.000000	 -11.903578	 31.692955	 35.971344	 2
1462073695.019	 14.988995	 -1.000000	 15.000000	 -12.874792	 32.453484	 35.436893	 2
1462073695.039	 17.227339	 -1.000000	 15.000000	 -14.296925	 32.902878	 34.267784	 2
1462073695.059	 20.174736	 -1.000000	 15.000000	 -15.684372	 33.663391	 32.864853	 2
1462073695.079	 23.933748	 -1.000000	 15.000000	 -17.938972	 33.974518	 31.161295	 2
1462073695.100	 28.373545	 -1.000000	 15.000000	 -19.603909	 34.596771	 29.557947	 2
1462073695.120	 33.270538	 -1.000000	 15.000000	 -21.060730	 35.011597	 28.155018	 2
1462073695.141	 38.107548	 -1.000000	 15.000000	 -21.581024	 35.046158	 27.253134	 2
1462073695.160	 42.597828	 -1.000000	 15.000000	 -21.823826	 35.149857	 27.286535	 2
1462073695.180	 42.668259	 -1.000000	 15.000000	 -20.817928	 35.391861	 27.921194	 2
1462073695.203	 40.359291	 -1.000000	 15.000000	 -19.534538	 35.702988	 28.489046	 2
1462073695.221	 36.479340	 -1.000000	 15.000000	 -18.043034	 35.668411	 28.990093	 2
1462073695.241	 32.816479	 -1.000000	 15.000000	 -17.106506	 36.048676	 29.491140	 2
1462073695.262	 30.093315	 -1.000000	 15.000000	 -16.378096	 35.668411	 29.858576	 2
1462073695.281	 29.152813	 -1.000000	 15.000000	 -16.412783	 35.495575	 30.025591	 2
1462073695.316	 28.362320	 -1.000000	 15.000000	 -16.516844	 34.493057	 30.526636	 2
1462073695.331	 30.590332	 -1.000000	 15.000000	 -17.002447	 34.009079	 31.061087	 2
1462073695.353	 30.770546	 -1.000000	 15.000000	 -17.245253	 33.559677	 31.228104	 2
1462073695.372	 30.779808	 -1.000000	 15.000000	 -17.349310	 33.801666	 30.660250	 2
1462073695.395	 31.801693	 -1.000000	 15.000000	 -17.730858	 33.974503	 29.758366	 2
1462073695.412	 34.065311	 -1.000000	 15.000000	 -18.806129	 34.907883	 28.322035	 2
1462073695.432	 36.344612	 -1.000000	 15.000000	 -19.430481	 35.599258	 27.186329	 2
1462073695.453	 38.414745	 -1.000000	 15.000000	 -20.575125	 35.910370	 26.351252	 2
1462073695.472	 39.678097	 -1.000000	 15.000000	 -21.581024	 35.806686	 25.850204	 2
1462073695.493	 40.181641	 -1.000000	 15.000000	 -22.240059	 35.702988	 25.549578	 2
1462073695.517	 41.052280	 -1.000000	 15.000000	 -22.690983	 35.599274	 25.382559	 2
1462073695.535	 41.672443	 -1.000000	 15.000000	 -23.245956	 35.530151	 24.981722	 2
1462073695.558	 42.257118	 -1.000000	 15.000000	 -23.523449	 35.668427	 24.180046	 2
1462073695.584	 42.981480	 -1.000000	 15.000000	 -24.009052	 36.083252	 23.445181	 2
1462073695.595	 43.452946	 -1.000000	 15.000000	 -24.286545	 36.428940	 22.910730	 2
1462073695.614	 43.692059	 -1.000000	 15.000000	 -24.217171	 36.567215	 22.242670	 2
1462073695.643	 43.660698	 -1.000000	 15.000000	 -24.841526	 37.051178	 21.507803	 2
1462073695.657	 43.576889	 -1.000000	 15.000000	 -25.257759	 36.982040	 21.440996	 2
1462073695.675	 43.629242	 -1.000000	 15.000000	 -25.431190	 36.809189	 21.474398	 2
1462073695.703	 43.890465	 -1.000000	 15.000000	 -25.882107	 36.428925	 21.307383	 2
1462073695.715	 44.067612	 -1.000000	 15.000000	 -26.333031	 36.117813	 21.942041	 2
1462073695.736	 43.923634	 -1.000000	 15.000000	 -26.090225	 35.253571	 22.910734	 2
1462073695.762	 43.246929	 -1.000000	 15.000000	 -25.465870	 34.493057	 24.113247	 2
1462073695.775	 41.357334	 -1.000000	 15.000000	 -25.066021	 33.522026	 25.559649	 2
1462073695.795	 39.418221	 -1.000000	 15.000000	 -23.852024	 32.934395	 27.597157	 2
1462073695.822	 37.939793	 -1.000000	 15.000000	 -23.192997	 32.208473	 29.300646	 2
1462073695.838	 36.637051	 -1.000000	 15.000000	 -22.568661	 31.724533	 30.369499	 2
1462073695.856	 35.929138	 -1.000000	 15.000000	 -22.499290	 31.586273	 31.037533	 2
1462073695.883	 36.244793	 -1.000000	 15.000000	 -22.048378	 30.860367	 30.937328	 2
1462073695.896	 36.690361	 -1.000000	 15.000000	 -21.389355	 30.825806	 31.438354	 2
1462073695.916	 35.862377	 -1.000000	 15.000000	 -19.967243	 30.722099	 32.072987	 2
1462073695.938	 33.248940	 -1.000000	 15.000000	 -18.163595	 30.445564	 33.342251	 2
1462073695.957	 29.156515	 -1.000000	 15.000000	 -15.909033	 30.410995	 34.244095	 2
1462073695.977	 24.375364	 -1.000000	 15.000000	 -14.452240	 30.410995	 35.446560	 2
1462073696.000	 20.785410	 -1.000000	 15.000000	 -13.411671	 30.341850	 35.713776	 2
1462073696.017	 18.317635	 -1.000000	 15.000000	 -12.405790	 30.169022	 35.546764	 2
1462073696.038	 17.691891	 -1.000000	 15.000000	 -12.197676	 30.791222	 34.945534	 2
1462073696.057	 18.097582	 -1.000000	 15.000000	 -12.856699	 30.756660	 34.778526	 2
1462073696.078	 18.741098	 -1.000000	 15.000000	 -13.238239	 31.206032	 34.077091	 2
1462073696.098	 19.896772	 -1.000000	 15.000000	 -14.244122	 31.586273	 33.242043	 2
1462073696.117	 21.927999	 -1.000000	 15.000000	 -15.735603	 32.450455	 32.473808	 2
1462073696.141	 24.638206	 -1.000000	 15.000000	 -17.643309	 32.485023	 31.438354	 2
1462073696.163	 30.890656	 -1.000000	 15.000000	 -19.342903	 33.141792	 30.068882	 2
1462073696.179	 32.805000	 -1.000000	 15.000000	 -20.799696	 33.694878	 28.933224	 2
1462073696.200	 36.935715	 -1.000000	 15.000000	 -21.979008	 33.487480	 28.198389	 2
1462073696.219	 39.928963	 -1.000000	 15.000000	 -22.187115	 33.418343	 27.730762	 2
1462073696.242	 40.658424	 -1.000000	 15.000000	 -21.805576	 33.867714	 27.697359	 2
1462073696.259	 39.478367	 -1.000000	 15.000000	 -20.834379	 33.867714	 28.031378	 2
1462073696.279	 37.557636	 -1.000000	 15.000000	 -19.967237	 33.902290	 28.532404	 2
1462073696.301	 35.127155	 -1.000000	 15.000000	 -18.787930	 34.247948	 29.133635	 2
1462073696.330	 33.479908	 -1.000000	 15.000000	 -18.579819	 34.178810	 29.668064	 2
1462073696.349	 32.544048	 -1.000000	 15.000000	 -18.198277	 33.867714	 29.901876	 2
1462073696.371	 32.047523	 -1.000000	 15.000000	 -18.198277	 33.729439	 30.035484	 2
1462073696.389	 31.368862	 -1.000000	 15.000000	 -17.677996	 33.764000	 30.002083	 2
1462073696.410	 31.571701	 -1.000000	 15.000000	 -17.677996	 34.386223	 29.668064	 2
1462073696.430	 32.079750	 -1.000000	 15.000000	 -17.331139	 34.801033	 29.334044	 2
1462073696.450	 30.594910	 -1.000000	 15.000000	 -16.464001	 35.803490	 28.899822	 2
1462073696.470	 30.722002	 -1.000000	 15.000000	 -15.700918	 36.909645	 28.098181	 2
1462073696.493	 29.287287	 -1.000000	 15.000000	 -15.111263	 37.635551	 27.396744	 2
1462073696.511	 28.398066	 -1.000000	 15.000000	 -14.174751	 37.946663	 27.029325	 2
1462073696.532	 28.229893	 -1.000000	 15.000000	 -13.099499	 38.603447	 26.394693	 2
1462073696.552	 25.998295	 -1.000000	 15.000000	 -12.232361	 38.914543	 26.294489	 2
1462073696.576	 25.327328	 -1.000000	 15.000000	 -11.053053	 39.052818	 25.960470	 2
1462073696.591	 21.388454	 -1.000000	 15.000000	 -10.220600	 39.191063	 25.960470	 2
1462073696.612	 19.425859	 -1.000000	 15.000000	 -9.110661	 39.605873	 25.693254	 2
1462073696.632	 17.972040	 -1.000000	 15.000000	 -7.931351	 39.882423	 25.626450	 2
1462073696.652	 16.333466	 -1.000000	 15.000000	 -6.925468	 40.331779	 25.325834	 2
1462073696.674	 14.167248	 -1.000000	 15.000000	 -5.988960	 41.057701	 25.492842	 2
1462073696.692	 12.090052	 -1.000000	 15.000000	 -4.913707	 41.299690	 25.325834	 2
1462073696.713	 10.691091	 -1.000000	 15.000000	 -3.803769	 41.507088	 24.858210	 2
1462073696.732	 9.923211	 -1.000000	 15.000000	 -2.901946	 41.921898	 24.524195	 2
1462073696.753	 9.243325	 -1.000000	 15.000000	 -1.930749	 41.783623	 24.323784	 2
1462073696.776	 7.306365	 -1.000000	 15.000000	 -0.335212	 41.368828	 24.591000	 2
1462073696.796	 4.816025	 -1.000000	 15.000000	 1.745920	 41.230568	 24.791410	 2
1462073696.814	 2.618996	 -1.000000	 15.000000	 4.069852	 40.642921	 25.225636	 2
1462073696.844	 358.387360	 -1.000000	 15.000000	 6.497843	 40.158989	 25.693258	 2
1462073696.855	 354.217651	 -1.000000	 15.000000	 9.411430	 39.191093	 26.094078	 2
1462073696.875	 349.913879	 -1.000000	 15.000000	 12.533130	 38.430611	 25.559649	 2
1462073696.905	 344.863708	 -1.000000	 15.000000	 15.897629	 37.220757	 24.991817	 2
1462073696.915	 339.262665	 -1.000000	 15.000000	 19.123386	 36.010902	 24.423986	 2
1462073696.935	 332.846832	 -1.000000	 15.000000	 22.973484	 34.178841	 23.388531	 2
1462073696.963	 326.685608	 -1.000000	 15.000000	 26.407352	 32.208496	 22.353077	 2
1462073696.976	 321.112000	 -1.000000	 15.000000	 29.286253	 30.030754	 22.119263	 2
1462073696.995	 316.082336	 -1.000000	 15.000000	 31.610189	 28.267815	 21.618237	 2
1462073697.022	 311.433533	 -1.000000	 15.000000	 33.795380	 26.090080	 21.451231	 2
1462073697.035	 307.367615	 -1.000000	 15.000000	 35.703087	 23.774078	 21.083811	 2
1462073697.056	 303.926422	 -1.000000	 15.000000	 37.367989	 21.769173	 20.415777	 2
1462073697.082	 300.309662	 -1.000000	 15.000000	 39.379753	 19.418594	 19.346924	 2
1462073697.096	 296.476898	 -1.000000	 15.000000	 41.114029	 16.584076	 18.144459	 2
1462073697.116	 292.705750	 -1.000000	 15.000000	 42.848305	 14.026093	 16.474377	 2
1462073697.143	 288.817505	 -1.000000	 15.000000	 44.339783	 11.226143	 14.637280	 2
1462073697.221	 285.039093	 -1.000000	 15.000000	 45.761890	 8.495331	 12.532970	 2
1462073697.221	 281.735413	 -1.000000	 15.000000	 46.629032	 6.110184	 10.295048	 2
1462073697.221	 279.022156	 -1.000000	 15.000000	 47.565544	 4.139847	 8.190739	 2
1462073697.221	 276.442902	 -1.000000	 15.000000	 48.363316	 1.754707	 5.952824	 2
1462073697.237	 274.308289	 -1.000000	 15.000000	 48.814224	 0.130043	 3.648102	 2
1462073697.257	 272.250458	 -1.000000	 15.000000	 48.779541	 -1.632896	 1.610596	 2
1462073697.277	 270.461670	 -1.000000	 15.000000	 48.779541	 -3.222992	 -0.727528	 2
1462073697.297	 268.915009	 -1.000000	 15.000000	 48.502052	 -4.743950	 -3.600075	 2
1462073697.317	 264.534424	 -1.000000	 15.000000	 48.006058	 -5.632095	 -5.987206	 2
1462073697.339	 263.205811	 -1.000000	 15.000000	 47.451141	 -6.876556	 -8.792953	 2
1462073697.360	 262.769653	 -1.000000	 15.000000	 46.584072	 -7.809891	 -11.164486	 2
1462073697.379	 262.720245	 -1.000000	 15.000000	 45.612957	 -8.846939	 -13.502609	 2
1462073697.400	 262.459778	 -1.000000	 15.000000	 45.092716	 -10.264244	 -15.005692	 2
1462073697.420	 262.398071	 -1.000000	 15.000000	 44.190968	 -10.886475	 -16.274963	 2
1462073697.439	 262.200836	 -1.000000	 15.000000	 43.115803	 -11.819817	 -17.243614	 2
1462073697.460	 262.357666	 -1.000000	 15.000000	 42.664928	 -12.200066	 -18.679886	 2
1462073697.479	 263.094055	 -1.000000	 10.000000	 42.202511	 -12.558670	 -20.082348	 2
1462073697.499	 264.163757	 -1.000000	 10.000000	 41.266075	 -12.247543	 -21.384968	 2
1462073697.519	 265.407654	 -1.000000	 10.000000	 40.919247	 -11.901848	 -22.720997	 2
1462073697.539	 266.365631	 -1.000000	 10.000000	 40.676468	 -11.798141	 -23.622807	 2
1462073697.561	 266.886139	 -1.000000	 10.000000	 40.399002	 -11.936417	 -24.090420	 2
1462073697.580	 267.181519	 -1.000000	 10.000000	 40.121540	 -12.005562	 -23.956814	 2
1462073697.602	 267.507202	 -1.000000	 10.000000	 40.260273	 -12.143845	 -24.290821	 2
1462073697.620	 267.630524	 -1.000000	 10.000000	 40.156227	 -12.662384	 -24.457829	 2
1462073697.641	 267.882782	 -1.000000	 10.000000	 39.844078	 -12.904373	 -25.025646	 2
1462073697.662	 268.197449	 -1.000000	 10.000000	 39.982811	 -13.042633	 -25.693653	 2
1462073697.681	 268.568420	 -1.000000	 10.000000	 39.913445	 -12.973488	 -26.161266	 2
1462073697.701	 268.806763	 -1.000000	 10.000000	 39.393200	 -13.146339	 -26.261471	 2
1462073697.720	 269.042297	 -1.000000	 10.000000	 39.011688	 -13.319191	 -26.094463	 2
1462073697.746	 269.456024	 -1.000000	 10.000000	 39.323837	 -13.077202	 -25.526646	 2
1462073697.762	 269.780487	 -1.000000	 10.000000	 39.289154	 -13.180908	 -24.892040	 2
1462073697.782	 269.947266	 -1.000000	 10.000000	 39.427883	 -13.664886	 -24.624828	 2
1462073697.802	 270.083984	 -1.000000	 10.000000	 39.635979	 -13.872299	 -24.290821	 2
1462073697.822	 270.235321	 -1.000000	 10.000000	 40.260273	 -14.079712	 -24.157223	 2
1462073697.842	 270.300812	 -1.000000	 10.000000	 39.948128	 -14.252556	 -23.789814	 2
1462073697.865	 270.331909	 -1.000000	 10.000000	 39.844078	 -14.356262	 -23.489201	 2
1462073697.883	 270.505585	 -1.000000	 10.000000	 39.878761	 -14.321701	 -23.188602	 2
1462073697.903	 271.028015	 -1.000000	 10.000000	 40.121540	 -14.010574	 -23.088398	 2
1462073697.923	 271.198212	 -1.000000	 10.000000	 40.086857	 -13.768593	 -22.854595	 2
1462073697.955	 271.328278	 -1.000000	 10.000000	 40.815197	 -13.595741	 -22.754391	 2
1462073697.968	 271.277618	 -1.000000	 10.000000	 41.404800	 -13.630318	 -22.654186	 2
1462073697.985	 271.369904	 -1.000000	 10.000000	 41.543533	 -13.353760	 -22.520580	 2
1462073698.015	 271.075775	 -1.000000	 10.000000	 41.612900	 -13.699463	 -22.386990	 2
1462073698.026	 271.076843	 -1.000000	 10.000000	 41.370121	 -13.664894	 -22.353588	 2
1462073698.045	 270.892700	 -1.000000	 10.000000	 40.953926	 -14.079727	 -22.620785	 2
1462073698.074	 270.766052	 -1.000000	 10.000000	 40.607101	 -14.148865	 -22.553989	 2
1462073698.086	 270.217804	 -1.000000	 10.000000	 40.294952	 -14.874817	 -22.720997	 2
1462073698.106	 269.765350	 -1.000000	 10.000000	 40.225586	 -15.013092	 -22.386990	 2
1462073698.137	 269.130798	 -1.000000	 10.000000	 40.364319	 -15.427925	 -22.186581	 2
1462073698.150	 268.079315	 -1.000000	 10.000000	 40.190903	 -15.808182	 -21.885983	 2
1462073698.167	 267.743652	 -1.000000	 10.000000	 39.809395	 -16.119316	 -22.052982	 2
1462073698.227	 267.290009	 -1.000000	 10.000000	 39.913445	 -16.153885	 -22.019588	 2
1462073698.231	 266.070984	 -1.000000	 10.000000	 39.809395	 -16.810699	 -22.186596	 2
1462073698.231	 265.440857	 -1.000000	 10.000000	 39.740028	 -17.432938	 -22.386997	 2
1462073698.252	 265.009521	 -1.000000	 10.000000	 39.809395	 -17.709496	 -22.320194	 2
1462073698.267	 264.246918	 -1.000000	 10.000000	 40.017494	 -18.400879	 -21.919392	 2
