% Accelerometer data recorded with 'snsrlog'
% 
% Sampling frequency: 100 Hz
% 
% Label description:
% 	 0: Default Label
% 	 1: still_drop
% 	 2: walk_drop
% 	 3: other
% 	 4: dtw_same
% 	 5: dtw_diff
% 	 6: delete
% 
% Column description:
% 	 1: Seconds.milliseconds since 1970
% 	 2: Number of skipped measurements
% 	 3: Acceleration value in x-direction
% 	 4: Acceleration value in y-direction
% 	 5: Acceleration value in z-direction
% 	 6: Label used for the current sample
% 
% 
1462074502.460	 0	 -0.139465	 -0.547256	 -0.806046	 2
1462074502.470	 0	 -0.107254	 -0.622986	 -0.833298	 2
1462074502.480	 0	 -0.106552	 -0.722977	 -0.860641	 2
1462074502.490	 0	 -0.142395	 -0.790329	 -0.912811	 2
1462074502.500	 0	 -0.185272	 -0.772156	 -0.939987	 2
1462074502.510	 0	 -0.190308	 -0.756134	 -0.968994	 2
1462074502.520	 0	 -0.169647	 -0.730438	 -0.979416	 2
1462074502.530	 0	 -0.151550	 -0.675995	 -1.008240	 2
1462074502.540	 0	 -0.025314	 -0.428711	 -0.977493	 2
1462074502.550	 0	 0.071655	 -0.241364	 -0.971802	 2
1462074502.560	 0	 0.065552	 -0.200668	 -0.985382	 2
1462074502.570	 0	 0.031921	 -0.215439	 -1.016830	 2
1462074502.580	 0	 0.060074	 -0.243835	 -1.017166	 2
1462074502.590	 0	 0.082382	 -0.269287	 -1.018463	 2
1462074502.600	 0	 0.087158	 -0.275879	 -0.982834	 2
1462074502.610	 0	 0.054520	 -0.268249	 -0.900818	 2
1462074502.620	 0	 0.014709	 -0.270981	 -0.797836	 2
1462074502.630	 0	 0.010757	 -0.285233	 -0.700073	 2
1462074502.640	 0	 0.022293	 -0.306015	 -0.645065	 2
1462074502.650	 0	 0.042847	 -0.285416	 -0.646500	 2
1462074502.660	 0	 0.068420	 -0.223419	 -0.667984	 2
1462074502.670	 0	 0.124802	 -0.144669	 -0.675293	 2
1462074502.680	 0	 0.167984	 -0.055954	 -0.663513	 2
1462074502.690	 0	 0.214203	 0.027115	 -0.630020	 2
1462074502.700	 0	 0.229568	 0.110413	 -0.552780	 2
1462074502.710	 0	 0.274200	 0.114456	 -0.470993	 2
1462074502.720	 0	 0.274475	 0.119720	 -0.354523	 2
1462074502.730	 0	 0.318329	 0.112396	 -0.253296	 2
1462074502.740	 0	 0.390656	 0.059906	 -0.229218	 2
1462074502.750	 0	 0.445023	 0.153793	 -0.270309	 2
1462074502.760	 0	 0.494415	 0.254486	 -0.294006	 2
1462074502.770	 0	 0.484512	 0.212189	 -0.287827	 2
1462074502.780	 0	 0.526749	 0.222946	 -0.271866	 2
1462074502.790	 0	 0.539230	 0.274673	 -0.264740	 2
1462074502.800	 0	 0.558304	 0.320862	 -0.226883	 2
1462074502.810	 0	 0.556427	 0.365692	 -0.153137	 2
1462074502.820	 0	 0.606827	 0.362808	 -0.100754	 2
1462074502.830	 0	 0.747635	 0.330353	 -0.122162	 2
1462074502.840	 0	 0.842300	 0.360535	 -0.209076	 2
1462074502.850	 0	 0.901474	 0.352707	 -0.294571	 2
1462074502.860	 0	 0.956329	 0.355789	 -0.381271	 2
1462074502.870	 0	 1.043243	 0.402161	 -0.449783	 2
1462074502.880	 0	 1.070755	 0.430374	 -0.490250	 2
1462074502.890	 0	 1.031769	 0.454086	 -0.487869	 2
1462074502.900	 0	 0.982224	 0.456894	 -0.430069	 2
1462074502.910	 0	 0.960983	 0.481613	 -0.335144	 2
1462074502.920	 1	 0.938538	 0.602997	 -0.186417	 2
1462074502.940	 1	 1.095001	 0.730926	 -0.082474	 2
1462074502.950	 1	 1.211685	 0.793427	 -0.138412	 2
1462074502.960	 1	 1.327942	 0.797852	 -0.247070	 2
1462074502.970	 1	 1.407471	 0.796661	 -0.333054	 2
1462074502.980	 2	 1.458801	 0.788910	 -0.371750	 2
1462074503.000	 2	 1.516922	 0.920059	 -0.354416	 2
1462074503.010	 2	 1.539047	 1.010681	 -0.301346	 2
1462074503.020	 2	 1.599655	 1.082199	 -0.245224	 2
1462074503.030	 2	 1.669281	 1.084534	 -0.191544	 2
1462074503.040	 2	 1.776581	 1.046219	 -0.200012	 2
1462074503.050	 2	 1.887970	 0.984985	 -0.251205	 2
1462074503.060	 2	 1.960556	 0.928497	 -0.289871	 2
1462074503.070	 2	 2.006836	 0.883804	 -0.315979	 2
1462074503.080	 2	 1.998672	 0.847244	 -0.349792	 2
1462074503.090	 2	 1.982208	 0.816437	 -0.358551	 2
1462074503.100	 2	 1.918396	 0.755615	 -0.338867	 2
1462074503.110	 2	 1.860474	 0.654648	 -0.291016	 2
1462074503.120	 2	 1.808639	 0.511719	 -0.223953	 2
1462074503.130	 2	 1.697266	 0.381744	 -0.208099	 2
1462074503.140	 2	 1.712051	 0.237915	 -0.113007	 2
1462074503.150	 2	 1.690353	 0.164322	 0.036606	 2
1462074503.160	 2	 1.636597	 0.120804	 0.086777	 2
1462074503.170	 2	 1.578506	 0.051559	 0.117950	 2
1462074503.180	 2	 1.494827	 0.086441	 0.116806	 2
1462074503.190	 2	 1.437820	 0.216003	 0.097870	 2
1462074503.200	 2	 1.376007	 0.384918	 0.066772	 2
1462074503.210	 2	 1.309296	 0.494598	 0.062408	 2
1462074503.220	 2	 1.236008	 0.495575	 0.029190	 2
1462074503.230	 2	 1.198013	 0.437180	 0.020706	 2
1462074503.240	 2	 1.180679	 0.352890	 0.012939	 2
1462074503.250	 2	 1.181381	 0.269119	 0.010895	 2
1462074503.260	 2	 1.155716	 0.222092	 0.005722	 2
1462074503.270	 2	 1.094147	 0.189377	 0.005905	 2
1462074503.280	 2	 1.002899	 0.190323	 0.024857	 2
1462074503.290	 2	 0.897705	 0.235352	 0.006027	 2
1462074503.300	 2	 0.772293	 0.316650	 -0.010315	 2
1462074503.310	 2	 0.683716	 0.397141	 -0.025116	 2
1462074503.320	 2	 0.575104	 0.450546	 0.017731	 2
1462074503.330	 2	 0.438797	 0.581055	 0.128937	 2
1462074503.340	 2	 0.258179	 0.707260	 0.267258	 2
1462074503.350	 2	 0.167633	 0.717377	 0.349152	 2
1462074503.360	 2	 0.224106	 0.620071	 0.362015	 2
1462074503.370	 2	 0.248627	 0.424347	 0.331268	 2
1462074503.380	 2	 0.231735	 0.197449	 0.307220	 2
1462074503.390	 2	 0.311813	 0.108307	 0.338257	 2
1462074503.400	 2	 0.452499	 0.132858	 0.279007	 2
1462074503.410	 2	 0.605957	 0.004181	 0.155914	 2
1462074503.420	 2	 0.742416	 0.015060	 0.111374	 2
1462074503.430	 2	 0.833176	 0.150436	 0.055115	 2
1462074503.440	 2	 0.819901	 0.286881	 0.017868	 2
1462074503.450	 2	 0.728943	 0.378281	 0.044388	 2
1462074503.460	 2	 0.757813	 0.230927	 0.016388	 2
1462074503.470	 2	 0.835953	 0.229904	 -0.013611	 2
1462074503.480	 2	 0.862061	 0.309616	 -0.037659	 2
1462074503.490	 2	 0.854874	 0.378464	 0.018387	 2
1462074503.500	 2	 0.833923	 0.299942	 0.130844	 2
1462074503.510	 2	 0.895630	 0.196625	 0.257645	 2
1462074503.520	 2	 1.035797	 0.204636	 0.638397	 2
1462074503.530	 2	 1.115097	 0.133209	 0.924362	 2
1462074503.540	 2	 1.122253	 0.080719	 0.842850	 2
1462074503.550	 2	 1.193756	 0.127090	 0.697159	 2
1462074503.560	 2	 1.274338	 0.341934	 0.561356	 2
1462074503.570	 2	 1.304169	 0.483429	 0.437332	 2
1462074503.580	 2	 1.318939	 0.424652	 0.347961	 2
1462074503.590	 2	 1.267303	 0.391281	 0.387054	 2
1462074503.600	 2	 1.136978	 0.432022	 0.354263	 2
1462074503.610	 2	 1.079575	 0.455933	 0.174805	 2
1462074503.620	 2	 1.128052	 0.538589	 0.017212	 2
1462074503.630	 3	 1.283417	 0.627594	 -0.133926	 2
1462074503.650	 3	 1.181885	 0.756851	 -0.341064	 2
1462074503.660	 3	 1.004776	 0.825500	 -0.235199	 2
1462074503.670	 3	 0.806152	 0.898956	 -0.112854	 2
1462074503.680	 3	 0.716339	 0.971466	 0.013931	 2
1462074503.690	 4	 0.620743	 1.080200	 0.466278	 2
1462074503.710	 4	 0.862396	 0.737656	 -0.164032	 2
1462074503.720	 4	 0.952866	 0.474426	 -0.061691	 2
1462074503.730	 4	 0.907669	 0.554794	 -0.042099	 2
1462074503.740	 4	 0.882065	 0.698227	 -0.088486	 2
1462074503.760	 4	 0.939865	 0.807114	 -0.093369	 2
1462074503.750	 5	 0.927826	 0.785782	 -0.090591	 2
1462074503.780	 5	 0.668579	 0.866989	 0.072128	 2
1462074503.790	 5	 0.516174	 0.984512	 0.031769	 2
1462074503.800	 5	 0.429703	 1.013657	 -0.010376	 2
1462074503.810	 5	 0.349091	 0.672943	 -0.023041	 2
1462074503.820	 5	 0.318878	 0.510880	 -0.026031	 2
1462074503.830	 5	 0.337860	 0.498810	 0.118286	 2
1462074503.840	 5	 0.199127	 0.472366	 0.278656	 2
1462074503.850	 5	 0.160507	 0.409714	 0.404602	 2
1462074503.860	 5	 0.177292	 0.371948	 0.316406	 2
1462074503.870	 5	 0.179031	 0.349777	 0.162537	 2
1462074503.880	 5	 0.168915	 0.346344	 0.018616	 2
1462074503.890	 5	 0.072540	 0.293427	 -0.040558	 2
1462074503.900	 5	 -0.046600	 0.238464	 -0.069092	 2
1462074503.910	 5	 -0.003052	 0.232285	 -0.087357	 2
1462074503.920	 5	 0.058380	 0.238586	 -0.076843	 2
1462074503.930	 5	 0.045563	 0.200272	 -0.075577	 2
1462074503.940	 5	 0.036087	 0.184341	 -0.124237	 2
1462074503.950	 5	 0.090378	 0.256866	 -0.316177	 2
1462074503.960	 5	 0.169067	 0.346939	 -0.445694	 2
1462074503.970	 5	 0.218948	 0.398239	 -0.449738	 2
1462074503.980	 5	 0.224716	 0.390152	 -0.362366	 2
1462074503.990	 5	 0.202850	 0.347458	 -0.246063	 2
1462074504.000	 5	 0.236572	 0.360336	 -0.154938	 2
1462074504.010	 5	 0.397659	 0.656021	 -0.055222	 2
1462074504.020	 5	 0.451920	 1.125320	 0.018982	 2
1462074504.030	 5	 0.448700	 1.973938	 0.055130	 2
1462074504.040	 5	 0.503876	 2.879410	 0.103928	 2
1462074504.050	 5	 0.533005	 3.385010	 0.111038	 2
1462074504.060	 6	 0.446350	 3.300980	 0.085281	 2
1462074504.080	 6	 0.041992	 2.344498	 -0.038330	 2
1462074504.090	 7	 0.163696	 1.817871	 -0.110916	 2
1462074504.110	 7	 0.013107	 1.034134	 -0.132919	 2
1462074504.120	 7	 -0.050278	 0.971329	 0.136948	 2
1462074504.130	 7	 -0.049515	 1.084854	 0.496185	 2
1462074504.140	 7	 0.010040	 1.253616	 0.912491	 2
1462074504.150	 7	 0.192032	 1.353546	 1.204681	 2
1462074504.160	 7	 0.371353	 1.267822	 1.123962	 2
1462074504.170	 7	 0.438354	 1.167862	 0.712982	 2
1462074504.180	 7	 0.435852	 1.152542	 0.327393	 2
1462074504.190	 7	 0.484955	 1.189362	 0.164673	 2
1462074504.200	 7	 0.542511	 1.332565	 0.208603	 2
1462074504.210	 7	 0.407333	 1.393478	 0.240707	 2
1462074504.220	 7	 0.217957	 1.474884	 0.169952	 2
1462074504.230	 7	 0.092422	 1.490036	 -0.027542	 2
1462074504.240	 7	 0.107681	 1.492874	 -0.152145	 2
1462074504.250	 7	 0.180313	 1.459625	 -0.123032	 2
1462074504.260	 7	 0.203186	 1.442032	 -0.013794	 2
1462074504.270	 7	 0.196136	 1.518555	 0.103516	 2
1462074504.280	 7	 0.179092	 1.637909	 0.150009	 2
1462074504.290	 7	 0.138611	 1.728622	 0.093811	 2
1462074504.300	 7	 0.106293	 1.705643	 0.020172	 2
1462074504.310	 7	 0.066269	 1.667038	 -0.043076	 2
1462074504.320	 7	 0.027878	 1.613281	 -0.091309	 2
1462074504.330	 7	 0.001297	 1.562698	 -0.124985	 2
1462074504.340	 7	 -0.028488	 1.424179	 -0.231705	 2
1462074504.350	 7	 -0.050934	 1.307129	 -0.297089	 2
1462074504.360	 7	 -0.049072	 1.149155	 -0.326569	 2
1462074504.370	 7	 -0.032639	 0.984818	 -0.347458	 2
1462074504.380	 7	 -0.028091	 0.862106	 -0.322800	 2
1462074504.390	 7	 -0.040085	 0.765457	 -0.264297	 2
1462074504.400	 7	 -0.080460	 0.685547	 -0.198593	 2
1462074504.410	 7	 -0.115891	 0.618668	 -0.126709	 2
1462074504.420	 7	 -0.130676	 0.556931	 -0.078278	 2
1462074504.430	 7	 -0.137009	 0.494766	 -0.032379	 2
1462074504.440	 7	 -0.143799	 0.430222	 -0.010483	 2
1462074504.450	 7	 -0.159882	 0.376556	 -0.034134	 2
1462074504.460	 7	 -0.175995	 0.319275	 -0.079361	 2
1462074504.470	 7	 -0.214493	 0.262421	 -0.126923	 2
1462074504.480	 7	 -0.274323	 0.241089	 -0.180756	 2
1462074504.490	 7	 -0.357101	 0.232544	 -0.195953	 2
1462074504.500	 7	 -0.432922	 0.219284	 -0.180878	 2
1462074504.510	 7	 -0.466965	 0.212631	 -0.148956	 2
1462074504.520	 7	 -0.464554	 0.222321	 -0.099197	 2
1462074504.530	 7	 -0.436996	 0.245911	 -0.056168	 2
1462074504.540	 7	 -0.384857	 0.327057	 0.064087	 2
1462074504.550	 7	 -0.366852	 0.561401	 0.287613	 2
1462074504.560	 7	 -0.299515	 0.756134	 0.585098	 2
1462074504.570	 7	 -0.167343	 0.980026	 1.118423	 2
1462074504.580	 7	 0.408783	 1.765839	 2.301224	 2
1462074504.590	 7	 0.525970	 2.218307	 3.017395	 2
1462074504.600	 7	 0.305115	 2.068222	 1.699524	 2
1462074504.610	 7	 0.276367	 1.704819	 0.694824	 2
1462074504.620	 7	 0.396606	 1.363419	 0.265396	 2
1462074504.630	 7	 0.502914	 1.104446	 0.113419	 2
1462074504.640	 7	 0.320038	 0.793030	 0.116348	 2
1462074504.650	 7	 0.034363	 0.949417	 0.112778	 2
1462074504.660	 7	 -0.185410	 1.163803	 0.093430	 2
1462074504.670	 7	 -0.269211	 1.245697	 0.151474	 2
1462074504.680	 7	 -0.213196	 1.403091	 0.429550	 2
1462074504.691	 7	 -0.011368	 1.615723	 0.469254	 2
1462074504.700	 7	 0.159973	 1.557388	 -0.002319	 2
1462074504.711	 7	 0.138672	 1.283691	 -0.266449	 2
1462074504.721	 7	 -0.066986	 1.108490	 -0.339035	 2
1462074504.731	 7	 -0.250305	 1.002808	 -0.111130	 2
1462074504.741	 7	 -0.500168	 0.754822	 0.544312	 2
1462074504.751	 7	 -0.614563	 0.434479	 1.116287	 2
1462074504.761	 7	 -0.418121	 0.499680	 0.404709	 2
1462074504.771	 7	 -0.223007	 0.878784	 -0.371124	 2
1462074504.781	 7	 -0.134247	 0.999634	 -0.506134	 2
1462074504.791	 7	 -0.090515	 0.992233	 -0.488266	 2
1462074504.801	 7	 -0.113846	 0.981003	 -0.449982	 2
1462074504.811	 7	 -0.163635	 1.014969	 -0.418961	 2
1462074504.821	 7	 -0.196213	 0.987854	 -0.392593	 2
1462074504.831	 7	 -0.211929	 0.975494	 -0.366089	 2
1462074504.841	 7	 -0.209412	 0.973465	 -0.354858	 2
1462074504.851	 7	 -0.212646	 0.988586	 -0.346771	 2
1462074504.861	 7	 -0.226883	 1.025391	 -0.331116	 2
1462074504.871	 7	 -0.214157	 1.061813	 -0.289413	 2
1462074504.881	 7	 -0.172653	 1.077820	 -0.236526	 2
1462074504.891	 7	 -0.118820	 1.079468	 -0.170746	 2
1462074504.901	 7	 -0.059616	 1.069550	 -0.112900	 2
1462074504.911	 7	 -0.007355	 1.067230	 -0.061874	 2
1462074504.921	 7	 0.055817	 1.066559	 0.139221	 2
1462074504.931	 7	 0.207672	 1.064987	 0.574783	 2
1462074504.941	 7	 0.293640	 1.002441	 0.593994	 2
1462074504.951	 7	 0.264328	 0.954041	 0.374420	 2
1462074504.961	 7	 0.238327	 0.907440	 0.203537	 2
1462074504.971	 7	 0.198990	 0.885712	 0.107910	 2
1462074504.981	 7	 0.158829	 0.923523	 0.098846	 2
1462074504.991	 7	 0.091660	 0.928787	 0.060410	 2
1462074505.001	 7	 0.022186	 0.937119	 0.018387	 2
1462074505.011	 7	 -0.005936	 0.950073	 -0.016373	 2
1462074505.021	 7	 -0.029724	 0.951767	 -0.036423	 2
1462074505.031	 7	 -0.028656	 0.938354	 -0.016205	 2
1462074505.041	 7	 -0.026825	 0.897598	 0.031464	 2
1462074505.051	 7	 -0.062943	 0.841538	 0.075150	 2
1462074505.061	 7	 -0.075012	 0.813400	 0.109848	 2
1462074505.071	 7	 -0.033600	 0.817078	 0.084381	 2
1462074505.081	 7	 0.024261	 0.847290	 0.035812	 2
1462074505.091	 7	 0.060577	 0.871826	 0.000885	 2
1462074505.101	 7	 0.078781	 0.901764	 0.000992	 2
1462074505.111	 7	 0.077957	 0.967972	 0.011078	 2
1462074505.121	 7	 0.090668	 1.082306	 0.021103	 2
1462074505.131	 7	 0.115677	 1.194244	 0.008194	 2
1462074505.141	 7	 0.118057	 1.273956	 -0.007278	 2
1462074505.151	 7	 0.134460	 1.338379	 -0.015945	 2
1462074505.161	 7	 0.169022	 1.413986	 -0.005310	 2
1462074505.171	 7	 0.240616	 1.539474	 0.082031	 2
1462074505.181	 7	 0.329208	 1.637573	 0.174530	 2
1462074505.191	 7	 0.369675	 1.613541	 0.157654	 2
1462074505.201	 7	 0.339828	 1.496735	 0.166626	 2
1462074505.211	 7	 0.299927	 1.492462	 0.252197	 2
1462074505.221	 7	 0.301712	 1.540955	 0.383835	 2
1462074505.231	 7	 0.326096	 1.497208	 0.564392	 2
1462074505.241	 7	 0.323212	 1.432861	 0.656799	 2
1462074505.251	 7	 0.233459	 1.442307	 0.588150	 2
1462074505.261	 7	 0.113434	 1.482727	 0.449982	 2
1462074505.271	 7	 0.055679	 1.456558	 0.389130	 2
1462074505.281	 7	 0.043976	 1.364761	 0.430862	 2
1462074505.291	 7	 -0.057831	 1.387589	 0.381409	 2
1462074505.301	 7	 -0.116409	 1.471878	 0.149246	 2
1462074505.311	 7	 0.004593	 1.500702	 -0.224945	 2
1462074505.321	 7	 0.084595	 1.409393	 -0.499283	 2
1462074505.331	 7	 0.023041	 1.353561	 -0.333893	 2
1462074505.341	 7	 -0.035706	 1.337784	 -0.130722	 2
1462074505.351	 7	 -0.129471	 1.426041	 -0.069931	 2
1462074505.361	 7	 -0.297195	 1.481613	 0.022598	 2
1462074505.371	 7	 -0.483688	 1.543564	 0.086349	 2
1462074505.381	 7	 -0.623932	 1.543671	 0.010406	 2
1462074505.391	 7	 -0.682236	 1.460251	 -0.152710	 2
1462074505.401	 7	 -0.669464	 1.309052	 -0.317413	 2
1462074505.411	 7	 -0.610611	 1.177048	 -0.370132	 2
1462074505.421	 7	 -0.497269	 1.053055	 -0.332962	 2
1462074505.431	 7	 -0.394287	 0.945648	 -0.263992	 2
1462074505.441	 7	 -0.297058	 0.853134	 -0.187164	 2
1462074505.451	 7	 -0.214554	 0.778458	 -0.093109	 2
1462074505.461	 7	 -0.144821	 0.666748	 -0.002274	 2
1462074505.471	 7	 -0.106598	 0.630691	 0.120972	 2
1462074505.481	 7	 -0.086441	 0.590546	 0.200272	 2
1462074505.491	 7	 -0.097870	 0.543411	 0.225281	 2
1462074505.501	 7	 -0.133942	 0.507065	 0.198441	 2
1462074505.511	 7	 -0.164627	 0.477554	 0.150055	 2
1462074505.521	 7	 -0.177231	 0.456375	 0.089218	 2
1462074505.531	 7	 -0.166702	 0.437515	 0.024841	 2
1462074505.541	 7	 -0.145264	 0.420700	 -0.048843	 2
1462074505.551	 7	 -0.120239	 0.439560	 -0.091125	 2
1462074505.561	 7	 -0.126175	 0.451584	 -0.108460	 2
1462074505.571	 7	 -0.158295	 0.455109	 -0.122391	 2
1462074505.581	 7	 -0.185211	 0.442810	 -0.105286	 2
1462074505.591	 7	 -0.172470	 0.435043	 -0.090134	 2
1462074505.601	 7	 -0.146286	 0.444565	 -0.072876	 2
1462074505.611	 7	 -0.137115	 0.476852	 -0.036636	 2
1462074505.621	 7	 -0.146042	 0.523422	 0.046417	 2
1462074505.631	 7	 -0.184555	 0.561523	 0.269852	 2
1462074505.641	 7	 -0.281860	 0.553345	 0.896332	 2
1462074505.651	 7	 -0.199432	 0.745041	 1.627670	 2
1462074505.661	 7	 0.177795	 1.224350	 1.911331	 2
1462074505.671	 7	 0.323990	 1.705521	 2.522659	 2
1462074505.681	 7	 0.158661	 1.756866	 1.815796	 2
1462074505.691	 7	 0.115814	 1.662048	 0.917374	 2
1462074505.701	 7	 0.088593	 1.540527	 0.467087	 2
1462074505.711	 7	 -0.142120	 1.378128	 0.526260	 2
1462074505.721	 7	 -0.370560	 1.405655	 0.488083	 2
1462074505.731	 7	 -0.469772	 1.362747	 0.242813	 2
1462074505.741	 7	 -0.519333	 1.355927	 0.436523	 2
1462074505.751	 7	 -0.470520	 1.488770	 0.656631	 2
1462074505.761	 7	 -0.081970	 1.502914	 0.438278	 2
1462074505.771	 7	 0.145935	 1.257797	 -0.094025	 2
1462074505.781	 7	 -0.016708	 1.079926	 -0.504578	 2
1462074505.791	 7	 -0.335938	 1.006836	 -0.794815	 2
1462074505.801	 7	 -0.569168	 1.060623	 -0.624435	 2
1462074505.811	 7	 -0.717957	 0.707459	 0.455261	 2
1462074505.821	 7	 -0.569168	 0.587753	 0.524139	 2
1462074505.831	 7	 -0.344910	 0.887558	 -0.377457	 2
1462074505.841	 7	 -0.226959	 0.897247	 -0.682434	 2
1462074505.851	 7	 -0.199142	 0.803986	 -0.629898	 2
1462074505.861	 7	 -0.142014	 0.710846	 -0.503571	 2
1462074505.871	 7	 -0.126480	 0.684799	 -0.333862	 2
1462074505.881	 7	 -0.106445	 0.729385	 0.107590	 2
1462074505.891	 7	 -0.085373	 0.765778	 0.473999	 2
1462074505.901	 7	 -0.085373	 0.765778	 0.473999	 2
1462074505.911	 7	 -0.328690	 0.834106	 -0.053116	 2
1462074505.921	 7	 -0.484924	 0.891327	 -0.254242	 2
1462074505.931	 7	 -0.561707	 1.013855	 -0.266388	 2
1462074505.941	 7	 -0.566101	 1.101334	 -0.146973	 2
1462074505.951	 7	 -0.491684	 1.119720	 0.011917	 2
1462074505.961	 7	 -0.390656	 1.110184	 0.088303	 2
1462074505.971	 7	 -0.290375	 1.092194	 0.043869	 2
1462074505.981	 7	 -0.198181	 1.092850	 -0.024963	 2
1462074505.991	 7	 -0.105026	 1.091003	 -0.070084	 2
1462074506.001	 7	 -0.019302	 1.075485	 -0.088959	 2
1462074506.011	 7	 0.028030	 1.045715	 -0.079895	 2
1462074506.021	 7	 0.059387	 1.008179	 -0.058395	 2
1462074506.031	 7	 0.087631	 0.967484	 -0.021133	 2
1462074506.041	 7	 0.110397	 0.930756	 0.008453	 2
1462074506.051	 7	 0.100632	 0.911575	 0.023849	 2
1462074506.061	 7	 0.066010	 0.916443	 0.017456	 2
1462074506.071	 7	 0.025681	 0.932404	 -0.003525	 2
1462074506.081	 7	 0.001465	 0.952560	 -0.032990	 2
1462074506.091	 7	 -0.021988	 0.966049	 -0.045166	 2
1462074506.101	 7	 -0.018311	 0.976608	 -0.024750	 2
1462074506.111	 7	 0.013489	 0.975113	 0.033295	 2
1462074506.121	 7	 0.030045	 0.962143	 0.127304	 2
1462074506.131	 7	 0.027832	 0.937546	 0.217896	 2
1462074506.141	 7	 0.007294	 0.903275	 0.246170	 2
1462074506.151	 7	 -0.032913	 0.895294	 0.215729	 2
1462074506.161	 7	 -0.072296	 0.907059	 0.165558	 2
1462074506.171	 7	 -0.087708	 0.931061	 0.111069	 2
1462074506.181	 7	 -0.085983	 0.968323	 0.067017	 2
1462074506.191	 7	 -0.059647	 1.009384	 0.035828	 2
1462074506.201	 7	 -0.012802	 1.082184	 0.003860	 2
1462074506.211	 7	 0.028519	 1.172470	 -0.027451	 2
1462074506.221	 7	 0.066116	 1.248169	 -0.065765	 2
1462074506.231	 7	 0.087891	 1.292404	 -0.096786	 2
1462074506.241	 7	 0.088043	 1.388153	 -0.085449	 2
1462074506.251	 7	 0.091217	 1.484650	 -0.042099	 2
1462074506.261	 7	 0.109695	 1.547897	 0.019684	 2
1462074506.271	 7	 0.147385	 1.574997	 0.065903	 2
1462074506.281	 7	 0.185532	 1.557648	 0.084793	 2
1462074506.291	 7	 0.224579	 1.529129	 0.066238	 2
1462074506.301	 7	 0.257629	 1.485306	 0.165054	 2
1462074506.311	 7	 0.277298	 1.454086	 0.319580	 2
1462074506.321	 7	 0.279068	 1.387741	 0.384766	 2
1462074506.331	 7	 0.226746	 1.326141	 0.337952	 2
1462074506.341	 7	 0.119141	 1.327271	 0.256622	 2
1462074506.351	 7	 0.014252	 1.330521	 0.251648	 2
1462074506.361	 7	 -0.054520	 1.289062	 0.312485	 2
1462074506.371	 7	 -0.092560	 1.238052	 0.391922	 2
1462074506.381	 7	 -0.118240	 1.239319	 0.435837	 2
1462074506.391	 7	 -0.138443	 1.274200	 0.287323	 2
1462074506.401	 7	 -0.110687	 1.285797	 -0.040009	 2
1462074506.411	 7	 -0.068100	 1.297409	 -0.247147	 2
1462074506.421	 7	 -0.131165	 1.311295	 -0.244705	 2
1462074506.431	 7	 -0.292801	 1.360855	 -0.102524	 2
1462074506.441	 7	 -0.474960	 1.471344	 0.070312	 2
1462074506.451	 7	 -0.617905	 1.495270	 0.138702	 2
1462074506.461	 7	 -0.631897	 1.527969	 0.083801	 2
1462074506.471	 7	 -0.556152	 1.576111	 -0.004578	 2
1462074506.481	 7	 -0.513580	 1.412933	 -0.165710	 2
1462074506.491	 7	 -0.450470	 1.258453	 -0.271423	 2
1462074506.501	 7	 -0.344238	 1.130127	 -0.293167	 2
1462074506.511	 7	 -0.217331	 1.095993	 -0.198700	 2
1462074506.521	 7	 -0.123062	 1.071732	 -0.055969	 2
1462074506.531	 7	 -0.105835	 1.018539	 0.160522	 2
1462074506.541	 7	 -0.104553	 1.067780	 0.418900	 2
1462074506.551	 7	 -0.164993	 0.850571	 0.449524	 2
1462074506.561	 7	 -0.217178	 0.664474	 0.349426	 2
1462074506.571	 7	 -0.235031	 0.549911	 0.189484	 2
1462074506.581	 7	 -0.233337	 0.500214	 0.076599	 2
1462074506.591	 7	 -0.202301	 0.526886	 0.046143	 2
1462074506.601	 7	 -0.182037	 0.566559	 0.016220	 2
1462074506.611	 7	 -0.187332	 0.547577	 -0.029297	 2
1462074506.621	 7	 -0.172592	 0.533859	 -0.081268	 2
1462074506.631	 7	 -0.146606	 0.527328	 -0.106110	 2
1462074506.641	 7	 -0.137344	 0.522705	 -0.122665	 2
1462074506.651	 7	 -0.150467	 0.509644	 -0.123260	 2
1462074506.661	 7	 -0.190994	 0.506042	 -0.089462	 2
1462074506.671	 7	 -0.237381	 0.494308	 -0.045334	 2
1462074506.681	 7	 -0.282227	 0.494324	 0.002106	 2
1462074506.691	 7	 -0.305130	 0.504074	 0.070038	 2
1462074506.701	 7	 -0.302689	 0.529541	 0.096268	 2
1462074506.711	 7	 -0.297592	 0.588074	 0.130325	 2
1462074506.721	 7	 -0.295837	 0.651016	 0.253616	 2
1462074506.731	 7	 -0.276474	 0.714859	 0.459198	 2
1462074506.741	 7	 -0.261032	 0.759918	 0.752228	 2
1462074506.751	 7	 -0.165359	 0.874725	 1.171478	 2
1462074506.761	 7	 0.199585	 1.155106	 1.762726	 2
1462074506.771	 7	 0.418549	 1.404449	 2.519196	 2
1462074506.781	 7	 0.291931	 1.417908	 1.742920	 2
1462074506.791	 7	 0.231125	 1.496490	 0.851105	 2
1462074506.801	 7	 0.305710	 1.547653	 0.525528	 2
1462074506.811	 7	 0.407257	 1.406982	 0.352905	 2
1462074506.821	 7	 0.345596	 1.328659	 0.321167	 2
1462074506.831	 7	 -0.106033	 1.263367	 0.370880	 2
1462074506.841	 7	 -0.181717	 1.214920	 0.331970	 2
1462074506.851	 7	 -0.163925	 1.193878	 0.493286	 2
1462074506.861	 7	 0.017120	 1.216095	 0.667465	 2
1462074506.871	 7	 0.270401	 1.352402	 0.407120	 2
1462074506.881	 7	 0.359146	 1.404495	 0.025955	 2
1462074506.891	 7	 0.226364	 1.249832	 -0.209427	 2
1462074506.901	 7	 -0.078949	 1.072830	 -0.412460	 2
1462074506.911	 7	 -0.345566	 0.971802	 -0.498825	 2
1462074506.921	 7	 -0.418106	 1.026474	 -0.362396	 2
1462074506.931	 7	 -0.661087	 0.833221	 0.721924	 2
1462074506.941	 7	 -0.888351	 0.434875	 1.742737	 2
1462074506.951	 7	 -0.619980	 0.560867	 0.877914	 2
1462074506.961	 7	 -0.202652	 0.966431	 -0.659775	 2
1462074506.971	 7	 -0.116989	 0.997787	 -0.750366	 2
1462074506.981	 7	 -0.084137	 0.783401	 -0.830017	 2
1462074506.991	 7	 -0.123428	 0.763504	 -0.696915	 2
1462074507.001	 7	 -0.175644	 0.856308	 -0.576736	 2
1462074507.011	 7	 -0.195953	 0.968994	 -0.232819	 2
1462074507.021	 7	 -0.072006	 1.238388	 0.420136	 2
1462074507.031	 7	 -0.084061	 1.277756	 0.153549	 2
1462074507.041	 7	 -0.196503	 1.129242	 -0.281342	 2
1462074507.051	 7	 -0.275696	 1.083542	 -0.342041	 2
1462074507.061	 7	 -0.296707	 1.023163	 -0.144424	 2
1462074507.071	 7	 -0.287292	 0.897507	 0.164139	 2
1462074507.081	 7	 -0.250549	 0.835999	 0.362457	 2
1462074507.091	 7	 -0.198837	 0.916840	 0.431946	 2
1462074507.101	 7	 -0.131165	 1.077499	 0.330765	 2
1462074507.111	 7	 -0.069672	 1.046478	 0.140579	 2
1462074507.121	 7	 -0.008713	 1.010315	 0.059967	 2
1462074507.131	 7	 0.011307	 0.987671	 0.079422	 2
1462074507.141	 7	 -0.010040	 0.956924	 0.098389	 2
1462074507.151	 7	 -0.027145	 0.939453	 0.100296	 2
1462074507.161	 7	 -0.009842	 0.930115	 0.076660	 2
1462074507.171	 7	 -0.002808	 0.904800	 0.034866	 2
1462074507.181	 7	 -0.000198	 0.886993	 0.003464	 2
1462074507.191	 7	 0.008194	 0.877823	 -0.006958	 2
1462074507.201	 7	 0.015839	 0.883987	 -0.008163	 2
1462074507.211	 7	 0.015488	 0.879898	 0.001373	 2
1462074507.221	 7	 0.014679	 0.890594	 0.022156	 2
1462074507.231	 7	 0.014557	 0.907150	 0.040024	 2
1462074507.241	 7	 0.009247	 0.913162	 0.083527	 2
1462074507.251	 7	 -0.007507	 0.907364	 0.133850	 2
1462074507.261	 7	 -0.031219	 0.904129	 0.163681	 2
1462074507.271	 7	 -0.050171	 0.932587	 0.116898	 2
1462074507.281	 7	 -0.092636	 0.975540	 0.058792	 2
1462074507.291	 7	 -0.118942	 0.992126	 0.064941	 2
1462074507.301	 7	 -0.133377	 0.989807	 0.049713	 2
1462074507.311	 7	 -0.139297	 0.966614	 0.073547	 2
1462074507.321	 7	 -0.119141	 0.982468	 0.086395	 2
1462074507.331	 7	 -0.110626	 1.017761	 0.091904	 2
1462074507.341	 7	 -0.147659	 1.095917	 0.095200	 2
1462074507.351	 7	 -0.089828	 1.157440	 0.080612	 2
1462074507.361	 7	 -0.013092	 1.213379	 0.077148	 2
1462074507.371	 7	 0.000961	 1.271713	 0.047348	 2
1462074507.381	 7	 -0.021515	 1.346069	 0.019913	 2
1462074507.391	 7	 -0.025604	 1.382782	 0.001205	 2
1462074507.401	 7	 0.005966	 1.476578	 0.037689	 2
1462074507.411	 7	 0.037018	 1.558868	 0.121323	 2
1462074507.421	 7	 0.089569	 1.594009	 0.190186	 2
1462074507.431	 7	 0.128052	 1.590408	 0.222198	 2
1462074507.441	 7	 0.161942	 1.580032	 0.291656	 2
1462074507.451	 7	 0.224579	 1.548843	 0.383636	 2
1462074507.461	 7	 0.289658	 1.470993	 0.409424	 2
1462074507.471	 7	 0.310333	 1.367264	 0.415268	 2
1462074507.481	 7	 0.297867	 1.311813	 0.387970	 2
1462074507.491	 7	 0.286072	 1.277603	 0.397598	 2
1462074507.501	 7	 0.251923	 1.233490	 0.465179	 2
1462074507.511	 7	 0.176788	 1.156769	 0.577606	 2
1462074507.521	 7	 0.038605	 1.148331	 0.644791	 2
1462074507.531	 7	 -0.048981	 1.260712	 0.525558	 2
1462074507.541	 7	 -0.050507	 1.442368	 0.276321	 2
1462074507.551	 7	 0.025528	 1.572556	 0.093155	 2
1462074507.561	 7	 0.022064	 1.405243	 -0.049042	 2
1462074507.571	 7	 -0.028244	 1.305389	 -0.072891	 2
1462074507.581	 7	 -0.026733	 1.392181	 0.041061	 2
1462074507.591	 7	 -0.064819	 1.425034	 0.070938	 2
1462074507.601	 7	 -0.196976	 1.409988	 0.022034	 2
1462074507.611	 7	 -0.314697	 1.420792	 -0.066467	 2
1462074507.621	 7	 -0.352463	 1.427521	 -0.208572	 2
1462074507.631	 7	 -0.377151	 1.449493	 -0.409409	 2
1462074507.641	 7	 -0.330582	 1.380783	 -0.563995	 2
1462074507.651	 7	 -0.268280	 1.296143	 -0.504135	 2
1462074507.661	 7	 -0.274017	 1.204178	 -0.260193	 2
1462074507.671	 7	 -0.207870	 1.033234	 -0.046127	 2
1462074507.681	 7	 -0.120255	 0.835815	 0.118591	 2
1462074507.691	 7	 -0.116272	 0.694321	 0.264908	 2
1462074507.701	 7	 -0.171295	 0.607239	 0.315414	 2
1462074507.711	 7	 -0.211090	 0.532120	 0.266724	 2
1462074507.721	 7	 -0.197968	 0.492966	 0.179718	 2
1462074507.731	 7	 -0.148117	 0.493576	 0.121185	 2
1462074507.741	 7	 -0.102829	 0.521439	 0.117615	 2
1462074507.751	 7	 -0.075836	 0.563492	 0.084839	 2
1462074507.761	 7	 -0.032425	 0.458511	 -0.068283	 2
1462074507.771	 7	 -0.060425	 0.442596	 -0.121475	 2
1462074507.781	 7	 -0.107010	 0.494308	 -0.115494	 2
1462074507.791	 7	 -0.181976	 0.544647	 -0.079224	 2
1462074507.801	 7	 -0.231232	 0.552979	 -0.003937	 2
1462074507.811	 7	 -0.252518	 0.519486	 0.058411	 2
1462074507.821	 7	 -0.253113	 0.495117	 0.097961	 2
1462074507.831	 7	 -0.241669	 0.546921	 0.147766	 2
1462074507.841	 7	 -0.224686	 0.599106	 0.204193	 2
1462074507.851	 7	 -0.208954	 0.695724	 0.264770	 2
1462074507.861	 7	 -0.163055	 0.743332	 0.351990	 2
1462074507.871	 7	 -0.084808	 0.775513	 0.526306	 2
1462074507.881	 7	 -0.020767	 0.887863	 0.778839	 2
1462074507.891	 7	 0.126755	 1.091293	 1.129059	 2
1462074507.901	 7	 0.377502	 1.346970	 2.141449	 2
1462074507.911	 7	 0.573425	 1.313461	 2.614395	 2
1462074507.921	 7	 0.431442	 1.293747	 1.690231	 2
1462074507.931	 7	 0.284637	 1.332382	 1.020645	 2
1462074507.941	 7	 0.129700	 1.271957	 0.705643	 2
1462074507.951	 7	 -0.094879	 1.256378	 0.616013	 2
1462074507.961	 7	 -0.196411	 1.334152	 0.492630	 2
1462074507.971	 7	 -0.174347	 1.321106	 0.406555	 2
1462074507.981	 7	 -0.114075	 1.290833	 0.426880	 2
1462074507.991	 7	 -0.065262	 1.300629	 0.476913	 2
1462074508.001	 7	 0.094452	 1.382492	 0.309586	 2
1462074508.011	 7	 0.252304	 1.383652	 0.157272	 2
1462074508.021	 7	 0.274811	 1.193390	 0.084595	 2
1462074508.031	 7	 0.136566	 0.941055	 -0.071976	 2
1462074508.041	 7	 -0.033569	 0.702652	 -0.131546	 2
1462074508.051	 7	 -0.163757	 0.737274	 -0.061066	 2
1462074508.061	 7	 -0.298920	 0.834518	 0.164932	 2
1462074508.071	 7	 -0.349854	 0.667526	 0.245804	 2
1462074508.081	 7	 -0.338821	 0.652573	 0.020569	 2
1462074508.091	 7	 -0.226807	 0.833267	 -0.131424	 2
1462074508.101	 7	 -0.122513	 0.797043	 -0.251312	 2
1462074508.111	 7	 -0.090851	 1.182266	 -0.187286	 2
1462074508.121	 7	 -0.222702	 1.167389	 -0.290909	 2
1462074508.131	 7	 -0.330780	 1.031296	 -0.340347	 2
1462074508.141	 7	 -0.356155	 0.971893	 -0.261749	 2
1462074508.151	 7	 -0.322845	 1.005875	 -0.129868	 2
1462074508.161	 7	 -0.280029	 1.095840	 0.023865	 2
1462074508.171	 7	 -0.262375	 1.149353	 0.095673	 2
1462074508.181	 7	 -0.223770	 1.134476	 0.092148	 2
1462074508.191	 7	 -0.147156	 1.072510	 -0.030380	 2
1462074508.201	 7	 -0.064316	 1.019043	 -0.001068	 2
1462074508.211	 7	 -0.020081	 0.985947	 0.239700	 2
1462074508.221	 7	 0.012283	 0.939606	 0.347031	 2
1462074508.231	 7	 0.056366	 0.924027	 0.313034	 2
1462074508.241	 7	 0.139725	 0.892090	 0.251755	 2
1462074508.251	 7	 0.169937	 0.897766	 0.227951	 2
1462074508.261	 7	 0.168610	 0.944504	 0.188950	 2
1462074508.271	 7	 0.132050	 1.016022	 0.172928	 2
1462074508.281	 7	 0.098511	 1.109467	 0.148254	 2
1462074508.291	 7	 0.101746	 1.104584	 0.054779	 2
1462074508.301	 7	 0.127548	 1.067886	 0.004929	 2
1462074508.311	 7	 0.120728	 1.027390	 -0.011047	 2
1462074508.321	 7	 0.094467	 1.010910	 -0.020676	 2
1462074508.331	 7	 0.054306	 0.977829	 -0.012238	 2
1462074508.341	 7	 0.024063	 0.951157	 0.006622	 2
1462074508.351	 7	 0.002243	 0.920288	 0.023788	 2
1462074508.361	 7	 -0.048447	 0.908875	 0.059067	 2
1462074508.371	 7	 -0.093903	 0.905106	 0.076447	 2
1462074508.381	 7	 -0.114319	 0.893936	 0.097076	 2
1462074508.391	 7	 -0.142914	 0.876450	 0.131409	 2
1462074508.401	 7	 -0.165329	 0.861557	 0.178207	 2
1462074508.411	 7	 -0.191345	 0.857636	 0.227173	 2
1462074508.421	 7	 -0.218155	 0.870514	 0.256226	 2
1462074508.431	 7	 -0.236465	 0.936081	 0.260498	 2
1462074508.441	 7	 -0.245636	 0.985123	 0.272583	 2
1462074508.451	 7	 -0.222290	 1.026718	 0.289215	 2
1462074508.461	 7	 -0.145691	 1.098175	 0.253571	 2
1462074508.471	 7	 -0.060211	 1.156784	 0.199966	 2
1462074508.481	 7	 0.006119	 1.222275	 0.154877	 2
1462074508.491	 7	 0.048462	 1.301651	 0.083679	 2
1462074508.501	 7	 0.110641	 1.371338	 0.042511	 2
1462074508.511	 7	 0.202240	 1.434692	 0.052078	 2
1462074508.521	 7	 0.292175	 1.460037	 0.072189	 2
1462074508.531	 7	 0.342224	 1.473480	 0.106888	 2
1462074508.541	 7	 0.355438	 1.480301	 0.166397	 2
1462074508.551	 7	 0.372681	 1.488190	 0.303299	 2
1462074508.561	 7	 0.401733	 1.507034	 0.399612	 2
1462074508.571	 7	 0.419540	 1.474823	 0.447922	 2
1462074508.581	 7	 0.405640	 1.382156	 0.443802	 2
1462074508.591	 7	 0.375427	 1.323502	 0.401550	 2
1462074508.601	 7	 0.366409	 1.294617	 0.374283	 2
1462074508.611	 7	 0.322876	 1.218170	 0.372482	 2
1462074508.621	 7	 0.266937	 1.077805	 0.438019	 2
1462074508.631	 7	 0.176987	 0.943771	 0.568268	 2
1462074508.641	 7	 0.082199	 1.026916	 0.631042	 2
1462074508.651	 7	 0.082291	 1.235458	 0.473694	 2
1462074508.661	 7	 0.166946	 1.417816	 0.260666	 2
1462074508.671	 7	 0.211807	 1.346695	 0.027634	 2
1462074508.681	 7	 0.097870	 1.325500	 0.030151	 2
1462074508.691	 7	 -0.048996	 1.476517	 0.144897	 2
1462074508.701	 7	 -0.174683	 1.531235	 0.132629	 2
1462074508.711	 7	 -0.237503	 1.634659	 0.128082	 2
1462074508.721	 7	 -0.275116	 1.643448	 0.004974	 2
1462074508.731	 7	 -0.307663	 1.631241	 -0.139771	 2
1462074508.741	 7	 -0.307648	 1.585159	 -0.340103	 2
1462074508.751	 7	 -0.206818	 1.470657	 -0.486954	 2
1462074508.761	 7	 -0.128815	 1.282089	 -0.467331	 2
1462074508.771	 7	 -0.128784	 1.174774	 -0.310547	 2
1462074508.781	 7	 -0.102249	 1.073059	 -0.160294	 2
1462074508.791	 7	 -0.051666	 0.990936	 -0.034576	 2
1462074508.801	 7	 -0.034531	 0.814545	 -0.008652	 2
1462074508.811	 7	 -0.090210	 0.656998	 0.052826	 2
1462074508.821	 7	 -0.168854	 0.653778	 0.155853	 2
1462074508.831	 7	 -0.205841	 0.623550	 0.239655	 2
1462074508.841	 7	 -0.213745	 0.566818	 0.279373	 2
1462074508.851	 7	 -0.226135	 0.546860	 0.271957	 2
1462074508.861	 7	 -0.228638	 0.550415	 0.207016	 2
1462074508.871	 7	 -0.221710	 0.540848	 0.121902	 2
1462074508.881	 7	 -0.202240	 0.532211	 0.048431	 2
1462074508.891	 7	 -0.181122	 0.511017	 -0.005432	 2
1462074508.901	 7	 -0.176346	 0.481842	 -0.045258	 2
1462074508.911	 7	 -0.203995	 0.480453	 -0.071533	 2
1462074508.921	 7	 -0.242401	 0.482956	 -0.090317	 2
1462074508.931	 7	 -0.271927	 0.476608	 -0.079559	 2
1462074508.941	 7	 -0.266846	 0.463821	 -0.069901	 2
1462074508.951	 7	 -0.234634	 0.509628	 -0.026855	 2
1462074508.961	 7	 -0.210587	 0.582245	 0.055374	 2
1462074508.971	 7	 -0.178741	 0.639435	 0.199921	 2
1462074508.981	 7	 -0.146774	 0.709793	 0.425354	 2
1462074508.991	 7	 -0.069733	 0.798859	 0.776581	 2
1462074509.001	 7	 0.212891	 0.970871	 1.257751	 2
1462074509.011	 7	 0.612793	 1.158127	 2.070252	 2
1462074509.021	 7	 0.686676	 1.178726	 2.784225	 2
1462074509.031	 7	 0.514435	 1.386642	 1.709915	 2
1462074509.041	 7	 0.504623	 1.433273	 0.911774	 2
1462074509.051	 7	 0.471970	 1.423859	 0.695755	 2
1462074509.061	 7	 0.274017	 1.372604	 0.525772	 2
1462074509.071	 7	 0.124542	 1.356171	 0.373795	 2
1462074509.081	 7	 0.030258	 1.307510	 0.230011	 2
1462074509.091	 7	 -0.028290	 1.248398	 0.365402	 2
1462074509.101	 7	 -0.047943	 1.367172	 0.589951	 2
1462074509.111	 7	 0.115601	 1.413010	 0.394989	 2
1462074509.121	 7	 0.207977	 1.295029	 0.197281	 2
1462074509.131	 7	 0.142593	 1.208588	 0.120804	 2
1462074509.141	 7	 -0.027130	 1.103378	 -0.138321	 2
1462074509.151	 7	 -0.260818	 1.008942	 -0.301575	 2
1462074509.161	 7	 -0.470276	 1.146118	 -0.229889	 2
1462074509.171	 7	 -0.612976	 0.883942	 0.301834	 2
1462074509.181	 7	 -0.429230	 0.708786	 0.309402	 2
1462074509.191	 7	 -0.375839	 0.901886	 -0.099304	 2
1462074509.201	 7	 -0.379471	 1.007462	 -0.257980	 2
1462074509.211	 7	 -0.246384	 0.946259	 -0.369202	 2
1462074509.221	 7	 -0.273071	 0.983505	 -0.446442	 2
1462074509.231	 7	 -0.208420	 1.060043	 -0.340668	 2
1462074509.241	 7	 -0.099014	 0.988174	 -0.287765	 2
1462074509.251	 7	 -0.073776	 1.048584	 -0.218155	 2
1462074509.261	 7	 -0.145721	 1.240250	 -0.187073	 2
1462074509.271	 7	 -0.153000	 1.315750	 -0.175751	 2
1462074509.281	 7	 -0.056778	 1.305588	 -0.099014	 2
1462074509.291	 7	 0.025803	 1.286530	 0.012955	 2
1462074509.301	 7	 0.083176	 1.249786	 0.102554	 2
1462074509.311	 7	 0.136490	 1.197952	 0.195633	 2
1462074509.321	 7	 0.168137	 1.125549	 0.270920	 2
1462074509.331	 7	 0.151398	 1.049088	 0.324020	 2
1462074509.341	 7	 0.112717	 0.985977	 0.346924	 2
1462074509.351	 7	 0.068161	 0.944061	 0.340454	 2
1462074509.361	 7	 0.044815	 0.905960	 0.323395	 2
1462074509.371	 7	 0.021545	 0.902969	 0.296448	 2
1462074509.381	 7	 0.017075	 0.902344	 0.261124	 2
1462074509.391	 7	 0.042435	 0.951263	 0.257736	 2
1462074509.401	 7	 0.059341	 0.937866	 0.193863	 2
1462074509.411	 7	 0.053741	 0.929779	 0.058884	 2
1462074509.421	 7	 0.091354	 0.917053	 0.062698	 2
1462074509.431	 7	 0.134811	 0.925049	 0.101807	 2
1462074509.441	 7	 0.144867	 0.920364	 0.073944	 2
1462074509.451	 7	 0.148407	 0.901611	 0.039658	 2
1462074509.461	 7	 0.153717	 0.925980	 0.051178	 2
1462074509.471	 7	 0.153870	 0.882187	 0.035019	 2
1462074509.481	 7	 0.155746	 0.935547	 0.058624	 2
1462074509.491	 7	 0.156311	 1.018570	 0.088470	 2
1462074509.501	 7	 0.166565	 1.054733	 0.084045	 2
1462074509.511	 7	 0.212936	 1.044846	 0.074951	 2
1462074509.521	 7	 0.294373	 1.067795	 0.082870	 2
1462074509.531	 7	 0.379990	 1.144867	 0.145126	 2
1462074509.541	 7	 0.428391	 1.145996	 0.164948	 2
1462074509.551	 7	 0.453781	 1.135040	 0.136139	 2
1462074509.561	 7	 0.462173	 1.157440	 0.114182	 2
1462074509.571	 7	 0.463989	 1.182556	 0.094650	 2
1462074509.581	 7	 0.510056	 1.209488	 -0.011429	 2
1462074509.591	 7	 0.509171	 1.188217	 0.047333	 2
1462074509.601	 7	 0.484680	 1.231140	 0.054977	 2
1462074509.611	 7	 0.514648	 1.241470	 0.106842	 2
1462074509.621	 7	 0.478485	 1.303955	 0.113693	 2
1462074509.631	 7	 0.458191	 1.270752	 0.075714	 2
1462074509.641	 7	 0.501999	 1.255890	 0.074463	 2
1462074509.651	 7	 0.527466	 1.243393	 0.017319	 2
1462074509.661	 7	 0.571930	 1.371841	 0.057907	 2
1462074509.671	 7	 0.624954	 1.351761	 0.054611	 2
1462074509.681	 7	 0.590485	 1.083130	 0.392563	 2
1462074509.691	 7	 0.656784	 1.067108	 0.392227	 2
1462074509.701	 7	 0.794601	 1.217239	 0.127747	 2
1462074509.711	 7	 0.817017	 1.142288	 -0.196259	 2
1462074509.721	 7	 0.816116	 1.240829	 -0.127380	 2
1462074509.731	 7	 0.804550	 1.180328	 -0.133530	 2
1462074509.741	 7	 0.766113	 1.052063	 -0.128616	 2
1462074509.751	 7	 0.678009	 1.021530	 -0.126923	 2
1462074509.761	 7	 0.542862	 0.975571	 -0.096802	 2
1462074509.771	 7	 0.454437	 0.990707	 -0.129807	 2
1462074509.781	 7	 0.479080	 0.883224	 -0.228714	 2
1462074509.791	 7	 0.463318	 0.783478	 -0.146194	 2
1462074509.801	 7	 0.458862	 0.719208	 -0.104523	 2
1462074509.811	 7	 0.456985	 0.757111	 -0.108444	 2
1462074509.821	 7	 0.441071	 0.858353	 -0.142746	 2
1462074509.831	 7	 0.475616	 0.975433	 -0.213593	 2
1462074509.841	 7	 0.509766	 1.103821	 -0.207031	 2
1462074509.851	 7	 0.510193	 1.225479	 -0.265274	 2
1462074509.861	 7	 0.556747	 1.376923	 -0.370224	 2
1462074509.871	 7	 0.471069	 1.386063	 -0.407135	 2
1462074509.881	 7	 0.342148	 0.892105	 -0.616440	 2
1462074509.891	 7	 0.505310	 0.804474	 -0.597382	 2
1462074509.901	 7	 0.523087	 0.674316	 -0.575684	 2
1462074509.911	 7	 0.326889	 0.439285	 -0.439804	 2
1462074509.921	 7	 0.402390	 0.293640	 -0.305283	 2
1462074509.931	 7	 0.478790	 0.149445	 -0.228897	 2
1462074509.941	 7	 0.508087	 0.093353	 -0.116882	 2
1462074509.951	 7	 0.652054	 0.309555	 -0.128128	 2
1462074509.961	 7	 0.643753	 0.401154	 -0.150330	 2
1462074509.971	 7	 0.565750	 0.376770	 -0.100189	 2
1462074509.981	 7	 0.573746	 0.387390	 0.054657	 2
1462074509.991	 7	 0.574341	 0.470932	 -0.045532	 2
1462074510.001	 7	 0.485062	 0.397369	 0.004227	 2
1462074510.011	 7	 0.438705	 0.215302	 -0.042664	 2
1462074510.021	 7	 0.481720	 0.358810	 0.058090	 2
1462074510.031	 7	 0.483719	 0.487686	 0.103271	 2
1462074510.041	 7	 0.503082	 0.544586	 0.097382	 2
1462074510.051	 7	 0.513061	 0.557205	 0.072540	 2
1462074510.061	 7	 0.578186	 0.494751	 0.127411	 2
1462074510.071	 7	 0.612823	 0.525726	 0.147247	 2
1462074510.081	 7	 0.628479	 0.672363	 -0.161057	 2
1462074510.091	 7	 0.661743	 0.555588	 -0.117218	 2
1462074510.101	 7	 0.717178	 0.478775	 -0.136429	 2
1462074510.111	 7	 0.760941	 0.438660	 -0.181320	 2
1462074510.121	 7	 0.798706	 0.374908	 -0.128464	 2
1462074510.131	 7	 0.867523	 0.259491	 0.065659	 2
1462074510.141	 7	 0.909546	 0.191666	 0.184372	 2
1462074510.151	 7	 0.911942	 0.027008	 0.187851	 2
1462074510.161	 7	 0.930084	 0.013962	 0.149307	 2
1462074510.171	 7	 1.013062	 -0.028488	 0.022537	 2
1462074510.181	 7	 1.094833	 -0.081085	 -0.040100	 2
1462074510.191	 7	 1.203766	 -0.135086	 -0.085358	 2
1462074510.201	 7	 1.305679	 -0.169022	 -0.149841	 2
1462074510.211	 7	 1.394043	 -0.164307	 -0.226807	 2
1462074510.221	 7	 1.482086	 -0.117828	 -0.324783	 2
1462074510.231	 7	 1.556824	 -0.055115	 -0.462585	 2
1462074510.241	 7	 1.591782	 0.065659	 -0.620361	 2
1462074510.251	 7	 1.661957	 0.113296	 -0.828278	 2
1462074510.261	 7	 1.700912	 -0.014755	 -0.915939	 2
1462074510.271	 7	 1.713715	 0.070419	 -1.029465	 2
1462074510.281	 7	 1.719208	 0.133041	 -1.108978	 2
1462074510.291	 7	 1.640808	 0.128037	 -1.155426	 2
1462074510.301	 7	 1.568100	 0.127609	 -1.133362	 2
1462074510.311	 7	 1.497528	 0.181702	 -1.082031	 2
1462074510.321	 7	 1.434891	 0.240845	 -0.998566	 2
1462074510.331	 7	 1.372818	 0.241394	 -0.918503	 2
1462074510.341	 7	 1.331696	 0.203537	 -0.884201	 2
1462074510.351	 7	 1.365280	 0.172928	 -0.824188	 2
1462074510.361	 7	 1.402588	 0.173798	 -0.833267	 2
1462074510.371	 7	 1.454086	 0.236328	 -0.888428	 2
1462074510.381	 7	 1.462143	 0.235092	 -0.999435	 2
1462074510.391	 7	 1.479538	 0.218903	 -1.048065	 2
1462074510.401	 7	 1.501923	 0.235107	 -1.060165	 2
1462074510.411	 7	 1.486359	 0.272705	 -1.086075	 2
1462074510.421	 7	 1.468445	 0.328751	 -1.070480	 2
1462074510.431	 7	 1.418655	 0.313522	 -1.019272	 2
1462074510.441	 7	 1.302444	 0.269638	 -0.959702	 2
1462074510.451	 7	 1.226791	 0.262711	 -0.885056	 2
1462074510.461	 7	 1.177795	 0.264084	 -0.796463	 2
1462074510.471	 7	 1.143707	 0.274826	 -0.736877	 2
1462074510.481	 7	 1.128449	 0.319351	 -0.673569	 2
1462074510.491	 7	 1.079910	 0.354950	 -0.637558	 2
1462074510.501	 8	 1.047836	 0.390625	 -0.608337	 2
1462074510.521	 8	 0.966827	 0.470444	 -0.602676	 2
1462074510.531	 8	 0.955719	 0.464050	 -0.605194	 2
1462074510.541	 8	 0.946594	 0.427216	 -0.602417	 2
1462074510.551	 8	 0.925598	 0.396240	 -0.581940	 2
1462074510.561	 8	 0.890823	 0.357147	 -0.581284	 2
1462074510.571	 8	 0.839813	 0.300735	 -0.605759	 2
1462074510.581	 8	 0.812759	 0.291229	 -0.554245	 2
1462074510.591	 8	 0.840652	 0.354065	 -0.401276	 2
1462074510.601	 8	 0.810486	 0.314362	 -0.387527	 2
1462074510.611	 8	 0.709259	 0.235626	 -0.441879	 2
1462074510.631	 8	 0.621963	 0.172150	 -0.350693	 2
1462074510.621	 8	 0.652008	 0.207840	 -0.408188	 2
1462074510.641	 8	 0.600647	 0.131821	 -0.292847	 2
1462074510.651	 8	 0.546951	 0.083817	 -0.278229	 2
1462074510.661	 8	 0.457962	 0.027039	 -0.311874	 2
1462074510.671	 8	 0.386749	 0.021255	 -0.296051	 2
1462074510.681	 8	 0.359833	 0.010345	 -0.309738	 2
1462074510.691	 8	 0.335907	 -0.017059	 -0.372223	 2
1462074510.701	 8	 0.301788	 -0.060303	 -0.429001	 2
1462074510.711	 8	 0.297607	 -0.083252	 -0.489151	 2
1462074510.721	 8	 0.440399	 -0.062424	 -0.553238	 2
1462074510.731	 8	 0.468903	 -0.098801	 -0.618927	 2
1462074510.741	 8	 0.418213	 -0.104706	 -0.662292	 2
1462074510.751	 8	 0.368515	 -0.086380	 -0.696625	 2
1462074510.761	 8	 0.294968	 -0.073746	 -0.721985	 2
1462074510.771	 8	 0.312241	 -0.125244	 -0.694824	 2
1462074510.781	 8	 0.296219	 -0.211990	 -0.707779	 2
1462074510.791	 8	 0.249130	 -0.216507	 -0.751755	 2
1462074510.801	 8	 0.248718	 -0.200409	 -0.774994	 2
1462074510.811	 8	 0.254913	 -0.214233	 -0.804199	 2
1462074510.821	 8	 0.273605	 -0.239929	 -0.809753	 2
1462074510.831	 8	 0.287460	 -0.287430	 -0.821350	 2
1462074510.841	 8	 0.299774	 -0.315537	 -0.844116	 2
1462074510.851	 8	 0.334076	 -0.311172	 -0.855484	 2
1462074510.861	 8	 0.349609	 -0.325729	 -0.859741	 2
1462074510.871	 8	 0.305603	 -0.356369	 -0.882126	 2
1462074510.881	 8	 0.257980	 -0.337296	 -0.881241	 2
1462074510.891	 8	 0.325836	 -0.312408	 -0.790985	 2
1462074510.901	 8	 0.320404	 -0.384842	 -0.748672	 2
1462074510.911	 8	 0.313416	 -0.418213	 -0.730942	 2
1462074510.921	 8	 0.294434	 -0.439941	 -0.733307	 2
1462074510.931	 8	 0.303116	 -0.450027	 -0.708923	 2
1462074510.941	 8	 0.295364	 -0.482651	 -0.673538	 2
1462074510.951	 8	 0.284485	 -0.519165	 -0.633484	 2
1462074510.961	 8	 0.216827	 -0.568619	 -0.640396	 2
1462074510.971	 8	 0.199814	 -0.599960	 -0.620819	 2
1462074510.981	 8	 0.208969	 -0.633072	 -0.630188	 2
1462074510.991	 8	 0.262283	 -0.609604	 -0.532227	 2
1462074511.001	 8	 0.292633	 -0.590897	 -0.482269	 2
1462074511.011	 8	 0.188980	 -0.626999	 -0.580902	 2
1462074511.021	 9	 0.164291	 -0.601700	 -0.575943	 2
1462074511.041	 9	 0.158829	 -0.547012	 -0.574936	 2
1462074511.051	 9	 0.147186	 -0.544861	 -0.560852	 2
1462074511.061	 9	 0.140381	 -0.550980	 -0.545456	 2
1462074511.071	 9	 0.125031	 -0.557114	 -0.521591	 2
1462074511.081	 9	 0.110321	 -0.558929	 -0.501938	 2
1462074511.091	 9	 0.097733	 -0.556595	 -0.502945	 2
1462074511.101	 9	 0.088516	 -0.540680	 -0.495758	 2
1462074511.111	 9	 0.083099	 -0.536682	 -0.497223	 2
1462074511.121	 9	 0.075333	 -0.548447	 -0.509705	 2
1462074511.131	 9	 0.082016	 -0.555832	 -0.520691	 2
1462074511.141	 9	 0.080215	 -0.562576	 -0.550568	 2
1462074511.151	 9	 0.080292	 -0.560944	 -0.561646	 2
1462074511.161	 9	 0.072876	 -0.567520	 -0.574600	 2
1462074511.171	 9	 0.053955	 -0.577225	 -0.586472	 2
1462074511.181	 9	 0.041748	 -0.586761	 -0.586014	 2
1462074511.191	 9	 0.037201	 -0.609039	 -0.582718	 2
1462074511.201	 9	 0.028748	 -0.627411	 -0.583435	 2
1462074511.211	 9	 0.019196	 -0.658997	 -0.585480	 2
1462074511.221	 9	 0.011139	 -0.699570	 -0.582260	 2
1462074511.231	 9	 -0.001205	 -0.736725	 -0.590973	 2
1462074511.241	 9	 -0.028061	 -0.776138	 -0.607986	 2
1462074511.251	 9	 -0.064011	 -0.815216	 -0.685989	 2
1462074511.261	 9	 -0.051773	 -0.813202	 -0.718384	 2
1462074511.271	 9	 -0.076401	 -0.814850	 -0.732162	 2
1462074511.281	 9	 0.007248	 -0.811722	 -0.635513	 2
1462074511.291	 9	 -0.041428	 -0.890839	 -0.657959	 2
1462074511.301	 9	 -0.097733	 -0.970108	 -0.742233	 2
1462074511.311	 9	 -0.086426	 -0.943451	 -0.745117	 2
1462074511.321	 9	 -0.104370	 -0.933777	 -0.763382	 2
1462074511.331	 10	 -0.117264	 -0.909546	 -0.778610	 2
1462074511.351	 10	 -0.131958	 -0.850922	 -0.816422	 2
1462074511.361	 10	 -0.131500	 -0.811371	 -0.834732	 2
1462074511.371	 10	 -0.111786	 -0.750000	 -0.883240	 2
1462074511.381	 10	 -0.087387	 -0.697998	 -0.955688	 2
