% Accelerometer data recorded with 'snsrlog'
% 
% Sampling frequency: 100 Hz
% 
% Label description:
% 	 0: Default Label
% 	 1: still_drop
% 	 2: walk_drop
% 	 3: other
% 	 4: dtw_same
% 	 5: dtw_diff
% 	 6: delete
% 	 7: steal
% 
% Column description:
% 	 1: Seconds.milliseconds since 1970
% 	 2: Number of skipped measurements
% 	 3: Acceleration value in x-direction
% 	 4: Acceleration value in y-direction
% 	 5: Acceleration value in z-direction
% 	 6: Label used for the current sample
% 
% 
1462501411.749	 0	 -0.155563	 -0.247131	 -0.965958	 7
1462501411.759	 0	 -0.213058	 -0.241852	 -1.002960	 7
1462501411.769	 0	 -0.292648	 -0.258255	 -0.981903	 7
1462501411.779	 0	 -0.344406	 -0.271072	 -0.922897	 7
1462501411.789	 0	 -0.178726	 -0.234146	 -0.919739	 7
1462501411.799	 0	 -0.128952	 -0.303574	 -0.984528	 7
1462501411.809	 0	 -0.214661	 -0.323166	 -1.025726	 7
1462501411.819	 0	 -0.311157	 -0.306320	 -1.015411	 7
1462501411.829	 0	 -0.397385	 -0.312439	 -0.992096	 7
1462501411.839	 0	 -0.483704	 -0.314606	 -0.924759	 7
1462501411.849	 0	 -0.517578	 -0.361389	 -0.901520	 7
1462501411.859	 0	 -0.524536	 -0.391464	 -0.899261	 7
1462501411.869	 0	 -0.525970	 -0.421448	 -0.905090	 7
1462501411.879	 1	 -0.531174	 -0.451645	 -0.894699	 7
1462501411.899	 1	 -0.450714	 -0.440506	 -0.855972	 7
1462501411.909	 1	 -0.437195	 -0.424896	 -0.816864	 7
1462501411.919	 1	 -0.441330	 -0.405655	 -0.775497	 7
1462501411.929	 1	 -0.498306	 -0.340195	 -0.709106	 7
1462501411.939	 1	 -0.649979	 -0.183258	 -0.614868	 7
1462501411.949	 1	 -0.750992	 -0.183670	 -0.553284	 7
1462501411.959	 1	 -0.821106	 -0.302887	 -0.523926	 7
1462501411.969	 1	 -0.879303	 -0.411179	 -0.542038	 7
1462501411.979	 1	 -0.858353	 -0.384537	 -0.497406	 7
1462501411.989	 1	 -0.817169	 -0.318115	 -0.430862	 7
1462501411.999	 1	 -0.825165	 -0.338318	 -0.349548	 7
1462501412.009	 1	 -0.767548	 -0.323212	 -0.285339	 7
1462501412.019	 1	 -0.722275	 -0.250229	 -0.211441	 7
1462501412.029	 1	 -0.732849	 -0.193588	 -0.095245	 7
1462501412.039	 1	 -0.783997	 -0.129105	 0.009552	 7
1462501412.049	 1	 -0.849686	 -0.129868	 0.115128	 7
1462501412.059	 1	 -0.899307	 -0.153717	 0.226212	 7
1462501412.069	 1	 -0.947342	 -0.121155	 0.336838	 7
1462501412.079	 1	 -0.957779	 -0.073257	 0.447922	 7
1462501412.089	 1	 -0.959335	 -0.054886	 0.543930	 7
1462501412.099	 1	 -0.915390	 -0.010956	 0.633484	 7
1462501412.109	 1	 -0.873886	 0.065979	 0.732132	 7
1462501412.119	 1	 -0.808441	 0.094284	 0.774551	 7
1462501412.129	 1	 -0.777161	 0.090576	 0.824661	 7
1462501412.139	 1	 -0.734451	 0.090469	 0.878143	 7
1462501412.149	 1	 -0.681839	 0.092255	 0.881439	 7
1462501412.159	 1	 -0.613129	 0.088440	 0.869522	 7
1462501412.169	 1	 -0.548019	 0.113190	 0.852707	 7
1462501412.179	 1	 -0.508865	 0.154114	 0.858078	 7
1462501412.189	 1	 -0.503616	 0.176727	 0.869080	 7
1462501412.199	 1	 -0.482971	 0.197495	 0.878738	 7
1462501412.209	 1	 -0.442261	 0.241974	 0.872116	 7
1462501412.219	 1	 -0.382370	 0.297623	 0.856003	 7
1462501412.229	 1	 -0.331848	 0.370544	 0.826584	 7
1462501412.239	 1	 -0.271622	 0.432419	 0.747543	 7
1462501412.249	 1	 -0.201172	 0.496353	 0.676559	 7
1462501412.259	 1	 -0.155334	 0.564148	 0.595703	 7
1462501412.269	 1	 -0.116714	 0.578644	 0.559357	 7
1462501412.279	 1	 -0.090302	 0.597229	 0.559555	 7
1462501412.289	 1	 -0.065338	 0.612610	 0.558731	 7
1462501412.299	 1	 -0.038467	 0.612396	 0.575165	 7
1462501412.309	 1	 -0.010223	 0.608505	 0.604294	 7
1462501412.319	 1	 0.013290	 0.598587	 0.608643	 7
1462501412.329	 1	 0.023849	 0.597321	 0.596649	 7
1462501412.339	 1	 0.052216	 0.616638	 0.573456	 7
1462501412.349	 1	 0.095123	 0.636276	 0.533463	 7
1462501412.359	 1	 0.122681	 0.667664	 0.497330	 7
1462501412.369	 1	 0.154404	 0.698334	 0.453369	 7
1462501412.379	 1	 0.169022	 0.744751	 0.408218	 7
1462501412.389	 1	 0.177353	 0.782562	 0.364288	 7
1462501412.399	 1	 0.189911	 0.808334	 0.323547	 7
1462501412.409	 1	 0.197510	 0.861404	 0.249039	 7
1462501412.419	 1	 0.196609	 0.879562	 0.194183	 7
1462501412.429	 1	 0.188690	 0.900833	 0.154510	 7
1462501412.439	 1	 0.166092	 0.908920	 0.149292	 7
1462501412.449	 1	 0.147995	 0.904022	 0.139923	 7
1462501412.459	 1	 0.155319	 0.927109	 0.128113	 7
1462501412.469	 1	 0.160172	 0.937088	 0.140625	 7
1462501412.479	 1	 0.168274	 0.943207	 0.168091	 7
1462501412.489	 1	 0.182892	 0.952072	 0.152954	 7
1462501412.499	 1	 0.199326	 0.983337	 0.113754	 7
1462501412.509	 1	 0.218079	 1.018082	 0.052872	 7
1462501412.519	 1	 0.227142	 1.070343	 -0.031708	 7
1462501412.529	 1	 0.247192	 1.156235	 -0.095459	 7
1462501412.539	 1	 0.251328	 1.183487	 -0.093323	 7
1462501412.549	 1	 0.248154	 1.175278	 -0.051956	 7
1462501412.559	 1	 0.231964	 1.169540	 -0.028305	 7
1462501412.569	 1	 0.221207	 1.143982	 -0.015320	 7
1462501412.579	 1	 0.222610	 1.138687	 -0.012909	 7
1462501412.589	 1	 0.253967	 1.131775	 -0.023941	 7
1462501412.599	 1	 0.283493	 1.121750	 -0.043549	 7
1462501412.609	 1	 0.314362	 1.128326	 -0.090302	 7
1462501412.619	 1	 0.341293	 1.139328	 -0.128891	 7
1462501412.629	 1	 0.351547	 1.129440	 -0.160309	 7
1462501412.639	 1	 0.350174	 1.118729	 -0.158539	 7
1462501412.649	 1	 0.357040	 1.106918	 -0.148590	 7
1462501412.659	 1	 0.361694	 1.118729	 -0.127472	 7
1462501412.669	 1	 0.361099	 1.112854	 -0.107376	 7
1462501412.679	 1	 0.364487	 1.111954	 -0.097702	 7
1462501412.689	 1	 0.371017	 1.107544	 -0.084961	 7
1462501412.699	 1	 0.375366	 1.089310	 -0.099060	 7
1462501412.709	 1	 0.365585	 1.057556	 -0.104538	 7
1462501412.719	 1	 0.366898	 1.029358	 -0.103439	 7
1462501412.729	 1	 0.368011	 0.998672	 -0.081055	 7
1462501412.739	 1	 0.410782	 0.973495	 -0.043716	 7
1462501412.749	 1	 0.430038	 0.986496	 -0.068573	 7
1462501412.759	 1	 0.448822	 0.981323	 -0.087509	 7
1462501412.769	 1	 0.449570	 0.964310	 -0.089813	 7
1462501412.779	 1	 0.435989	 0.938278	 -0.098831	 7
1462501412.789	 1	 0.450745	 0.911377	 -0.102692	 7
1462501412.799	 1	 0.439072	 0.869125	 -0.109360	 7
1462501412.809	 1	 0.438934	 0.834534	 -0.098587	 7
1462501412.819	 1	 0.441299	 0.828079	 -0.091415	 7
1462501412.829	 1	 0.438019	 0.834854	 -0.113068	 7
1462501412.839	 1	 0.412643	 0.839462	 -0.126923	 7
1462501412.849	 1	 0.381271	 0.843521	 -0.141693	 7
1462501412.859	 1	 0.383652	 0.858551	 -0.149963	 7
1462501412.869	 1	 0.396713	 0.869476	 -0.166916	 7
1462501412.879	 1	 0.387970	 0.886490	 -0.178726	 7
1462501412.889	 1	 0.367172	 0.890778	 -0.172424	 7
1462501412.899	 1	 0.332672	 0.886063	 -0.176514	 7
1462501412.909	 1	 0.304489	 0.926071	 -0.185089	 7
1462501412.919	 1	 0.306610	 0.954941	 -0.182480	 7
1462501412.929	 1	 0.320801	 0.952850	 -0.185287	 7
1462501412.939	 1	 0.324081	 0.926605	 -0.154327	 7
1462501412.949	 1	 0.313843	 0.894073	 -0.128616	 7
1462501412.959	 1	 0.322205	 0.855179	 -0.107193	 7
1462501412.969	 1	 0.327560	 0.796692	 -0.078491	 7
1462501412.979	 1	 0.295471	 0.786438	 -0.073685	 7
1462501412.989	 1	 0.318237	 0.784729	 -0.039688	 7
1462501412.999	 1	 0.344162	 0.795593	 -0.010925	 7
1462501413.009	 1	 0.352951	 0.771484	 0.041702	 7
1462501413.019	 1	 0.439804	 0.973175	 -0.057571	 7
1462501413.029	 1	 0.539749	 0.995163	 -0.048721	 7
1462501413.039	 1	 0.556976	 0.909592	 -0.030502	 7
1462501413.049	 1	 0.563278	 0.918747	 -0.051834	 7
1462501413.059	 1	 0.566650	 0.885330	 -0.029541	 7
1462501413.069	 1	 0.566513	 0.814178	 0.035339	 7
1462501413.079	 1	 0.538605	 0.812317	 0.098480	 7
1462501413.089	 1	 0.526825	 0.868530	 0.093048	 7
1462501413.109	 1	 0.457489	 0.963760	 0.089966	 7
1462501413.119	 1	 0.453384	 1.019577	 0.036865	 7
1462501413.099	 1	 0.484512	 0.884293	 0.120361	 7
1462501413.129	 1	 0.440643	 0.992096	 0.055496	 7
1462501413.149	 1	 0.405777	 0.884308	 -0.012741	 7
1462501413.139	 1	 0.474716	 1.079102	 0.028854	 7
1462501413.159	 1	 0.383301	 0.971512	 0.026459	 7
1462501413.169	 1	 0.354019	 1.003113	 0.015076	 7
1462501413.179	 1	 0.312668	 0.966187	 0.040512	 7
1462501413.189	 1	 0.284882	 0.913101	 0.075928	 7
1462501413.199	 1	 0.233459	 0.930725	 0.113876	 7
1462501413.209	 1	 0.211975	 0.937820	 0.155899	 7
1462501413.219	 1	 0.168747	 0.965942	 0.196350	 7
1462501413.229	 1	 0.175735	 1.042969	 0.186661	 7
1462501413.249	 2	 0.282883	 1.169418	 0.072464	 7
1462501413.259	 2	 0.269882	 1.265915	 0.083435	 7
1462501413.269	 2	 0.321701	 1.198212	 0.010635	 7
1462501413.279	 2	 0.319992	 1.075516	 -0.031860	 7
1462501413.289	 2	 0.271179	 1.070236	 0.001602	 7
1462501413.299	 2	 0.313583	 0.961807	 0.051743	 7
1462501413.309	 2	 0.238129	 0.873901	 0.115784	 7
1462501413.319	 2	 0.181793	 0.907715	 0.164246	 7
1462501413.329	 2	 0.173279	 0.948013	 0.206238	 7
1462501413.339	 2	 0.179047	 0.962784	 0.195343	 7
1462501413.349	 2	 0.182861	 0.978638	 0.198242	 7
1462501413.359	 2	 0.227768	 1.040985	 0.198380	 7
1462501413.369	 2	 0.273209	 1.064804	 0.197433	 7
1462501413.379	 2	 0.284286	 1.062058	 0.203415	 7
1462501413.389	 2	 0.280930	 1.048523	 0.195877	 7
1462501413.399	 2	 0.266754	 1.021225	 0.186493	 7
1462501413.409	 2	 0.233597	 1.009613	 0.182022	 7
1462501413.419	 2	 0.204178	 0.993896	 0.184082	 7
1462501413.429	 2	 0.180084	 0.967895	 0.176498	 7
1462501413.439	 2	 0.183182	 0.931793	 0.152008	 7
1462501413.449	 2	 0.168411	 0.953369	 0.133713	 7
1462501413.459	 2	 0.162277	 1.001343	 0.142395	 7
1462501413.469	 2	 0.147736	 1.037628	 0.149506	 7
1462501413.479	 2	 0.142487	 1.068436	 0.162979	 7
1462501413.489	 2	 0.148148	 1.062592	 0.161240	 7
1462501413.499	 2	 0.150330	 1.034958	 0.171646	 7
1462501413.509	 2	 0.151001	 1.004730	 0.188156	 7
1462501413.519	 2	 0.154572	 0.982178	 0.202164	 7
1462501413.529	 2	 0.145157	 0.979294	 0.208817	 7
1462501413.539	 2	 0.137894	 1.001785	 0.212479	 7
1462501413.549	 2	 0.142014	 1.033264	 0.210648	 7
1462501413.559	 2	 0.153442	 1.034851	 0.199219	 7
1462501413.569	 2	 0.142609	 1.055328	 0.203171	 7
1462501413.579	 2	 0.140549	 1.055847	 0.203262	 7
1462501413.589	 2	 0.138000	 1.047913	 0.204544	 7
1462501413.599	 2	 0.166916	 1.060318	 0.215103	 7
1462501413.609	 2	 0.172791	 1.062912	 0.220978	 7
1462501413.619	 2	 0.174423	 1.075348	 0.215363	 7
1462501413.629	 2	 0.165833	 1.086060	 0.207870	 7
1462501413.639	 2	 0.159424	 1.086151	 0.181549	 7
1462501413.649	 2	 0.139420	 1.059235	 0.157379	 7
1462501413.659	 2	 0.114700	 1.034424	 0.148987	 7
1462501413.669	 2	 0.092636	 1.037811	 0.145340	 7
1462501413.679	 3	 0.071625	 1.067078	 0.160324	 7
1462501413.699	 3	 0.055527	 1.142410	 0.189163	 7
1462501413.709	 3	 0.075592	 1.085815	 0.198181	 7
1462501413.719	 3	 0.082596	 1.080154	 0.208374	 7
1462501413.729	 3	 0.071091	 1.107788	 0.225555	 7
1462501413.739	 3	 0.081848	 1.107895	 0.236298	 7
1462501413.749	 3	 0.087540	 1.097427	 0.230057	 7
1462501413.759	 3	 0.082123	 1.085159	 0.230148	 7
1462501413.769	 3	 0.066818	 1.074081	 0.221008	 7
1462501413.779	 3	 0.067230	 1.062408	 0.196487	 7
1462501413.789	 3	 0.076584	 1.053421	 0.177231	 7
1462501413.799	 3	 0.076309	 1.041367	 0.165436	 7
1462501413.809	 3	 0.076721	 1.038940	 0.160095	 7
1462501413.819	 3	 0.078064	 1.041245	 0.165619	 7
1462501413.829	 3	 0.074722	 1.052292	 0.173813	 7
1462501413.839	 3	 0.077011	 1.050720	 0.179810	 7
1462501413.849	 3	 0.086639	 1.045670	 0.186646	 7
1462501413.859	 3	 0.094376	 1.034180	 0.191605	 7
1462501413.869	 3	 0.099350	 1.019699	 0.188171	 7
1462501413.879	 3	 0.101822	 1.009048	 0.180328	 7
1462501413.889	 3	 0.100922	 1.002258	 0.173431	 7
1462501413.899	 3	 0.098602	 0.994720	 0.173767	 7
1462501413.909	 3	 0.094788	 0.988754	 0.176804	 7
1462501413.919	 3	 0.083267	 0.986771	 0.181229	 7
1462501413.929	 3	 0.077820	 0.981125	 0.189209	 7
1462501413.939	 3	 0.079987	 0.984665	 0.192017	 7
1462501413.949	 3	 0.075394	 0.991119	 0.185593	 7
1462501413.959	 3	 0.078751	 0.994690	 0.176971	 7
1462501413.969	 3	 0.084579	 0.994919	 0.164291	 7
1462501413.979	 3	 0.094559	 0.996536	 0.152847	 7
1462501413.989	 3	 0.096115	 0.992966	 0.142441	 7
1462501413.999	 3	 0.092758	 0.988327	 0.139389	 7
1462501414.009	 3	 0.090515	 0.987946	 0.142273	 7
1462501414.019	 3	 0.082153	 0.993896	 0.151718	 7
1462501414.029	 3	 0.080170	 0.991791	 0.163467	 7
1462501414.039	 3	 0.080597	 0.994919	 0.173767	 7
1462501414.049	 3	 0.083862	 0.997650	 0.179947	 7
1462501414.059	 3	 0.084259	 0.995529	 0.179611	 7
1462501414.069	 3	 0.086563	 1.000275	 0.175537	 7
1462501414.079	 3	 0.074356	 1.001114	 0.172134	 7
1462501414.089	 3	 0.068024	 0.996079	 0.168182	 7
1462501414.099	 3	 0.070374	 0.991638	 0.171524	 7
1462501414.109	 3	 0.076492	 0.993744	 0.177734	 7
1462501414.119	 3	 0.083511	 1.002487	 0.183258	 7
1462501414.129	 3	 0.085068	 1.012939	 0.190979	 7
1462501414.139	 3	 0.090851	 1.020279	 0.196747	 7
1462501414.149	 3	 0.091949	 1.020767	 0.201080	 7
1462501414.159	 3	 0.082672	 1.023727	 0.202698	 7
1462501414.169	 3	 0.070511	 1.014771	 0.209183	 7
1462501414.179	 3	 0.060745	 1.007736	 0.213730	 7
1462501414.189	 3	 0.056549	 1.007385	 0.221954	 7
1462501414.199	 3	 0.059509	 1.013992	 0.216248	 7
1462501414.209	 3	 0.068680	 1.023865	 0.210663	 7
1462501414.219	 3	 0.071518	 1.018661	 0.205795	 7
1462501414.229	 3	 0.072891	 1.017288	 0.199799	 7
1462501414.249	 4	 0.067276	 1.019104	 0.197098	 7
1462501414.259	 4	 0.061050	 1.018402	 0.194458	 7
1462501414.269	 4	 0.052353	 1.013504	 0.190506	 7
1462501414.279	 4	 0.047195	 1.010193	 0.185654	 7
1462501414.289	 4	 0.045471	 1.007385	 0.180985	 7
1462501414.300	 4	 0.046799	 1.010834	 0.179108	 7
1462501414.309	 4	 0.050812	 1.011475	 0.184021	 7
1462501414.319	 4	 0.057190	 1.009857	 0.187546	 7
1462501414.329	 4	 0.067337	 1.011993	 0.189651	 7
1462501414.339	 4	 0.076889	 1.011078	 0.189087	 7
1462501414.349	 4	 0.080109	 1.010651	 0.184998	 7
1462501414.359	 4	 0.082108	 1.004456	 0.175644	 7
1462501414.369	 4	 0.079956	 1.001633	 0.165665	 7
1462501414.379	 4	 0.072403	 1.000229	 0.162979	 7
1462501414.390	 4	 0.058044	 1.005905	 0.166931	 7
1462501414.400	 5	 0.053650	 1.005081	 0.173874	 7
1462501414.420	 5	 0.057144	 0.991119	 0.188873	 7
1462501414.430	 5	 0.057953	 0.986618	 0.198029	 7
1462501414.440	 5	 0.065933	 0.986374	 0.198761	 7
1462501414.450	 5	 0.066025	 0.991119	 0.191345	 7
1462501414.460	 5	 0.064453	 0.996323	 0.185883	 7
1462501414.470	 5	 0.057510	 0.997086	 0.179535	 7
1462501414.480	 5	 0.050629	 0.997284	 0.174637	 7
1462501414.490	 5	 0.050522	 0.995316	 0.173767	 7
1462501414.500	 5	 0.051041	 0.995834	 0.177750	 7
1462501414.510	 5	 0.052139	 0.998871	 0.186798	 7
1462501414.520	 5	 0.064423	 0.995194	 0.190094	 7
1462501414.530	 5	 0.068329	 1.002228	 0.190445	 7
1462501414.540	 5	 0.065369	 1.008713	 0.188156	 7
1462501414.550	 5	 0.061249	 1.013626	 0.185349	 7
1462501414.560	 5	 0.050903	 1.006577	 0.187805	 7
1462501414.570	 5	 0.044083	 1.004120	 0.189560	 7
1462501414.580	 5	 0.041321	 1.007812	 0.192276	 7
1462501414.590	 5	 0.046860	 1.009338	 0.201065	 7
1462501414.600	 5	 0.055527	 1.007416	 0.201767	 7
1462501414.610	 5	 0.061401	 1.012955	 0.202271	 7
1462501414.620	 5	 0.062988	 1.009735	 0.193298	 7
1462501414.630	 5	 0.062790	 1.006180	 0.190872	 7
1462501414.640	 5	 0.060944	 1.007584	 0.186676	 7
1462501414.650	 5	 0.058136	 1.009506	 0.183914	 7
1462501414.660	 5	 0.056671	 1.010986	 0.183990	 7
1462501414.670	 5	 0.056076	 1.008560	 0.189270	 7
1462501414.680	 5	 0.056290	 1.011215	 0.194977	 7
1462501414.690	 5	 0.059296	 1.009750	 0.199493	 7
1462501414.700	 5	 0.062271	 1.008759	 0.206635	 7
1462501414.710	 5	 0.065552	 1.013123	 0.207336	 7
1462501414.720	 5	 0.070709	 1.015518	 0.203552	 7
1462501414.730	 5	 0.065857	 1.008148	 0.191269	 7
1462501414.740	 5	 0.057800	 1.008011	 0.181015	 7
1462501414.750	 5	 0.052826	 1.011536	 0.174103	 7
1462501414.760	 5	 0.053848	 1.010437	 0.164871	 7
1462501414.770	 5	 0.058731	 1.011414	 0.163345	 7
1462501414.780	 5	 0.056259	 1.018326	 0.159348	 7
1462501414.790	 5	 0.054565	 1.021729	 0.151733	 7
1462501414.800	 5	 0.047073	 1.012268	 0.152145	 7
1462501414.810	 5	 0.048050	 1.013870	 0.155960	 7
1462501414.820	 5	 0.051575	 1.012650	 0.162994	 7
1462501414.830	 5	 0.056747	 1.018219	 0.173615	 7
1462501414.840	 5	 0.064346	 1.022842	 0.186188	 7
1462501414.850	 5	 0.073456	 1.024475	 0.191162	 7
1462501414.860	 5	 0.079422	 1.022308	 0.194778	 7
1462501414.870	 5	 0.077347	 1.021240	 0.191910	 7
1462501414.880	 5	 0.072495	 1.017044	 0.188416	 7
1462501414.890	 5	 0.072433	 1.010162	 0.181870	 7
1462501414.900	 5	 0.065720	 1.004807	 0.182098	 7
1462501414.910	 5	 0.061920	 1.002747	 0.183060	 7
1462501414.920	 5	 0.057144	 1.003326	 0.182907	 7
1462501414.930	 5	 0.058640	 1.002090	 0.180985	 7
1462501414.940	 5	 0.061523	 1.002136	 0.179138	 7
1462501414.950	 5	 0.065109	 1.005569	 0.179108	 7
1462501414.960	 5	 0.060333	 1.012909	 0.181534	 7
1462501414.970	 5	 0.055084	 1.010254	 0.180695	 7
1462501414.980	 5	 0.049301	 1.010254	 0.186920	 7
1462501414.990	 5	 0.048843	 1.012329	 0.186035	 7
1462501415.000	 5	 0.049133	 1.011276	 0.186737	 7
1462501415.010	 5	 0.048584	 1.008682	 0.181473	 7
1462501415.020	 5	 0.048996	 1.010452	 0.177536	 7
1462501415.030	 5	 0.045883	 1.011581	 0.173157	 7
1462501415.040	 5	 0.042160	 1.012360	 0.170486	 7
1462501415.050	 5	 0.042786	 1.013001	 0.164291	 7
1462501415.060	 5	 0.040268	 1.013794	 0.160492	 7
1462501415.070	 5	 0.034958	 1.018417	 0.157944	 7
1462501415.080	 5	 0.028809	 1.023697	 0.159119	 7
1462501415.090	 5	 0.028931	 1.024826	 0.164291	 7
1462501415.100	 5	 0.031036	 1.027008	 0.170715	 7
1462501415.110	 5	 0.033875	 1.024124	 0.177811	 7
1462501415.120	 5	 0.039948	 1.017349	 0.181274	 7
1462501415.130	 5	 0.045227	 1.014847	 0.182159	 7
1462501415.140	 5	 0.047714	 1.013535	 0.180542	 7
1462501415.150	 5	 0.048035	 1.009308	 0.180374	 7
1462501415.160	 5	 0.044556	 1.008362	 0.181931	 7
1462501415.170	 5	 0.042847	 1.004593	 0.181778	 7
1462501415.180	 5	 0.040878	 1.006943	 0.184891	 7
1462501415.190	 5	 0.040146	 1.010437	 0.181290	 7
1462501415.200	 5	 0.042145	 1.010025	 0.181274	 7
1462501415.210	 5	 0.046539	 1.009628	 0.176514	 7
1462501415.220	 5	 0.045212	 1.010529	 0.169037	 7
1462501415.230	 5	 0.038574	 1.006378	 0.161850	 7
1462501415.240	 5	 0.031250	 1.007690	 0.162216	 7
1462501415.250	 5	 0.026855	 1.008896	 0.166946	 7
1462501415.260	 5	 0.025009	 1.012436	 0.172089	 7
1462501415.270	 5	 0.030060	 1.015350	 0.180984	 7
1462501415.280	 5	 0.035492	 1.018509	 0.181259	 7
1462501415.290	 5	 0.044403	 1.009888	 0.175720	 7
1462501415.300	 5	 0.046295	 1.006195	 0.168472	 7
1462501415.310	 5	 0.046204	 1.008163	 0.164841	 7
1462501415.320	 5	 0.042923	 1.013321	 0.161652	 7
1462501415.330	 5	 0.044617	 1.015472	 0.156799	 7
1462501415.340	 5	 0.042938	 1.017853	 0.162186	 7
1462501415.350	 5	 0.042130	 1.015518	 0.164154	 7
1462501415.360	 5	 0.042923	 1.014160	 0.168671	 7
1462501415.370	 5	 0.038223	 1.009216	 0.169098	 7
1462501415.380	 5	 0.036270	 1.003998	 0.171188	 7
1462501415.390	 5	 0.035782	 1.007721	 0.175095	 7
1462501415.400	 5	 0.034470	 1.005310	 0.175262	 7
1462501415.410	 5	 0.035034	 1.004379	 0.180573	 7
1462501415.420	 5	 0.038666	 1.007523	 0.182892	 7
1462501415.430	 5	 0.042908	 1.009766	 0.182556	 7
1462501415.440	 5	 0.048721	 1.008102	 0.178436	 7
1462501415.450	 5	 0.049545	 1.003677	 0.173096	 7
1462501415.460	 5	 0.047516	 1.001007	 0.168030	 7
1462501415.470	 5	 0.044678	 1.001450	 0.171127	 7
1462501415.480	 5	 0.039017	 0.997894	 0.175797	 7
1462501415.490	 5	 0.043289	 0.995254	 0.180511	 7
1462501415.500	 5	 0.045380	 0.996078	 0.184204	 7
1462501415.510	 5	 0.046799	 1.001236	 0.189087	 7
1462501415.520	 5	 0.048401	 0.998230	 0.189087	 7
1462501415.530	 5	 0.050049	 0.992737	 0.188385	 7
1462501415.540	 5	 0.047302	 0.996338	 0.190262	 7
1462501415.550	 5	 0.046906	 1.001602	 0.190155	 7
1462501415.560	 5	 0.044662	 1.005539	 0.191330	 7
1462501415.570	 5	 0.043259	 1.011261	 0.185501	 7
1462501415.580	 5	 0.041382	 1.015839	 0.180099	 7
1462501415.590	 5	 0.040558	 1.017197	 0.173615	 7
1462501415.600	 5	 0.039383	 1.016418	 0.166336	 7
1462501415.610	 5	 0.035416	 1.016541	 0.162933	 7
1462501415.620	 5	 0.034988	 1.016541	 0.166458	 7
1462501415.630	 5	 0.035995	 1.013840	 0.172974	 7
1462501415.640	 5	 0.037903	 1.012924	 0.183548	 7
1462501415.650	 5	 0.040466	 1.019684	 0.190750	 7
1462501415.660	 5	 0.044220	 1.020599	 0.185730	 7
1462501415.670	 5	 0.045578	 1.020660	 0.183517	 7
1462501415.680	 5	 0.045242	 1.018738	 0.178543	 7
1462501415.690	 5	 0.043213	 1.017059	 0.174988	 7
1462501415.700	 5	 0.043365	 1.014267	 0.167816	 7
1462501415.710	 5	 0.041290	 1.013031	 0.167938	 7
1462501415.720	 5	 0.040909	 1.012955	 0.170242	 7
1462501415.730	 5	 0.045074	 1.012207	 0.170135	 7
1462501415.740	 5	 0.048492	 1.014130	 0.173889	 7
1462501415.750	 5	 0.053375	 1.013550	 0.176254	 7
1462501415.760	 5	 0.057327	 1.012329	 0.179749	 7
1462501415.770	 5	 0.057816	 1.012924	 0.179626	 7
1462501415.780	 5	 0.055725	 1.007507	 0.175339	 7
1462501415.790	 5	 0.052032	 1.002884	 0.173019	 7
1462501415.800	 5	 0.046982	 0.998520	 0.167847	 7
1462501415.810	 5	 0.044266	 0.998184	 0.162689	 7
1462501415.820	 5	 0.040222	 1.000397	 0.158798	 7
1462501415.830	 5	 0.040390	 1.003906	 0.153122	 7
1462501415.840	 5	 0.041031	 1.006546	 0.155869	 7
1462501415.850	 5	 0.043564	 1.010376	 0.156067	 7
1462501415.860	 5	 0.044403	 1.015427	 0.156433	 7
1462501415.870	 5	 0.044922	 1.020477	 0.156967	 7
1462501415.880	 5	 0.037872	 1.018829	 0.156799	 7
1462501415.890	 5	 0.037079	 1.017715	 0.162369	 7
1462501415.900	 5	 0.036469	 1.015579	 0.168625	 7
1462501415.910	 5	 0.039581	 1.013229	 0.181549	 7
1462501415.920	 5	 0.042282	 1.016708	 0.190521	 7
1462501415.930	 5	 0.047699	 1.012192	 0.198303	 7
1462501415.940	 5	 0.052048	 1.014160	 0.202591	 7
1462501415.950	 5	 0.056931	 1.016647	 0.200851	 7
1462501415.960	 5	 0.055603	 1.015106	 0.193115	 7
1462501415.970	 5	 0.054474	 1.013596	 0.185944	 7
1462501415.980	 5	 0.048782	 1.015076	 0.178894	 7
1462501415.990	 5	 0.041794	 1.015320	 0.172638	 7
1462501416.000	 5	 0.035172	 1.016647	 0.172104	 7
1462501416.010	 5	 0.028152	 1.014526	 0.175461	 7
1462501416.020	 5	 0.032211	 1.008865	 0.184769	 7
1462501416.030	 5	 0.037354	 1.004944	 0.182709	 7
1462501416.040	 5	 0.042908	 1.005203	 0.184204	 7
1462501416.050	 5	 0.048721	 1.005692	 0.178696	 7
1462501416.060	 5	 0.052856	 1.008591	 0.173431	 7
1462501416.070	 5	 0.052551	 1.009583	 0.169022	 7
1462501416.080	 5	 0.043549	 1.014038	 0.173569	 7
1462501416.090	 5	 0.036148	 1.019669	 0.177887	 7
1462501416.100	 5	 0.034485	 1.013992	 0.186188	 7
1462501416.110	 5	 0.033752	 1.009354	 0.192947	 7
1462501416.120	 5	 0.037003	 1.005829	 0.199768	 7
1462501416.130	 5	 0.038132	 1.006607	 0.201370	 7
1462501416.140	 5	 0.040466	 1.006058	 0.204285	 7
1462501416.150	 5	 0.042496	 1.005539	 0.200607	 7
1462501416.160	 5	 0.041000	 1.011078	 0.198791	 7
1462501416.170	 5	 0.038971	 1.010849	 0.195419	 7
1462501416.180	 5	 0.040527	 1.009354	 0.194016	 7
1462501416.190	 5	 0.038193	 1.009064	 0.192368	 7
1462501416.200	 5	 0.036469	 1.009598	 0.189606	 7
1462501416.210	 5	 0.033630	 1.007462	 0.189255	 7
1462501416.220	 5	 0.032623	 1.008423	 0.184372	 7
1462501416.230	 5	 0.032532	 1.007156	 0.180588	 7
1462501416.240	 5	 0.033051	 1.007477	 0.179794	 7
1462501416.250	 5	 0.036972	 1.009003	 0.177689	 7
1462501416.260	 5	 0.039246	 1.011902	 0.174301	 7
1462501416.270	 5	 0.039673	 1.013748	 0.169846	 7
1462501416.280	 5	 0.037430	 1.013489	 0.166534	 7
1462501416.290	 5	 0.034821	 1.010086	 0.165710	 7
1462501416.300	 5	 0.031662	 1.005631	 0.168182	 7
1462501416.310	 5	 0.028610	 1.002258	 0.171539	 7
1462501416.320	 5	 0.028717	 0.998459	 0.174271	 7
1462501416.330	 5	 0.031158	 1.002258	 0.175461	 7
1462501416.340	 5	 0.036423	 1.005966	 0.176590	 7
1462501416.350	 5	 0.041504	 1.009323	 0.174835	 7
1462501416.360	 5	 0.045105	 1.013031	 0.174225	 7
1462501416.370	 5	 0.049255	 1.012543	 0.173492	 7
1462501416.380	 5	 0.049423	 1.012802	 0.174744	 7
1462501416.390	 5	 0.046646	 1.013977	 0.176804	 7
1462501416.400	 5	 0.042068	 1.014481	 0.184677	 7
1462501416.410	 5	 0.040741	 1.016190	 0.186920	 7
1462501416.420	 5	 0.040527	 1.014160	 0.186249	 7
1462501416.430	 5	 0.044083	 1.011810	 0.184036	 7
1462501416.440	 5	 0.048843	 1.011154	 0.176880	 7
1462501416.450	 5	 0.049957	 1.016205	 0.169907	 7
1462501416.460	 5	 0.051849	 1.022385	 0.167480	 7
1462501416.470	 5	 0.056412	 1.026001	 0.167419	 7
1462501416.480	 5	 0.058685	 1.024628	 0.165955	 7
1462501416.490	 5	 0.061920	 1.021027	 0.168640	 7
1462501416.500	 5	 0.060867	 1.016586	 0.169876	 7
1462501416.510	 5	 0.056458	 1.009079	 0.169632	 7
1462501416.520	 5	 0.051331	 1.009750	 0.174103	 7
1462501416.530	 5	 0.047852	 1.010468	 0.180206	 7
1462501416.540	 5	 0.045654	 1.010452	 0.179550	 7
1462501416.550	 5	 0.040756	 1.013733	 0.177521	 7
1462501416.560	 5	 0.036713	 1.012253	 0.172150	 7
1462501416.570	 5	 0.038666	 1.014633	 0.164734	 7
1462501416.580	 5	 0.036240	 1.017288	 0.161011	 7
1462501416.590	 5	 0.035919	 1.021042	 0.159760	 7
1462501416.600	 5	 0.034958	 1.021820	 0.155441	 7
1462501416.610	 5	 0.033829	 1.018875	 0.159210	 7
1462501416.620	 5	 0.031235	 1.019333	 0.166245	 7
1462501416.630	 5	 0.031128	 1.018845	 0.174988	 7
1462501416.640	 5	 0.036194	 1.015244	 0.183578	 7
1462501416.650	 5	 0.041214	 1.013306	 0.191803	 7
1462501416.660	 5	 0.044891	 1.014648	 0.195969	 7
1462501416.670	 5	 0.047256	 1.016464	 0.188843	 7
1462501416.680	 5	 0.047089	 1.014786	 0.184082	 7
1462501416.690	 5	 0.042923	 1.014481	 0.182373	 7
1462501416.700	 5	 0.040558	 1.011581	 0.179855	 7
1462501416.710	 5	 0.038925	 1.008621	 0.182571	 7
1462501416.720	 5	 0.042557	 1.009644	 0.181320	 7
1462501416.730	 5	 0.045349	 1.013336	 0.182526	 7
1462501416.740	 5	 0.044327	 1.012604	 0.180191	 7
1462501416.750	 5	 0.046280	 1.012451	 0.179672	 7
1462501416.760	 5	 0.044327	 1.013718	 0.177994	 7
1462501416.770	 5	 0.043457	 1.007965	 0.176422	 7
1462501416.780	 5	 0.044434	 1.004013	 0.177048	 7
1462501416.790	 5	 0.046677	 0.997086	 0.174301	 7
1462501416.800	 5	 0.050583	 0.996429	 0.169113	 7
1462501416.810	 5	 0.051163	 1.000214	 0.171906	 7
1462501416.820	 5	 0.048676	 1.003510	 0.167450	 7
1462501416.830	 5	 0.040985	 1.006958	 0.169800	 7
1462501416.840	 5	 0.038223	 1.004486	 0.166504	 7
1462501416.850	 5	 0.036545	 1.002045	 0.172943	 7
1462501416.860	 5	 0.041046	 1.003052	 0.179306	 7
1462501416.870	 5	 0.045334	 1.004044	 0.179688	 7
1462501416.880	 5	 0.046997	 1.004837	 0.184021	 7
1462501416.890	 5	 0.041763	 1.005875	 0.186676	 7
1462501416.900	 5	 0.036789	 1.008896	 0.187943	 7
1462501416.910	 5	 0.034958	 1.007690	 0.192383	 7
1462501416.920	 5	 0.032928	 1.008621	 0.195831	 7
1462501416.930	 5	 0.032516	 1.007141	 0.198807	 7
1462501416.940	 5	 0.036346	 1.006088	 0.201462	 7
1462501416.950	 5	 0.042953	 1.012176	 0.202362	 7
1462501416.960	 5	 0.049957	 1.019440	 0.198868	 7
1462501416.970	 5	 0.055008	 1.019974	 0.187775	 7
1462501416.980	 5	 0.054871	 1.020447	 0.178589	 7
1462501416.990	 5	 0.045212	 1.021072	 0.166992	 7
1462501417.000	 5	 0.036057	 1.015701	 0.170227	 7
1462501417.010	 5	 0.031158	 1.013931	 0.172043	 7
1462501417.020	 5	 0.031891	 1.019775	 0.178177	 7
1462501417.030	 5	 0.037033	 1.019775	 0.185104	 7
1462501417.040	 5	 0.043365	 1.019714	 0.186600	 7
1462501417.050	 5	 0.046768	 1.019028	 0.184570	 7
1462501417.060	 5	 0.047516	 1.016541	 0.181519	 7
1462501417.070	 5	 0.038208	 1.011124	 0.180618	 7
1462501417.080	 5	 0.038376	 1.007263	 0.178833	 7
1462501417.090	 5	 0.038849	 1.004745	 0.172928	 7
1462501417.100	 5	 0.039993	 1.010071	 0.171173	 7
1462501417.110	 5	 0.039673	 1.013626	 0.169189	 7
1462501417.120	 5	 0.040039	 1.014740	 0.167664	 7
1462501417.130	 5	 0.040146	 1.012177	 0.168488	 7
1462501417.140	 5	 0.038498	 1.009994	 0.173782	 7
1462501417.150	 5	 0.036865	 1.007355	 0.180817	 7
1462501417.160	 5	 0.041046	 1.004059	 0.184219	 7
1462501417.170	 5	 0.047638	 1.005447	 0.186279	 7
1462501417.180	 5	 0.049881	 1.006515	 0.181671	 7
1462501417.190	 5	 0.049530	 1.007996	 0.178711	 7
1462501417.200	 5	 0.044174	 1.008087	 0.169937	 7
1462501417.210	 5	 0.035858	 1.005936	 0.169067	 7
1462501417.220	 5	 0.033859	 1.010590	 0.177383	 7
1462501417.230	 5	 0.034363	 1.012421	 0.182510	 7
1462501417.240	 5	 0.039734	 1.012161	 0.187073	 7
1462501417.250	 5	 0.040558	 1.013062	 0.191986	 7
1462501417.260	 5	 0.035492	 1.014282	 0.193024	 7
1462501417.270	 5	 0.028168	 1.013779	 0.192505	 7
1462501417.280	 5	 0.025879	 1.009186	 0.191025	 7
1462501417.290	 5	 0.023972	 1.009735	 0.188309	 7
1462501417.300	 5	 0.026199	 1.008759	 0.182861	 7
1462501417.310	 5	 0.030350	 1.007736	 0.178284	 7
1462501417.320	 5	 0.034225	 1.013474	 0.171173	 7
1462501417.330	 5	 0.038742	 1.023972	 0.167801	 7
1462501417.340	 5	 0.043976	 1.024567	 0.162369	 7
1462501417.350	 5	 0.045685	 1.024734	 0.164612	 7
1462501417.360	 5	 0.044312	 1.022690	 0.172806	 7
1462501417.370	 5	 0.040924	 1.022034	 0.183411	 7
1462501417.380	 5	 0.044540	 1.016464	 0.192169	 7
1462501417.390	 5	 0.044327	 1.012863	 0.196945	 7
1462501417.400	 5	 0.045425	 1.011368	 0.198685	 7
1462501417.410	 5	 0.045441	 1.005966	 0.196106	 7
1462501417.420	 5	 0.045258	 1.003113	 0.187531	 7
1462501417.430	 5	 0.039215	 1.004913	 0.183670	 7
1462501417.440	 5	 0.038559	 1.004471	 0.175598	 7
1462501417.450	 5	 0.037888	 1.004242	 0.168030	 7
1462501417.460	 5	 0.039993	 1.005707	 0.170883	 7
1462501417.470	 5	 0.041931	 1.008392	 0.174881	 7
1462501417.480	 5	 0.047668	 1.010986	 0.175110	 7
1462501417.490	 5	 0.050034	 1.011887	 0.172440	 7
1462501417.500	 5	 0.043091	 1.012833	 0.171951	 7
1462501417.510	 5	 0.035538	 1.009964	 0.175720	 7
1462501417.520	 5	 0.034683	 1.006287	 0.177887	 7
1462501417.530	 5	 0.031708	 1.007553	 0.181534	 7
1462501417.540	 5	 0.035706	 1.005661	 0.189529	 7
1462501417.550	 5	 0.035385	 1.004578	 0.186539	 7
1462501417.560	 5	 0.034164	 1.006180	 0.188202	 7
1462501417.570	 5	 0.036285	 1.007751	 0.184082	 7
1462501417.580	 5	 0.036987	 1.011139	 0.180450	 7
1462501417.590	 5	 0.038345	 1.010605	 0.176453	 7
1462501417.600	 5	 0.033859	 1.012329	 0.175705	 7
1462501417.610	 5	 0.029541	 1.010239	 0.179214	 7
1462501417.620	 5	 0.024567	 1.007385	 0.181641	 7
1462501417.630	 5	 0.027405	 1.006744	 0.184219	 7
1462501417.640	 5	 0.033463	 1.011078	 0.185745	 7
1462501417.650	 5	 0.036453	 1.013763	 0.184601	 7
1462501417.660	 5	 0.033630	 1.017319	 0.184219	 7
1462501417.670	 5	 0.031433	 1.019012	 0.189301	 7
1462501417.680	 5	 0.027267	 1.017395	 0.189316	 7
1462501417.690	 5	 0.024170	 1.018463	 0.191940	 7
1462501417.700	 5	 0.025452	 1.012909	 0.194336	 7
1462501417.710	 5	 0.027634	 1.010620	 0.193237	 7
1462501417.720	 5	 0.031479	 1.011032	 0.189056	 7
1462501417.730	 5	 0.037170	 1.007599	 0.187653	 7
1462501417.740	 5	 0.041138	 1.008209	 0.181442	 7
1462501417.750	 5	 0.041000	 1.015671	 0.178802	 7
1462501417.760	 5	 0.038773	 1.018738	 0.176636	 7
1462501417.770	 5	 0.035782	 1.017166	 0.176926	 7
1462501417.780	 5	 0.031631	 1.013931	 0.176300	 7
1462501417.790	 5	 0.025711	 1.007950	 0.173492	 7
1462501417.800	 5	 0.022186	 1.006027	 0.172516	 7
1462501417.810	 5	 0.025864	 1.005920	 0.167709	 7
1462501417.820	 5	 0.026428	 1.007767	 0.164536	 7
1462501417.830	 5	 0.027969	 1.007584	 0.163483	 7
1462501417.840	 5	 0.029572	 1.007126	 0.159393	 7
1462501417.850	 5	 0.028992	 1.009033	 0.159454	 7
1462501417.860	 5	 0.028625	 1.009262	 0.157532	 7
1462501417.870	 5	 0.026215	 1.010040	 0.161545	 7
1462501417.880	 5	 0.023407	 1.015381	 0.165939	 7
1462501417.890	 5	 0.024078	 1.022568	 0.169235	 7
1462501417.900	 5	 0.028091	 1.024704	 0.176682	 7
1462501417.910	 5	 0.028275	 1.027023	 0.172531	 7
1462501417.920	 5	 0.027924	 1.027023	 0.176620	 7
1462501417.930	 5	 0.027985	 1.023514	 0.177414	 7
1462501417.940	 5	 0.027664	 1.020493	 0.179901	 7
1462501417.950	 5	 0.030258	 1.021469	 0.183975	 7
1462501417.960	 5	 0.036758	 1.022659	 0.184570	 7
1462501417.970	 5	 0.044800	 1.026413	 0.182739	 7
1462501417.980	 5	 0.046997	 1.028915	 0.183792	 7
1462501417.990	 5	 0.044739	 1.030594	 0.182480	 7
1462501418.000	 5	 0.037674	 1.036041	 0.176880	 7
1462501418.010	 5	 0.034332	 1.043060	 0.170441	 7
1462501418.020	 5	 0.026428	 1.043671	 0.172974	 7
1462501418.030	 5	 0.024796	 1.047287	 0.175934	 7
1462501418.040	 5	 0.021484	 1.071716	 0.180191	 7
1462501418.050	 5	 0.025253	 1.089401	 0.188248	 7
1462501418.060	 5	 0.037369	 1.093369	 0.190506	 7
1462501418.070	 5	 0.059586	 1.108566	 0.190323	 7
1462501418.080	 5	 0.070496	 1.112091	 0.196060	 7
1462501418.090	 5	 0.068008	 1.109863	 0.190323	 7
1462501418.100	 5	 0.042328	 1.146851	 0.174301	 7
1462501418.110	 5	 0.025177	 1.171310	 0.159622	 7
1462501418.120	 5	 0.009949	 1.178482	 0.146866	 7
1462501418.130	 5	 -0.024124	 1.168777	 0.144409	 7
1462501418.140	 5	 -0.064209	 1.157440	 0.129211	 7
1462501418.150	 5	 -0.086823	 1.166443	 0.140106	 7
1462501418.160	 5	 -0.112396	 1.172806	 0.163437	 7
1462501418.170	 5	 -0.108368	 1.176910	 0.184128	 7
1462501418.180	 5	 -0.090210	 1.188675	 0.196640	 7
1462501418.190	 5	 -0.049194	 1.209167	 0.204758	 7
1462501418.200	 5	 0.004288	 1.222916	 0.213272	 7
1462501418.210	 5	 0.031357	 1.229324	 0.197266	 7
1462501418.220	 5	 0.039932	 1.252167	 0.164551	 7
1462501418.230	 5	 0.074188	 1.253967	 0.131348	 7
1462501418.240	 5	 0.123001	 1.233398	 0.092407	 7
1462501418.250	 5	 0.135254	 1.223068	 0.054169	 7
1462501418.260	 5	 0.142075	 1.188141	 0.044022	 7
1462501418.270	 5	 0.144852	 1.160751	 0.049698	 7
1462501418.280	 5	 0.158752	 1.182129	 0.069550	 7
1462501418.290	 5	 0.156326	 1.209045	 0.052017	 7
1462501418.300	 5	 0.169571	 1.280853	 0.011581	 7
1462501418.310	 5	 0.173355	 1.369095	 -0.013840	 7
1462501418.320	 5	 0.164749	 1.422699	 -0.009415	 7
1462501418.330	 5	 0.186264	 1.446381	 -0.032913	 7
1462501418.340	 5	 0.198212	 1.433319	 -0.022125	 7
1462501418.350	 5	 0.194778	 1.439713	 0.002090	 7
1462501418.360	 5	 0.203613	 1.468933	 0.016006	 7
1462501418.370	 5	 0.175873	 1.515961	 0.036957	 7
1462501418.380	 5	 0.123474	 1.475449	 -0.006897	 7
1462501418.390	 5	 0.022934	 1.420517	 -0.095810	 7
1462501418.400	 5	 -0.064270	 1.306366	 -0.142548	 7
1462501418.410	 5	 -0.264404	 1.057785	 -0.333176	 7
1462501418.420	 5	 -0.170868	 0.910721	 -0.220825	 7
1462501418.430	 5	 -0.113754	 0.849030	 -0.105103	 7
1462501418.440	 5	 -0.128372	 0.937988	 -0.224655	 7
1462501418.450	 5	 -0.079453	 0.951324	 -0.266876	 7
1462501418.460	 5	 -0.018051	 0.913162	 -0.339935	 7
1462501418.470	 5	 0.035172	 0.918564	 -0.381897	 7
1462501418.480	 5	 0.096802	 0.929565	 -0.438583	 7
1462501418.490	 5	 0.173035	 0.907700	 -0.476212	 7
1462501418.500	 5	 0.237305	 0.876907	 -0.503128	 7
1462501418.510	 5	 0.286041	 0.840408	 -0.491730	 7
1462501418.520	 5	 0.310135	 0.725983	 -0.466171	 7
1462501418.530	 5	 0.331924	 0.691101	 -0.438995	 7
1462501418.540	 5	 0.319611	 0.685013	 -0.379700	 7
1462501418.550	 5	 0.311417	 0.661453	 -0.327011	 7
1462501418.560	 5	 0.313782	 0.636139	 -0.252930	 7
1462501418.570	 5	 0.317581	 0.612411	 -0.177811	 7
1462501418.580	 5	 0.326340	 0.589752	 -0.122864	 7
1462501418.590	 5	 0.318497	 0.566269	 -0.084976	 7
1462501418.600	 5	 0.309280	 0.564209	 -0.038803	 7
1462501418.610	 5	 0.293472	 0.568481	 0.016968	 7
1462501418.620	 5	 0.268585	 0.557327	 0.085388	 7
1462501418.630	 5	 0.200470	 0.552017	 0.157333	 7
1462501418.640	 5	 0.110535	 0.557617	 0.232925	 7
1462501418.650	 5	 0.006943	 0.543579	 0.295151	 7
1462501418.660	 5	 -0.126755	 0.583740	 0.364136	 7
1462501418.670	 5	 -0.269592	 0.627548	 0.410736	 7
1462501418.680	 5	 -0.408142	 0.634933	 0.440765	 7
1462501418.690	 5	 -0.557297	 0.641235	 0.487808	 7
1462501418.700	 5	 -0.735611	 0.673752	 0.464661	 7
1462501418.710	 5	 -0.868362	 0.691681	 0.459000	 7
1462501418.720	 5	 -0.986450	 0.615005	 0.416931	 7
1462501418.730	 5	 -1.067383	 0.501205	 0.305862	 7
1462501418.740	 5	 -1.122879	 0.417099	 0.186401	 7
1462501418.750	 5	 -1.172806	 0.308838	 0.067780	 7
1462501418.760	 5	 -1.192520	 0.212006	 -0.039383	 7
1462501418.770	 5	 -1.197403	 0.132156	 -0.095810	 7
1462501418.780	 5	 -1.188217	 0.121628	 -0.125168	 7
1462501418.790	 5	 -1.151428	 0.135010	 -0.195923	 7
1462501418.800	 5	 -1.130295	 0.131531	 -0.255417	 7
1462501418.810	 5	 -1.084198	 0.135971	 -0.320511	 7
1462501418.820	 5	 -0.997467	 0.105804	 -0.391037	 7
1462501418.830	 5	 -0.909531	 0.045288	 -0.484756	 7
1462501418.840	 5	 -0.804916	 -0.079041	 -0.651672	 7
1462501418.850	 5	 -0.833252	 -0.101730	 -0.770966	 7
1462501418.860	 5	 -0.793366	 -0.024048	 -0.874817	 7
1462501418.870	 5	 -0.765945	 0.012589	 -0.929977	 7
1462501418.880	 5	 -0.768524	 0.025848	 -1.015289	 7
1462501418.890	 5	 -0.767487	 0.034180	 -1.076141	 7
1462501418.900	 5	 -0.743759	 0.020813	 -1.099564	 7
1462501418.910	 5	 -0.695923	 -0.002472	 -1.075607	 7
1462501418.920	 5	 -0.651871	 -0.049210	 -1.062180	 7
1462501418.940	 6	 -0.575958	 -0.130997	 -0.958908	 7
1462501418.950	 6	 -0.554657	 -0.139999	 -0.905548	 7
1462501418.960	 6	 -0.524017	 -0.138565	 -0.873978	 7
1462501418.970	 6	 -0.482407	 -0.114792	 -0.849304	 7
1462501418.980	 6	 -0.446518	 -0.099091	 -0.830017	 7
1462501418.990	 6	 -0.457245	 -0.106583	 -0.863144	 7
1462501419.000	 6	 -0.449982	 -0.105988	 -0.915359	 7
1462501419.010	 7	 -0.414139	 -0.048508	 -0.944290	 7
1462501419.030	 7	 -0.358978	 0.014160	 -0.906265	 7
1462501419.040	 7	 -0.363785	 0.026886	 -0.927597	 7
1462501419.050	 7	 -0.369873	 0.021896	 -0.970017	 7
1462501419.060	 7	 -0.350433	 0.015320	 -1.016571	 7
1462501419.070	 8	 -0.303711	 0.010178	 -1.032303	 7
1462501419.090	 8	 -0.265198	 -0.000748	 -0.987900	 7
1462501419.100	 8	 -0.263596	 -0.005661	 -0.964142	 7
1462501419.110	 8	 -0.259033	 -0.013824	 -0.950348	 7
1462501419.120	 8	 -0.264160	 -0.011993	 -0.940475	 7
1462501419.130	 8	 -0.255173	 -0.010773	 -0.925049	 7
1462501419.140	 8	 -0.233856	 -0.018814	 -0.917953	 7
1462501419.150	 8	 -0.254333	 -0.012955	 -0.930573	 7
1462501419.160	 8	 -0.263977	 -0.013992	 -0.945480	 7
1462501419.170	 8	 -0.252136	 -0.017670	 -0.947861	 7
1462501419.180	 8	 -0.240067	 -0.020081	 -0.933578	 7
1462501419.200	 9	 -0.296906	 -0.016769	 -0.972397	 7
1462501419.210	 9	 -0.324646	 -0.028656	 -0.974869	 7
1462501419.220	 9	 -0.318970	 -0.006165	 -0.959045	 7
1462501419.230	 9	 -0.278061	 -0.008392	 -1.065109	 7
1462501419.240	 9	 -0.269897	 -0.026306	 -1.026184	 7
1462501419.250	 9	 -0.292862	 -0.002274	 -1.014175	 7
1462501419.260	 9	 -0.313889	 -0.000580	 -1.010315	 7
1462501419.270	 9	 -0.327057	 -0.003662	 -1.013565	 7
1462501419.280	 9	 -0.343918	 -0.010895	 -1.034164	 7
1462501419.290	 9	 -0.362244	 -0.012970	 -1.052414	 7
