% Accelerometer data recorded with 'snsrlog'
% 
% Sampling frequency: 100 Hz
% 
% Label description:
% 	 0: Default Label
% 	 1: still_drop
% 	 2: walk_drop
% 	 3: other
% 	 4: dtw_same
% 	 5: dtw_diff
% 	 6: delete
% 
% Column description:
% 	 1: Seconds.milliseconds since 1970
% 	 2: Number of skipped measurements
% 	 3: Acceleration value in x-direction
% 	 4: Acceleration value in y-direction
% 	 5: Acceleration value in z-direction
% 	 6: Label used for the current sample
% 
% 
1462074562.786	 0	 -0.019409	 -0.543640	 -0.824356	 2
1462074562.796	 0	 -0.024689	 -0.587280	 -0.885910	 2
1462074562.806	 0	 -0.005646	 -0.631470	 -0.914261	 2
1462074562.816	 0	 0.014679	 -0.496490	 -0.924728	 2
1462074562.826	 0	 0.039383	 -0.360931	 -0.936310	 2
1462074562.836	 0	 0.054077	 -0.350769	 -0.957245	 2
1462074562.846	 0	 0.074020	 -0.360077	 -0.980530	 2
1462074562.856	 0	 0.063263	 -0.325150	 -1.016479	 2
1462074562.866	 0	 0.120697	 -0.213242	 -0.996063	 2
1462074562.876	 0	 0.203018	 -0.172043	 -0.888733	 2
1462074562.886	 0	 0.209991	 -0.093857	 -1.011032	 2
1462074562.896	 0	 0.201706	 -0.037689	 -1.240463	 2
1462074562.906	 0	 0.219513	 0.005783	 -1.288162	 2
1462074562.916	 0	 0.222900	 0.101074	 -1.232956	 2
1462074562.926	 0	 0.257462	 0.154633	 -1.213684	 2
1462074562.936	 0	 0.251526	 0.191818	 -1.184036	 2
1462074562.946	 0	 0.218094	 0.185913	 -1.057098	 2
1462074562.956	 0	 0.197510	 0.176270	 -0.896912	 2
1462074562.966	 0	 0.191696	 0.171143	 -0.781464	 2
1462074562.976	 0	 0.161972	 0.116257	 -0.718338	 2
1462074562.986	 0	 0.213608	 0.101822	 -0.632126	 2
1462074562.996	 0	 0.277191	 0.104889	 -0.641083	 2
1462074563.006	 0	 0.355637	 0.106354	 -0.662567	 2
1462074563.016	 0	 0.425552	 0.134033	 -0.672012	 2
1462074563.026	 0	 0.478332	 0.195541	 -0.653748	 2
1462074563.036	 0	 0.484039	 0.241974	 -0.610352	 2
1462074563.046	 0	 0.497574	 0.276138	 -0.547913	 2
1462074563.056	 0	 0.495514	 0.312149	 -0.477310	 2
1462074563.066	 0	 0.532333	 0.334900	 -0.396545	 2
1462074563.076	 0	 0.626053	 0.303375	 -0.355331	 2
1462074563.086	 0	 0.697281	 0.316223	 -0.343887	 2
1462074563.096	 0	 0.740692	 0.380066	 -0.329041	 2
1462074563.106	 0	 0.782806	 0.403107	 -0.312698	 2
1462074563.116	 0	 0.861969	 0.411438	 -0.335800	 2
1462074563.126	 0	 0.889206	 0.438644	 -0.375473	 2
1462074563.136	 0	 0.895020	 0.492111	 -0.381317	 2
1462074563.146	 0	 0.889069	 0.525436	 -0.341324	 2
1462074563.156	 0	 0.875427	 0.512390	 -0.245239	 2
1462074563.166	 0	 0.829453	 0.499390	 -0.132217	 2
1462074563.176	 0	 0.786331	 0.582108	 -0.079895	 2
1462074563.186	 0	 0.917130	 0.597549	 -0.028168	 2
1462074563.196	 0	 0.983032	 0.481033	 -0.061707	 2
1462074563.206	 1	 1.048416	 0.471771	 -0.136810	 2
1462074563.226	 1	 1.221054	 0.677521	 -0.321548	 2
1462074563.236	 1	 1.181015	 0.742371	 -0.346954	 2
1462074563.246	 1	 1.121689	 0.695755	 -0.334778	 2
1462074563.256	 1	 1.129562	 0.730194	 -0.293671	 2
1462074563.266	 1	 1.145813	 0.741287	 -0.241013	 2
1462074563.276	 1	 1.168121	 0.754303	 -0.213348	 2
1462074563.286	 1	 1.227325	 0.799149	 -0.171448	 2
1462074563.296	 1	 1.310287	 0.847595	 -0.115311	 2
1462074563.306	 1	 1.376785	 0.881302	 -0.087631	 2
1462074563.316	 1	 1.425858	 0.901291	 -0.057922	 2
1462074563.326	 1	 1.467010	 0.940979	 -0.108627	 2
1462074563.336	 1	 1.487183	 0.945053	 -0.046326	 2
1462074563.346	 1	 1.481155	 0.940186	 -0.026459	 2
1462074563.356	 1	 1.476471	 0.893097	 -0.071167	 2
1462074563.366	 1	 1.493729	 0.843079	 -0.052643	 2
1462074563.376	 1	 1.523346	 0.788651	 -0.011383	 2
1462074563.386	 1	 1.541367	 0.717667	 0.009552	 2
1462074563.396	 1	 1.560379	 0.682816	 0.038300	 2
1462074563.406	 1	 1.570618	 0.660919	 0.051849	 2
1462074563.416	 1	 1.573975	 0.658905	 0.073685	 2
1462074563.426	 1	 1.528290	 0.654861	 0.074799	 2
1462074563.436	 1	 1.473419	 0.604584	 0.045135	 2
1462074563.446	 1	 1.423767	 0.517761	 0.044754	 2
1462074563.456	 1	 1.351547	 0.455673	 0.022446	 2
1462074563.466	 1	 1.271698	 0.361954	 0.017746	 2
1462074563.476	 1	 1.191040	 0.270569	 0.106140	 2
1462074563.486	 1	 1.111603	 0.293488	 0.105362	 2
1462074563.496	 1	 1.042099	 0.347382	 0.153610	 2
1462074563.506	 1	 0.995880	 0.395554	 0.190689	 2
1462074563.516	 1	 0.982727	 0.472366	 0.226379	 2
1462074563.526	 1	 0.995667	 0.596649	 0.245041	 2
1462074563.536	 1	 0.978897	 0.616119	 0.241379	 2
1462074563.546	 1	 1.005081	 0.600662	 0.244308	 2
1462074563.556	 1	 1.004150	 0.546555	 0.237366	 2
1462074563.566	 1	 1.021042	 0.479767	 0.233673	 2
1462074563.576	 1	 1.021805	 0.394424	 0.249283	 2
1462074563.586	 1	 0.955521	 0.444000	 0.240082	 2
1462074563.596	 1	 0.927322	 0.427658	 0.284836	 2
1462074563.606	 1	 0.901886	 0.334183	 0.260208	 2
1462074563.616	 1	 0.826035	 0.473892	 0.133179	 2
1462074563.626	 1	 0.819107	 0.415665	 0.044632	 2
1462074563.636	 1	 0.744247	 0.451111	 0.077621	 2
1462074563.646	 1	 0.578171	 0.439636	 0.181076	 2
1462074563.656	 1	 0.401535	 0.438248	 0.289658	 2
1462074563.666	 1	 0.353546	 0.383804	 0.343719	 2
1462074563.676	 1	 0.369324	 0.269485	 0.303970	 2
1462074563.686	 1	 0.455643	 0.097107	 0.196732	 2
1462074563.696	 1	 0.487885	 0.149384	 0.114517	 2
1462074563.706	 1	 0.414307	 0.283417	 0.040833	 2
1462074563.716	 1	 0.330383	 0.447678	 -0.013809	 2
1462074563.726	 1	 0.287155	 0.529266	 -0.088348	 2
1462074563.736	 1	 0.267120	 0.559097	 -0.113281	 2
1462074563.746	 1	 0.232437	 0.569305	 -0.114838	 2
1462074563.756	 1	 0.282013	 0.573532	 -0.059143	 2
1462074563.766	 1	 0.339264	 0.571533	 -0.008469	 2
1462074563.776	 1	 0.393127	 0.606201	 0.071869	 2
1462074563.786	 1	 0.472885	 0.519363	 0.166672	 2
1462074563.796	 1	 0.575500	 0.479858	 0.255341	 2
1462074563.806	 1	 0.762024	 0.424240	 0.356842	 2
1462074563.816	 1	 1.001709	 0.296997	 0.452087	 2
1462074563.826	 1	 1.196777	 0.119537	 0.493820	 2
1462074563.836	 1	 1.345764	 0.043457	 0.497711	 2
1462074563.846	 1	 1.456665	 0.018036	 0.549469	 2
1462074563.856	 1	 1.503494	 0.024261	 0.662338	 2
1462074563.866	 1	 1.474762	 0.074677	 0.736038	 2
1462074563.876	 1	 1.351868	 0.134354	 0.517456	 2
1462074563.886	 2	 1.315918	 0.200836	 0.394699	 2
1462074563.906	 2	 1.262222	 0.355087	 0.291443	 2
1462074563.916	 2	 1.241776	 0.374390	 0.312561	 2
1462074563.926	 2	 1.264099	 0.333649	 0.332245	 2
1462074563.936	 2	 1.373489	 0.311798	 0.266449	 2
1462074563.946	 2	 1.500183	 0.388840	 0.087418	 2
1462074563.956	 2	 1.388687	 0.559814	 -0.113617	 2
1462074563.966	 2	 1.269836	 0.749619	 -0.191605	 2
1462074563.976	 2	 0.978546	 0.853760	 -0.203094	 2
1462074563.986	 2	 0.679382	 0.894623	 -0.109116	 2
1462074563.996	 2	 0.505280	 0.986496	 0.071426	 2
1462074564.006	 2	 0.452011	 1.182709	 0.175079	 2
1462074564.016	 2	 0.415909	 1.144302	 0.081650	 2
1462074564.026	 2	 0.445709	 1.035171	 -0.015030	 2
1462074564.036	 2	 0.437683	 1.007538	 0.016418	 2
1462074564.046	 2	 0.400635	 0.963074	 0.029373	 2
1462074564.056	 2	 0.392319	 0.905212	 0.088043	 2
1462074564.066	 2	 0.427506	 0.846970	 0.114136	 2
1462074564.076	 2	 0.486160	 0.776627	 0.114685	 2
1462074564.086	 2	 0.506927	 0.736862	 0.101074	 2
1462074564.096	 2	 0.618576	 0.689957	 0.058914	 2
1462074564.106	 2	 0.678925	 0.705093	 0.066452	 2
1462074564.116	 2	 0.655319	 0.645844	 0.014328	 2
1462074564.126	 2	 0.627045	 0.673050	 0.050705	 2
1462074564.136	 2	 0.562561	 0.729721	 0.054855	 2
1462074564.146	 2	 0.545013	 0.779938	 0.044098	 2
1462074564.156	 2	 0.582626	 0.830673	 0.034012	 2
1462074564.166	 2	 0.651917	 0.842026	 0.065002	 2
1462074564.176	 2	 0.758377	 0.816193	 0.121948	 2
1462074564.196	 3	 0.985519	 0.698471	 0.142609	 2
1462074564.206	 3	 0.932068	 0.605942	 0.141830	 2
1462074564.216	 3	 0.915421	 0.565155	 0.243668	 2
1462074564.226	 3	 0.850037	 0.570129	 0.299240	 2
1462074564.236	 3	 0.670609	 0.619629	 0.362137	 2
1462074564.246	 3	 0.501465	 0.507324	 0.456268	 2
1462074564.256	 3	 0.519501	 0.506882	 0.427322	 2
1462074564.266	 3	 0.469940	 0.504135	 0.234299	 2
1462074564.276	 3	 0.400192	 0.513199	 0.104630	 2
1462074564.286	 3	 0.315598	 0.489716	 0.127747	 2
1462074564.296	 3	 0.276459	 0.478088	 0.167435	 2
1462074564.306	 3	 0.296921	 0.483017	 0.180542	 2
1462074564.316	 3	 0.335709	 0.495331	 0.180115	 2
1462074564.326	 3	 0.356857	 0.491333	 0.209198	 2
1462074564.336	 3	 0.328217	 0.432434	 0.239380	 2
1462074564.346	 3	 0.277802	 0.378662	 0.221527	 2
1462074564.356	 3	 0.231140	 0.339905	 0.177521	 2
1462074564.366	 3	 0.225388	 0.360352	 0.087631	 2
1462074564.376	 3	 0.231903	 0.403412	 0.005112	 2
1462074564.386	 3	 0.239517	 0.461151	 -0.009384	 2
1462074564.396	 3	 0.228058	 0.427887	 0.002411	 2
1462074564.406	 4	 0.196381	 0.357391	 -0.029160	 2
1462074564.426	 4	 0.429810	 0.990845	 -0.106964	 2
1462074564.436	 4	 0.643982	 1.636871	 0.095062	 2
1462074564.446	 4	 0.722839	 2.557098	 -0.042633	 2
1462074564.456	 4	 0.638321	 3.353378	 0.021179	 2
1462074564.466	 4	 0.462143	 3.862945	 -0.099518	 2
1462074564.476	 4	 0.186447	 3.480011	 -0.202087	 2
1462074564.486	 4	 0.125732	 2.484253	 -0.020676	 2
1462074564.496	 4	 0.177887	 1.737747	 0.073639	 2
1462074564.506	 4	 0.119583	 1.212830	 0.111038	 2
1462074564.516	 4	 0.107819	 0.837799	 0.239273	 2
1462074564.526	 4	 0.106216	 0.671295	 0.518387	 2
1462074564.536	 4	 0.035217	 0.673264	 0.997818	 2
1462074564.546	 4	 -0.073242	 0.817627	 1.337570	 2
1462074564.556	 4	 -0.179459	 1.065338	 1.313156	 2
1462074564.566	 4	 -0.107285	 1.320602	 0.880814	 2
1462074564.576	 4	 0.087524	 1.488251	 0.440033	 2
1462074564.586	 4	 0.244843	 1.572525	 0.257553	 2
1462074564.596	 4	 0.342072	 1.590530	 0.193954	 2
1462074564.606	 4	 0.543274	 1.805359	 -0.186737	 2
1462074564.616	 4	 0.341064	 1.718567	 0.027130	 2
1462074564.626	 4	 0.184479	 1.550674	 -0.025909	 2
1462074564.636	 4	 0.069107	 1.405228	 -0.032379	 2
1462074564.646	 4	 0.050568	 1.379181	 -0.054291	 2
1462074564.656	 4	 0.026688	 1.398880	 -0.082794	 2
1462074564.666	 4	 -0.001541	 1.416351	 -0.155075	 2
1462074564.676	 4	 -0.025009	 1.353882	 -0.231949	 2
1462074564.686	 4	 -0.024384	 1.227249	 -0.262955	 2
1462074564.696	 4	 -0.010559	 1.105286	 -0.289886	 2
1462074564.706	 4	 -0.001282	 0.980469	 -0.302704	 2
1462074564.716	 4	 -0.005356	 0.858734	 -0.302002	 2
1462074564.726	 4	 -0.017548	 0.739731	 -0.295242	 2
1462074564.736	 4	 -0.007553	 0.624374	 -0.262680	 2
1462074564.746	 4	 0.001007	 0.509842	 -0.371124	 2
1462074564.756	 4	 -0.018967	 0.487305	 -0.209946	 2
1462074564.766	 4	 -0.052658	 0.461258	 -0.164139	 2
1462074564.776	 4	 -0.100098	 0.449387	 -0.144150	 2
1462074564.786	 4	 -0.172028	 0.432724	 -0.097336	 2
1462074564.796	 4	 -0.252930	 0.406952	 0.008102	 2
1462074564.806	 4	 -0.332779	 0.382095	 0.117142	 2
1462074564.816	 4	 -0.395981	 0.373260	 0.163086	 2
1462074564.826	 4	 -0.419479	 0.376328	 0.145767	 2
1462074564.836	 4	 -0.388321	 0.377640	 0.101562	 2
1462074564.846	 4	 -0.335251	 0.380356	 0.040680	 2
1462074564.856	 4	 -0.275742	 0.396484	 0.003082	 2
1462074564.866	 4	 -0.227524	 0.411652	 0.059601	 2
1462074564.876	 4	 -0.226929	 0.424072	 0.231049	 2
1462074564.886	 4	 -0.289719	 0.452774	 0.597198	 2
1462074564.896	 4	 -0.272156	 0.638001	 1.119827	 2
1462074564.906	 4	 -0.034210	 0.972824	 1.437485	 2
1462074564.916	 4	 0.302094	 1.316360	 1.848846	 2
1462074564.926	 4	 0.563995	 1.504150	 2.079575	 2
1462074564.936	 4	 0.583023	 1.475601	 1.468765	 2
1462074564.946	 4	 0.556412	 1.420746	 0.886719	 2
1462074564.956	 4	 0.522430	 1.413788	 0.577011	 2
1462074564.966	 4	 0.490952	 1.372681	 0.416489	 2
1462074564.976	 4	 -0.008438	 1.213333	 0.324051	 2
1462074564.986	 4	 -0.261414	 1.419907	 0.206543	 2
1462074564.996	 4	 -0.303741	 1.552505	 0.154266	 2
1462074565.006	 4	 -0.183334	 1.673172	 0.363174	 2
1462074565.016	 4	 0.115067	 1.663864	 0.545319	 2
1462074565.026	 4	 0.406448	 1.467712	 0.460037	 2
1462074565.036	 4	 0.417847	 1.189514	 0.122253	 2
1462074565.046	 4	 0.159073	 0.902771	 -0.232208	 2
1462074565.056	 4	 -0.145676	 0.733734	 -0.341705	 2
1462074565.066	 4	 -0.339813	 0.644669	 -0.267777	 2
1462074565.076	 4	 -0.532364	 0.560059	 0.364441	 2
1462074565.086	 4	 -0.687286	 0.483765	 1.024643	 2
1462074565.096	 4	 -0.521774	 0.709717	 0.437103	 2
1462074565.106	 4	 -0.296997	 0.984497	 -0.193268	 2
1462074565.116	 4	 -0.071823	 1.018600	 -0.444855	 2
1462074565.126	 4	 -0.137238	 1.007050	 -0.391937	 2
1462074565.136	 4	 -0.109619	 0.938477	 -0.317246	 2
1462074565.146	 4	 -0.125351	 0.880844	 -0.287216	 2
1462074565.156	 4	 -0.133469	 0.828949	 -0.279770	 2
1462074565.166	 4	 -0.158035	 0.833878	 -0.270294	 2
1462074565.176	 4	 -0.201797	 0.883423	 -0.259262	 2
1462074565.186	 4	 -0.222916	 0.933197	 -0.236572	 2
1462074565.196	 4	 -0.212494	 0.974243	 -0.194763	 2
1462074565.206	 4	 -0.126648	 1.040924	 0.069473	 2
1462074565.216	 4	 0.005310	 1.088470	 0.448807	 2
1462074565.226	 4	 0.069092	 1.071045	 0.505188	 2
1462074565.236	 4	 0.082809	 1.018555	 0.350098	 2
1462074565.246	 4	 0.062531	 0.948578	 0.125092	 2
1462074565.256	 4	 0.058914	 0.925201	 0.029633	 2
1462074565.266	 4	 0.024460	 0.998520	 0.114609	 2
1462074565.276	 4	 -0.043686	 1.049698	 0.212158	 2
1462074565.286	 4	 -0.077072	 1.043045	 0.215561	 2
1462074565.296	 4	 -0.070374	 1.013794	 0.174149	 2
1462074565.306	 4	 -0.074310	 0.984192	 0.127380	 2
1462074565.316	 4	 -0.068069	 0.968094	 0.080688	 2
1462074565.326	 4	 -0.066574	 0.959351	 0.040833	 2
1462074565.336	 4	 -0.061920	 0.940979	 0.012421	 2
1462074565.346	 4	 -0.050552	 0.919968	 0.006958	 2
1462074565.356	 4	 -0.027328	 0.902008	 0.018845	 2
1462074565.366	 4	 -0.003845	 0.893295	 0.032684	 2
1462074565.376	 4	 0.013184	 0.888824	 0.055084	 2
1462074565.386	 4	 0.035568	 0.855087	 0.169205	 2
1462074565.396	 4	 0.039459	 0.848953	 0.186646	 2
1462074565.406	 4	 0.037354	 0.864670	 0.166199	 2
1462074565.416	 4	 0.023956	 0.886139	 0.146347	 2
1462074565.426	 4	 0.022614	 0.889648	 0.135086	 2
1462074565.436	 4	 0.032852	 0.882751	 0.129166	 2
1462074565.446	 4	 0.044083	 0.897537	 0.124634	 2
1462074565.456	 4	 0.039078	 1.023117	 0.055038	 2
1462074565.466	 4	 -0.003448	 1.255737	 -0.056625	 2
1462074565.476	 4	 -0.143250	 1.249832	 0.198685	 2
1462074565.486	 4	 -0.186615	 1.251175	 0.275787	 2
1462074565.496	 4	 -0.143738	 1.329880	 0.238297	 2
1462074565.506	 4	 -0.110596	 1.392319	 0.293808	 2
1462074565.516	 4	 -0.067780	 1.446503	 0.289612	 2
1462074565.526	 4	 -0.010529	 1.489990	 0.293655	 2
1462074565.536	 4	 0.023132	 1.554306	 0.318008	 2
1462074565.546	 4	 0.044525	 1.598282	 0.299698	 2
1462074565.556	 4	 0.067902	 1.610336	 0.288651	 2
1462074565.566	 4	 0.115128	 1.572006	 0.279480	 2
1462074565.576	 4	 0.187256	 1.503754	 0.198212	 2
1462074565.586	 4	 0.216080	 1.492905	 0.274185	 2
1462074565.596	 4	 0.221252	 1.439529	 0.476410	 2
1462074565.606	 4	 0.147415	 1.329025	 0.783356	 2
1462074565.616	 4	 -0.004807	 1.195251	 1.077591	 2
1462074565.626	 4	 -0.183365	 1.120544	 1.083557	 2
1462074565.636	 4	 -0.265305	 1.242523	 0.570190	 2
1462074565.646	 4	 -0.109833	 1.465897	 -0.077835	 2
1462074565.656	 4	 0.058640	 1.556870	 -0.256714	 2
1462074565.666	 4	 0.081818	 1.555969	 -0.172592	 2
1462074565.676	 4	 0.028015	 1.499283	 -0.188202	 2
1462074565.686	 4	 -0.057968	 1.513000	 -0.164322	 2
1462074565.696	 4	 -0.124664	 1.552795	 -0.148682	 2
1462074565.706	 4	 -0.163742	 1.531906	 -0.243179	 2
1462074565.716	 4	 -0.222061	 1.578476	 -0.111847	 2
1462074565.726	 4	 -0.346848	 1.556671	 -0.045517	 2
1462074565.736	 4	 -0.424103	 1.393890	 -0.302231	 2
1462074565.746	 4	 -0.407974	 1.211029	 -0.465561	 2
1462074565.756	 4	 -0.281143	 1.027512	 -0.600815	 2
1462074565.766	 4	 -0.252655	 0.874893	 -0.290466	 2
1462074565.776	 4	 -0.313553	 0.765060	 0.092392	 2
1462074565.786	 4	 -0.312637	 0.633255	 0.367981	 2
1462074565.796	 4	 -0.294174	 0.503326	 0.539932	 2
1462074565.806	 4	 -0.220734	 0.432831	 0.530319	 2
1462074565.816	 4	 -0.125839	 0.420868	 0.373566	 2
1462074565.826	 4	 -0.093903	 0.428223	 0.182266	 2
1462074565.836	 4	 -0.099365	 0.467560	 0.017593	 2
1462074565.846	 4	 -0.110748	 0.586197	 -0.082367	 2
1462074565.856	 4	 -0.136017	 0.623581	 -0.092010	 2
1462074565.866	 4	 -0.166077	 0.580292	 -0.082031	 2
1462074565.876	 4	 -0.155884	 0.526123	 -0.070679	 2
1462074565.886	 4	 -0.167236	 0.515884	 -0.044907	 2
1462074565.896	 4	 -0.219482	 0.525040	 -0.024109	 2
1462074565.906	 4	 -0.274323	 0.549728	 -0.016586	 2
1462074565.916	 4	 -0.308304	 0.566376	 -0.002121	 2
1462074565.926	 4	 -0.311859	 0.550980	 0.003540	 2
1462074565.936	 4	 -0.294724	 0.537994	 0.008545	 2
1462074565.946	 4	 -0.270721	 0.507843	 0.037796	 2
1462074565.956	 4	 -0.267059	 0.484711	 0.105591	 2
1462074565.966	 4	 -0.244232	 0.515778	 0.323654	 2
1462074565.976	 4	 -0.238251	 0.562683	 0.654633	 2
1462074565.986	 4	 -0.263351	 0.637634	 1.005661	 2
1462074565.996	 4	 -0.253311	 0.912201	 1.361862	 2
1462074566.006	 4	 -0.198410	 1.357635	 1.709198	 2
1462074566.016	 4	 -0.177399	 1.370300	 2.212311	 2
1462074566.026	 4	 -0.066086	 1.039566	 1.944641	 2
1462074566.036	 4	 -0.023178	 1.243759	 1.399490	 2
1462074566.046	 4	 -0.067429	 1.250366	 1.022766	 2
1462074566.056	 4	 -0.109146	 1.248779	 0.722855	 2
1462074566.066	 4	 -0.208786	 1.269257	 0.564911	 2
1462074566.076	 4	 -0.335052	 1.311874	 0.472229	 2
1462074566.086	 4	 -0.230484	 1.327667	 0.152496	 2
1462074566.096	 4	 -0.083038	 1.369507	 0.148621	 2
1462074566.106	 4	 0.021759	 1.390060	 0.243744	 2
1462074566.116	 4	 0.016266	 1.276947	 0.246841	 2
1462074566.126	 4	 -0.051605	 1.130676	 0.221405	 2
1462074566.136	 4	 -0.162979	 0.977860	 0.045151	 2
1462074566.146	 4	 -0.295578	 0.861191	 -0.153305	 2
1462074566.156	 4	 -0.425491	 0.800476	 -0.202759	 2
1462074566.166	 4	 -0.517761	 0.734604	 0.284210	 2
1462074566.176	 4	 -0.525299	 0.693024	 0.562469	 2
1462074566.186	 4	 -0.416992	 0.752289	 -0.088348	 2
1462074566.196	 4	 -0.396820	 0.678162	 -0.077255	 2
1462074566.206	 4	 -0.324646	 0.667496	 0.106461	 2
1462074566.216	 4	 -0.212631	 0.711350	 -0.104324	 2
1462074566.226	 4	 -0.180878	 0.701050	 -0.132828	 2
1462074566.236	 4	 -0.168259	 0.765381	 -0.095489	 2
1462074566.246	 4	 -0.171494	 0.839645	 -0.021729	 2
1462074566.256	 4	 -0.178452	 0.947494	 0.069412	 2
1462074566.266	 4	 -0.170746	 1.059067	 0.123169	 2
1462074566.276	 4	 -0.151794	 1.081955	 0.123444	 2
1462074566.286	 4	 -0.088501	 1.124939	 0.184586	 2
1462074566.296	 4	 -0.030823	 1.124527	 0.209991	 2
1462074566.306	 4	 -0.000763	 1.129639	 0.215515	 2
1462074566.316	 4	 0.010651	 1.122772	 0.203201	 2
1462074566.326	 4	 0.018890	 1.106827	 0.195801	 2
1462074566.336	 4	 0.020691	 1.076111	 0.198517	 2
1462074566.346	 4	 0.018463	 0.960068	 0.198517	 2
1462074566.356	 4	 0.020386	 0.888397	 0.204193	 2
1462074566.366	 4	 0.017212	 0.851364	 0.193100	 2
1462074566.376	 4	 0.014709	 0.818344	 0.189346	 2
1462074566.386	 4	 0.013687	 0.799042	 0.178162	 2
1462074566.396	 4	 0.011520	 0.794327	 0.156067	 2
1462074566.406	 4	 0.018951	 0.831589	 0.143936	 2
1462074566.416	 4	 0.028198	 0.822586	 0.111023	 2
1462074566.426	 4	 0.020523	 0.828781	 0.066055	 2
1462074566.436	 4	 0.014557	 0.861710	 0.038177	 2
1462074566.446	 4	 0.010147	 0.886871	 0.025833	 2
1462074566.456	 4	 -0.003281	 0.911926	 0.030746	 2
1462074566.466	 4	 -0.029572	 0.940689	 0.040405	 2
1462074566.476	 4	 -0.054428	 0.971542	 0.057114	 2
1462074566.486	 4	 -0.061874	 0.999023	 0.075699	 2
1462074566.496	 4	 -0.047211	 1.021332	 0.100693	 2
1462074566.506	 4	 -0.034195	 1.036209	 0.117844	 2
1462074566.516	 4	 -0.037964	 1.047317	 0.137970	 2
1462074566.526	 4	 -0.036865	 1.064377	 0.139084	 2
1462074566.536	 4	 -0.051239	 1.055115	 0.133957	 2
1462074566.546	 4	 -0.066299	 1.103149	 0.164627	 2
1462074566.556	 4	 -0.090897	 1.081390	 0.173431	 2
1462074566.566	 4	 -0.095367	 0.980408	 0.158615	 2
1462074566.576	 4	 -0.090378	 1.058670	 0.212830	 2
1462074566.586	 4	 -0.093063	 1.153534	 0.261597	 2
1462074566.596	 4	 -0.087906	 1.279678	 0.310303	 2
1462074566.606	 4	 -0.057053	 1.403793	 0.348694	 2
1462074566.616	 4	 -0.011856	 1.503342	 0.362854	 2
1462074566.626	 4	 0.018265	 1.568451	 0.359955	 2
1462074566.636	 4	 0.044281	 1.600723	 0.361755	 2
1462074566.646	 4	 0.053131	 1.578461	 0.347107	 2
1462074566.656	 4	 0.082474	 1.574249	 0.356934	 2
1462074566.666	 4	 0.140335	 1.541885	 0.387955	 2
1462074566.676	 4	 0.166473	 1.469437	 0.408691	 2
1462074566.686	 4	 0.157455	 1.421997	 0.403488	 2
1462074566.696	 4	 0.163513	 1.388748	 0.404877	 2
1462074566.706	 4	 0.193085	 1.322342	 0.473877	 2
1462074566.716	 4	 0.146393	 1.238174	 0.599258	 2
1462074566.726	 4	 0.015121	 1.159164	 0.750854	 2
1462074566.736	 4	 -0.088135	 1.119614	 0.794846	 2
1462074566.746	 4	 -0.121964	 1.207489	 0.665878	 2
1462074566.756	 4	 -0.068314	 1.346756	 0.433578	 2
1462074566.766	 4	 0.037155	 1.266632	 0.209778	 2
1462074566.776	 4	 0.026184	 1.307129	 0.115921	 2
1462074566.786	 4	 0.070786	 1.427139	 0.121277	 2
1462074566.796	 4	 0.087448	 1.469040	 0.043655	 2
1462074566.806	 4	 0.063049	 1.479172	 -0.107101	 2
1462074566.816	 4	 -0.021927	 1.474960	 -0.255081	 2
1462074566.826	 4	 -0.120697	 1.443115	 -0.484482	 2
1462074566.836	 4	 -0.268158	 1.399750	 -0.400986	 2
1462074566.846	 4	 -0.301910	 1.306885	 -0.423569	 2
1462074566.856	 4	 -0.314255	 1.368027	 -0.331970	 2
1462074566.866	 4	 -0.301559	 1.361908	 -0.188278	 2
1462074566.876	 4	 -0.243942	 1.136856	 -0.081085	 2
1462074566.886	 4	 -0.169022	 0.930267	 0.041733	 2
1462074566.896	 4	 -0.106674	 0.765930	 0.172989	 2
1462074566.906	 4	 -0.033997	 0.626175	 0.275482	 2
1462074566.916	 4	 0.022049	 0.525070	 0.307068	 2
1462074566.926	 4	 0.029312	 0.493958	 0.252182	 2
1462074566.936	 4	 0.020279	 0.479263	 0.218857	 2
1462074566.946	 4	 0.013535	 0.627457	 0.243439	 2
1462074566.956	 4	 -0.009857	 0.585937	 0.234146	 2
1462074566.966	 4	 -0.064957	 0.566803	 0.223679	 2
1462074566.976	 4	 -0.126190	 0.555054	 0.174439	 2
1462074566.986	 4	 -0.180847	 0.555573	 0.124329	 2
1462074566.996	 4	 -0.222855	 0.565765	 0.075150	 2
1462074567.006	 4	 -0.255127	 0.579010	 0.047226	 2
1462074567.016	 4	 -0.260925	 0.509155	 -0.004379	 2
1462074567.026	 4	 -0.243256	 0.476639	 -0.039307	 2
1462074567.036	 4	 -0.188843	 0.522354	 -0.010818	 2
1462074567.046	 4	 -0.156281	 0.520218	 0.002853	 2
1462074567.056	 4	 -0.150360	 0.539688	 0.070129	 2
1462074567.066	 4	 -0.151382	 0.567719	 0.191116	 2
1462074567.076	 4	 -0.190613	 0.603973	 0.357986	 2
1462074567.086	 4	 -0.212814	 0.683975	 0.614578	 2
1462074567.096	 4	 -0.149307	 0.847427	 0.893127	 2
1462074567.106	 4	 0.024872	 1.028061	 1.395386	 2
1462074567.116	 4	 0.280746	 1.148254	 2.256348	 2
1462074567.126	 4	 0.475891	 1.324158	 2.005920	 2
1462074567.136	 4	 0.498703	 1.389572	 1.275421	 2
1462074567.146	 4	 0.544708	 1.478546	 0.892197	 2
1462074567.156	 4	 0.558731	 1.555862	 0.681931	 2
1462074567.166	 4	 0.492310	 1.418030	 0.565460	 2
1462074567.176	 4	 0.301804	 1.375031	 0.542450	 2
1462074567.186	 4	 -0.059280	 1.418869	 0.377869	 2
1462074567.196	 4	 -0.031158	 1.365463	 0.312393	 2
1462074567.206	 4	 -0.001526	 1.359833	 0.218597	 2
1462074567.216	 4	 0.013840	 1.297745	 0.168427	 2
1462074567.226	 4	 0.020142	 1.156586	 0.139374	 2
1462074567.236	 4	 -0.009552	 1.014145	 -0.005569	 2
1462074567.246	 4	 -0.129181	 0.919983	 -0.085312	 2
1462074567.256	 4	 -0.282898	 0.757065	 -0.045486	 2
1462074567.266	 4	 -0.409286	 0.722214	 0.330032	 2
1462074567.276	 4	 -0.603134	 0.660217	 0.831009	 2
1462074567.286	 4	 -0.653061	 0.766159	 0.313461	 2
1462074567.296	 4	 -0.620392	 0.647903	 0.269058	 2
1462074567.306	 4	 -0.473206	 0.616653	 0.101852	 2
1462074567.316	 4	 -0.317154	 0.721924	 -0.179184	 2
1462074567.326	 4	 -0.252487	 0.760971	 -0.283920	 2
1462074567.336	 4	 -0.228607	 0.872757	 -0.284958	 2
1462074567.346	 4	 -0.197784	 0.802582	 -0.264175	 2
1462074567.356	 4	 -0.134857	 0.883331	 -0.133682	 2
1462074567.366	 4	 -0.101349	 0.988129	 0.019348	 2
1462074567.376	 4	 -0.107544	 1.024185	 0.085876	 2
1462074567.386	 4	 -0.118484	 1.103531	 0.038239	 2
1462074567.396	 4	 -0.097153	 1.164490	 -0.057358	 2
1462074567.406	 4	 -0.013870	 1.158646	 -0.036530	 2
1462074567.416	 4	 0.057999	 1.099091	 0.151260	 2
1462074567.426	 4	 0.124878	 1.057343	 0.257248	 2
1462074567.436	 4	 0.164490	 1.029724	 0.276520	 2
1462074567.446	 4	 0.192917	 1.005478	 0.288971	 2
1462074567.456	 4	 0.205643	 0.971085	 0.284790	 2
1462074567.466	 4	 0.198090	 0.928452	 0.260223	 2
1462074567.476	 4	 0.188400	 0.909012	 0.228302	 2
1462074567.486	 4	 0.168915	 0.889191	 0.204834	 2
1462074567.496	 4	 0.150162	 0.880020	 0.177673	 2
1462074567.506	 4	 0.128464	 0.880829	 0.156158	 2
1462074567.516	 4	 0.096985	 0.898666	 0.124084	 2
1462074567.526	 4	 0.089859	 0.924225	 0.095337	 2
1462074567.536	 4	 0.086624	 0.921661	 0.073318	 2
1462074567.546	 4	 0.066605	 0.921890	 0.061569	 2
1462074567.556	 4	 0.051773	 0.933670	 0.060272	 2
1462074567.566	 4	 0.060074	 0.940720	 0.069397	 2
1462074567.576	 4	 0.057327	 0.948334	 0.076645	 2
1462074567.586	 4	 0.044128	 0.957703	 0.081802	 2
1462074567.596	 4	 0.021942	 0.973099	 0.078964	 2
1462074567.606	 4	 0.019226	 0.993149	 0.067413	 2
1462074567.616	 4	 0.022034	 1.009583	 0.067154	 2
1462074567.626	 4	 0.020218	 1.024429	 0.078384	 2
1462074567.636	 4	 0.012405	 1.042542	 0.096527	 2
1462074567.646	 4	 -0.019241	 1.042252	 0.102386	 2
1462074567.656	 4	 -0.029297	 1.101074	 0.122406	 2
1462074567.666	 4	 -0.013016	 1.163361	 0.157455	 2
1462074567.676	 4	 0.001205	 1.178864	 0.191818	 2
1462074567.686	 4	 -0.006195	 1.169968	 0.230286	 2
1462074567.696	 4	 0.016342	 1.265427	 0.260864	 2
1462074567.706	 4	 0.032532	 1.291473	 0.254074	 2
1462074567.716	 4	 0.058029	 1.410553	 0.269424	 2
1462074567.726	 4	 0.099716	 1.481964	 0.279373	 2
1462074567.736	 4	 0.134949	 1.504456	 0.290298	 2
1462074567.746	 4	 0.152161	 1.506454	 0.285263	 2
1462074567.756	 4	 0.162827	 1.495331	 0.267242	 2
1462074567.766	 4	 0.199448	 1.479996	 0.259079	 2
1462074567.776	 4	 0.249084	 1.459442	 0.274612	 2
1462074567.786	 4	 0.294235	 1.433212	 0.288071	 2
1462074567.796	 4	 0.333710	 1.389557	 0.294373	 2
1462074567.806	 4	 0.371277	 1.330246	 0.322922	 2
1462074567.816	 4	 0.374725	 1.223175	 0.385178	 2
1462074567.826	 4	 0.318344	 1.121765	 0.466232	 2
1462074567.836	 4	 0.195847	 1.049377	 0.606354	 2
1462074567.846	 4	 0.061386	 1.035339	 0.745255	 2
1462074567.856	 4	 -0.008499	 1.129303	 0.750549	 2
1462074567.866	 4	 -0.005386	 1.323746	 0.537964	 2
1462074567.876	 4	 0.053375	 1.511322	 0.265717	 2
1462074567.886	 4	 0.049896	 1.449875	 0.076401	 2
1462074567.896	 4	 0.052231	 1.427505	 0.071152	 2
1462074567.906	 4	 0.089706	 1.494339	 0.063004	 2
1462074567.916	 4	 0.068024	 1.495697	 -0.038269	 2
1462074567.926	 4	 0.023926	 1.487656	 -0.188095	 2
1462074567.936	 4	 -0.021042	 1.452301	 -0.355194	 2
1462074567.946	 4	 -0.071381	 1.372940	 -0.412857	 2
1462074567.956	 4	 -0.109161	 1.257767	 -0.393326	 2
1462074567.966	 4	 -0.142670	 1.156235	 -0.325882	 2
1462074567.976	 4	 -0.158920	 1.084213	 -0.235229	 2
1462074567.986	 4	 -0.129349	 0.989517	 -0.103073	 2
1462074567.996	 4	 -0.113480	 0.868073	 0.032104	 2
1462074568.006	 4	 -0.119202	 0.761429	 0.161468	 2
1462074568.016	 4	 -0.122299	 0.696091	 0.268753	 2
1462074568.026	 4	 -0.108933	 0.654510	 0.368759	 2
1462074568.036	 4	 -0.077271	 0.604462	 0.408478	 2
1462074568.046	 4	 -0.024094	 0.560654	 0.424927	 2
1462074568.056	 4	 0.005753	 0.542419	 0.406754	 2
1462074568.066	 4	 0.016113	 0.560730	 0.328751	 2
1462074568.076	 4	 0.012650	 0.596298	 0.217529	 2
1462074568.086	 4	 0.001358	 0.626892	 0.125412	 2
1462074568.096	 4	 -0.029724	 0.637985	 0.082474	 2
1462074568.106	 4	 -0.084213	 0.616486	 0.055176	 2
1462074568.116	 4	 -0.139297	 0.605133	 0.035919	 2
1462074568.126	 4	 -0.189270	 0.597641	 0.018341	 2
1462074568.136	 4	 -0.207321	 0.597733	 -0.002930	 2
1462074568.146	 4	 -0.207031	 0.594482	 -0.000122	 2
1462074568.156	 4	 -0.211807	 0.594330	 0.033310	 2
1462074568.166	 4	 -0.219345	 0.637985	 0.136078	 2
1462074568.176	 4	 -0.176544	 0.568039	 0.269501	 2
1462074568.186	 4	 -0.114716	 0.551849	 0.443924	 2
1462074568.196	 4	 -0.026215	 0.606506	 0.657211	 2
1462074568.206	 4	 0.141205	 0.636978	 0.873413	 2
1462074568.216	 4	 0.398071	 0.681549	 1.147903	 2
1462074568.226	 4	 0.628128	 0.747452	 1.387268	 2
1462074568.236	 4	 0.845856	 0.906433	 1.421219	 2
1462074568.246	 4	 0.975098	 1.049454	 1.195786	 2
1462074568.256	 4	 1.004379	 1.140625	 0.853088	 2
1462074568.266	 4	 1.007401	 1.260574	 0.708282	 2
1462074568.276	 4	 0.955612	 1.288849	 0.678375	 2
1462074568.286	 4	 0.779221	 1.531418	 0.822540	 2
1462074568.296	 4	 0.496460	 1.586578	 0.764313	 2
1462074568.306	 4	 0.449860	 1.578308	 0.741119	 2
1462074568.316	 4	 0.232010	 1.410675	 0.408096	 2
1462074568.326	 4	 -0.219971	 1.042343	 0.025497	 2
1462074568.336	 4	 -0.473221	 0.968887	 -0.052475	 2
1462074568.346	 4	 -0.578247	 0.980133	 -0.223892	 2
1462074568.356	 4	 -0.612595	 1.030395	 0.350891	 2
1462074568.366	 4	 -0.562927	 0.896881	 0.700424	 2
1462074568.376	 4	 -0.433075	 0.965713	 0.451172	 2
1462074568.386	 4	 -0.184464	 0.937653	 0.256546	 2
1462074568.396	 4	 0.004761	 0.857178	 -0.027573	 2
1462074568.406	 4	 0.042175	 0.840622	 -0.279816	 2
1462074568.416	 4	 0.019821	 0.854248	 -0.228363	 2
1462074568.426	 4	 -0.055634	 0.872772	 -0.097610	 2
1462074568.436	 4	 -0.015228	 0.911560	 0.076553	 2
1462074568.446	 4	 -0.015228	 0.911560	 0.076553	 2
1462074568.456	 4	 0.089432	 0.862991	 0.106659	 2
1462074568.466	 4	 0.090164	 0.883041	 0.066925	 2
1462074568.476	 4	 0.066925	 1.065140	 0.015060	 2
1462074568.486	 4	 0.083206	 1.119675	 -0.010483	 2
1462074568.496	 4	 0.120575	 1.165771	 0.035080	 2
1462074568.506	 4	 0.156784	 1.231033	 0.111496	 2
1462074568.516	 4	 0.171356	 1.217316	 0.105164	 2
1462074568.526	 4	 0.156555	 1.065842	 0.076950	 2
1462074568.536	 4	 0.201447	 0.994171	 0.062759	 2
1462074568.546	 4	 0.277863	 0.984436	 0.040131	 2
1462074568.556	 4	 0.299545	 0.993637	 0.059158	 2
1462074568.566	 4	 0.256149	 0.958084	 0.112305	 2
1462074568.576	 4	 0.205368	 0.903351	 0.166351	 2
1462074568.586	 4	 0.182709	 0.898361	 0.212311	 2
1462074568.596	 4	 0.175446	 0.941025	 0.245132	 2
1462074568.606	 4	 0.149368	 0.931992	 0.243973	 2
1462074568.616	 4	 0.095612	 0.897491	 0.222763	 2
1462074568.626	 4	 0.047943	 0.843643	 0.183685	 2
1462074568.636	 4	 0.099670	 0.826340	 0.121429	 2
1462074568.646	 4	 0.159515	 0.875427	 0.079742	 2
1462074568.656	 4	 0.191742	 0.911606	 0.092499	 2
1462074568.666	 4	 0.213654	 0.942520	 0.083969	 2
1462074568.676	 4	 0.201157	 1.051086	 0.104446	 2
1462074568.686	 4	 0.150238	 1.100403	 0.077301	 2
1462074568.696	 4	 0.119675	 1.132904	 0.066513	 2
1462074568.706	 4	 0.079285	 1.157761	 0.086624	 2
1462074568.716	 4	 0.058731	 1.148575	 0.087524	 2
1462074568.726	 4	 0.014847	 1.214920	 0.116730	 2
1462074568.736	 4	 0.012894	 1.294357	 0.068008	 2
1462074568.746	 4	 0.028961	 1.371948	 0.012360	 2
1462074568.756	 4	 0.085922	 1.385300	 0.026367	 2
1462074568.766	 4	 0.161255	 1.370987	 0.051086	 2
1462074568.776	 4	 0.190018	 1.431046	 0.089081	 2
1462074568.786	 4	 0.206711	 1.499115	 0.073685	 2
1462074568.796	 4	 0.188354	 1.495148	 -0.005478	 2
1462074568.806	 4	 0.197769	 1.375931	 0.058945	 2
1462074568.816	 4	 0.247665	 1.376694	 0.342880	 2
1462074568.826	 4	 0.261826	 1.245682	 0.643250	 2
1462074568.836	 4	 0.261627	 1.241760	 1.018326	 2
1462074568.846	 4	 0.238708	 1.315170	 1.118164	 2
1462074568.856	 4	 0.235107	 1.311905	 0.649490	 2
1462074568.866	 4	 0.363052	 1.290543	 0.227509	 2
1462074568.876	 4	 0.333527	 1.373749	 0.050842	 2
1462074568.886	 4	 0.437088	 1.498291	 -0.060593	 2
1462074568.896	 4	 0.442169	 1.579483	 -0.106140	 2
1462074568.906	 4	 0.430374	 1.659943	 -0.112610	 2
1462074568.916	 4	 0.495895	 1.722534	 -0.132523	 2
1462074568.926	 4	 0.546890	 1.703125	 -0.162552	 2
1462074568.936	 4	 0.536926	 1.387405	 -0.317139	 2
1462074568.946	 4	 0.504562	 1.122101	 -0.140045	 2
1462074568.956	 4	 0.453278	 0.906097	 0.154358	 2
1462074568.966	 4	 0.571335	 1.065674	 0.022995	 2
1462074568.976	 4	 0.629807	 1.116211	 -0.148773	 2
1462074568.986	 4	 0.609741	 1.158310	 -0.222748	 2
1462074568.996	 4	 0.563263	 1.306946	 -0.187424	 2
1462074569.006	 4	 0.488327	 1.404327	 -0.137009	 2
1462074569.016	 4	 0.443878	 1.203812	 -0.204514	 2
1462074569.026	 4	 0.380691	 1.487137	 -0.063797	 2
1462074569.036	 4	 0.304230	 1.543457	 0.022034	 2
1462074569.046	 4	 0.507904	 1.113266	 -0.007523	 2
1462074569.056	 4	 0.492889	 1.004211	 -0.020844	 2
1462074569.066	 4	 0.403488	 1.008133	 -0.014877	 2
1462074569.076	 4	 0.407379	 0.976105	 -0.235596	 2
1462074569.086	 4	 0.156586	 0.785904	 -0.340286	 2
1462074569.096	 4	 0.130447	 0.947205	 -0.289551	 2
1462074569.106	 4	 0.155167	 0.929642	 -0.154526	 2
1462074569.116	 5	 0.110535	 0.622772	 -0.101715	 2
1462074569.136	 5	 0.074829	 0.530563	 0.070984	 2
1462074569.146	 5	 0.060989	 0.463242	 0.089355	 2
1462074569.156	 5	 0.057129	 0.401520	 0.037643	 2
1462074569.166	 5	 0.086380	 0.346313	 -0.005188	 2
1462074569.176	 5	 0.139175	 0.299484	 -0.030350	 2
1462074569.186	 5	 0.246643	 0.248672	 -0.037842	 2
1462074569.196	 5	 0.391830	 0.215591	 0.003754	 2
1462074569.206	 5	 0.476486	 0.124802	 0.044800	 2
1462074569.216	 5	 0.523361	 0.060837	 0.078842	 2
1462074569.226	 5	 0.534775	 0.002533	 0.126740	 2
1462074569.236	 5	 0.532776	 -0.045975	 0.161652	 2
1462074569.246	 5	 0.533203	 -0.042725	 0.168167	 2
1462074569.256	 5	 0.571655	 -0.007629	 0.157608	 2
1462074569.266	 5	 0.657700	 0.004929	 0.167496	 2
1462074569.276	 5	 0.775177	 -0.019653	 0.130005	 2
1462074569.286	 5	 0.888092	 -0.081100	 0.033188	 2
1462074569.296	 6	 1.000107	 -0.143295	 -0.057831	 2
1462074569.316	 6	 1.192444	 -0.115768	 -0.285522	 2
1462074569.326	 6	 1.234848	 -0.104080	 -0.380386	 2
1462074569.336	 6	 1.266586	 -0.157135	 -0.414490	 2
1462074569.346	 6	 1.308228	 -0.228378	 -0.422562	 2
1462074569.356	 6	 1.352066	 -0.231476	 -0.458405	 2
1462074569.366	 6	 1.375122	 -0.203308	 -0.527008	 2
1462074569.376	 6	 1.407242	 -0.075211	 -0.665924	 2
1462074569.386	 6	 1.414246	 0.054291	 -0.783279	 2
1462074569.396	 6	 1.368118	 0.143143	 -0.878357	 2
1462074569.406	 6	 1.397369	 0.164490	 -0.933777	 2
1462074569.416	 6	 1.391815	 0.193161	 -0.960648	 2
1462074569.426	 6	 1.375153	 0.176926	 -1.002075	 2
1462074569.436	 6	 1.375610	 0.095154	 -1.022964	 2
1462074569.446	 6	 1.381653	 0.104706	 -0.967575	 2
1462074569.456	 6	 1.337250	 0.205948	 -0.961411	 2
1462074569.466	 6	 1.288528	 0.171890	 -1.032120	 2
1462074569.476	 6	 1.251999	 0.186142	 -1.072189	 2
1462074569.487	 6	 1.174454	 0.247940	 -1.199051	 2
1462074569.496	 6	 1.122589	 0.315811	 -1.258896	 2
1462074569.507	 6	 1.091187	 0.402863	 -1.320343	 2
1462074569.517	 6	 1.020599	 0.449066	 -1.353394	 2
1462074569.527	 6	 0.977310	 0.474274	 -1.360519	 2
1462074569.537	 6	 0.964813	 0.501053	 -1.315292	 2
1462074569.547	 6	 0.933151	 0.489105	 -1.241348	 2
1462074569.557	 6	 0.879227	 0.450653	 -1.118820	 2
1462074569.567	 6	 0.834045	 0.419189	 -1.032776	 2
1462074569.577	 6	 0.774139	 0.372284	 -0.927551	 2
1462074569.586	 6	 0.741943	 0.314606	 -0.889725	 2
1462074569.597	 6	 0.705246	 0.296524	 -0.874130	 2
1462074569.607	 6	 0.677704	 0.284729	 -0.879959	 2
1462074569.617	 6	 0.703583	 0.286987	 -0.906128	 2
1462074569.627	 6	 0.691040	 0.249954	 -0.983780	 2
1462074569.637	 6	 0.672455	 0.202591	 -0.954819	 2
1462074569.647	 6	 0.697952	 0.246063	 -0.847549	 2
1462074569.657	 6	 0.690353	 0.284256	 -0.820923	 2
1462074569.667	 6	 0.639206	 0.253876	 -0.813965	 2
1462074569.677	 6	 0.573288	 0.168045	 -0.828384	 2
1462074569.687	 6	 0.583328	 0.152542	 -0.722626	 2
1462074569.697	 6	 0.588684	 0.133850	 -0.682282	 2
1462074569.707	 6	 0.536362	 0.093445	 -0.700958	 2
1462074569.717	 6	 0.489853	 0.088821	 -0.684876	 2
1462074569.727	 6	 0.456589	 0.126038	 -0.671951	 2
1462074569.737	 6	 0.408600	 0.159637	 -0.633026	 2
1462074569.747	 6	 0.304550	 0.105560	 -0.610031	 2
1462074569.757	 6	 0.289215	 0.088242	 -0.500122	 2
1462074569.767	 6	 0.300705	 0.088455	 -0.434570	 2
1462074569.777	 6	 0.312836	 0.083893	 -0.401047	 2
1462074569.787	 6	 0.342667	 0.070312	 -0.393631	 2
1462074569.797	 6	 0.371201	 0.052216	 -0.405197	 2
1462074569.807	 6	 0.384888	 -0.006271	 -0.452286	 2
1462074569.817	 6	 0.371231	 -0.060349	 -0.437042	 2
1462074569.827	 6	 0.333450	 -0.091629	 -0.415253	 2
1462074569.837	 6	 0.288635	 -0.106659	 -0.397064	 2
1462074569.847	 6	 0.235977	 -0.138992	 -0.360382	 2
1462074569.857	 6	 0.181396	 -0.183319	 -0.330887	 2
1462074569.867	 6	 0.155548	 -0.201767	 -0.263229	 2
1462074569.877	 6	 0.155014	 -0.270523	 -0.357651	 2
1462074569.887	 6	 0.205719	 -0.291824	 -0.495148	 2
1462074569.897	 6	 0.256546	 -0.285934	 -0.612228	 2
1462074569.907	 6	 0.309799	 -0.228104	 -0.710022	 2
1462074569.917	 6	 0.330475	 -0.181641	 -0.741653	 2
1462074569.927	 6	 0.306717	 -0.198273	 -0.796082	 2
1462074569.937	 6	 0.252625	 -0.217224	 -0.800369	 2
1462074569.947	 6	 0.188690	 -0.238129	 -0.803680	 2
1462074569.957	 6	 0.166412	 -0.251923	 -0.837296	 2
1462074569.967	 6	 0.126480	 -0.296555	 -0.858337	 2
1462074569.977	 6	 0.186096	 -0.283142	 -0.827393	 2
1462074569.987	 6	 0.182129	 -0.330780	 -0.803345	 2
1462074569.997	 6	 0.229675	 -0.351288	 -0.791641	 2
1462074570.007	 6	 0.213364	 -0.407669	 -0.914062	 2
1462074570.017	 6	 0.255066	 -0.392364	 -0.958664	 2
1462074570.027	 6	 0.271378	 -0.384140	 -1.003433	 2
1462074570.037	 6	 0.270370	 -0.390717	 -1.013321	 2
1462074570.047	 6	 0.218826	 -0.400757	 -1.035492	 2
1462074570.057	 6	 0.149704	 -0.372314	 -1.018646	 2
1462074570.067	 6	 0.098541	 -0.409744	 -1.000839	 2
1462074570.077	 6	 0.155319	 -0.334763	 -0.893204	 2
1462074570.087	 6	 0.185425	 -0.310959	 -0.782501	 2
1462074570.097	 6	 0.248413	 -0.321533	 -0.724197	 2
1462074570.107	 6	 0.260025	 -0.388947	 -0.793823	 2
1462074570.117	 6	 0.188095	 -0.482285	 -0.918503	 2
1462074570.127	 6	 0.239960	 -0.468689	 -0.913071	 2
1462074570.137	 6	 0.273438	 -0.429245	 -0.933945	 2
1462074570.147	 6	 0.265259	 -0.372940	 -0.930984	 2
1462074570.157	 6	 0.228394	 -0.380554	 -0.878113	 2
1462074570.167	 6	 0.210510	 -0.413605	 -0.824844	 2
1462074570.177	 6	 0.208298	 -0.404511	 -0.768661	 2
1462074570.187	 6	 0.227829	 -0.393234	 -0.691940	 2
1462074570.197	 7	 0.235703	 -0.411179	 -0.720215	 2
1462074570.217	 7	 0.313156	 -0.483124	 -0.746140	 2
1462074570.227	 8	 0.330490	 -0.532394	 -0.771408	 2
1462074570.247	 8	 0.358322	 -0.550690	 -0.860519	 2
1462074570.257	 8	 0.360275	 -0.547333	 -0.869873	 2
1462074570.267	 8	 0.342728	 -0.569870	 -0.833572	 2
1462074570.277	 8	 0.316620	 -0.571869	 -0.771256	 2
1462074570.287	 8	 0.283966	 -0.542526	 -0.717651	 2
1462074570.297	 8	 0.237854	 -0.524307	 -0.662003	 2
1462074570.307	 8	 0.204971	 -0.498093	 -0.619263	 2
1462074570.317	 8	 0.194748	 -0.473679	 -0.622009	 2
1462074570.327	 8	 0.188995	 -0.456650	 -0.641983	 2
1462074570.337	 8	 0.187485	 -0.444916	 -0.647110	 2
1462074570.347	 8	 0.180145	 -0.465515	 -0.655319	 2
1462074570.357	 8	 0.178894	 -0.476746	 -0.689468	 2
1462074570.367	 8	 0.179337	 -0.477188	 -0.689438	 2
1462074570.377	 8	 0.158691	 -0.494766	 -0.658936	 2
1462074570.387	 8	 0.151093	 -0.500763	 -0.628235	 2
1462074570.397	 8	 0.140579	 -0.518250	 -0.615906	 2
1462074570.407	 8	 0.130432	 -0.512756	 -0.595856	 2
1462074570.417	 8	 0.119141	 -0.515610	 -0.580261	 2
1462074570.427	 8	 0.111176	 -0.524780	 -0.579681	 2
1462074570.437	 8	 0.100586	 -0.529678	 -0.597305	 2
1462074570.447	 8	 0.100906	 -0.534195	 -0.610321	 2
1462074570.457	 8	 0.094788	 -0.542892	 -0.622925	 2
1462074570.467	 8	 0.084854	 -0.558472	 -0.636139	 2
1462074570.477	 8	 0.090714	 -0.569443	 -0.667358	 2
1462074570.487	 8	 0.089401	 -0.588760	 -0.694687	 2
1462074570.497	 8	 0.089554	 -0.610046	 -0.718826	 2
1462074570.507	 8	 0.088852	 -0.621597	 -0.735138	 2
1462074570.517	 8	 0.094391	 -0.653915	 -0.727707	 2
1462074570.527	 8	 0.105011	 -0.680801	 -0.723740	 2
1462074570.537	 8	 0.108673	 -0.720230	 -0.740540	 2
1462074570.547	 8	 0.127686	 -0.703110	 -0.749512	 2
1462074570.557	 8	 0.090240	 -0.736359	 -0.779190	 2
1462074570.567	 8	 0.091583	 -0.782913	 -0.781189	 2
1462074570.577	 8	 0.108932	 -0.750488	 -0.850647	 2
1462074570.587	 8	 0.098114	 -0.805145	 -0.895050	 2
1462074570.597	 8	 0.057892	 -0.861588	 -0.910309	 2
1462074570.607	 8	 0.020920	 -0.882812	 -0.931366	 2
1462074570.617	 8	 -0.118530	 -0.934708	 -1.059296	 2
1462074570.627	 8	 -0.006561	 -0.779587	 -0.853195	 2
1462074570.637	 8	 0.040970	 -0.735382	 -0.613205	 2
1462074570.647	 9	 0.003799	 -0.733322	 -0.625198	 2
1462074570.667	 9	 0.053116	 -0.667145	 -0.939178	 2
1462074570.677	 9	 0.076141	 -0.625397	 -0.988510	 2
1462074570.687	 9	 0.103256	 -0.572052	 -1.059326	 2
1462074570.697	 9	 0.103882	 -0.520874	 -1.101959	 2
