% Accelerometer data recorded with 'snsrlog'
% 
% Sampling frequency: 100 Hz
% 
% Label description:
% 	 0: Default Label
% 	 1: still_drop
% 	 2: walk_drop
% 	 3: other
% 	 4: dtw_same
% 	 5: dtw_diff
% 	 6: delete
% 
% Column description:
% 	 1: Seconds.milliseconds since 1970
% 	 2: Number of skipped measurements
% 	 3: Acceleration value in x-direction
% 	 4: Acceleration value in y-direction
% 	 5: Acceleration value in z-direction
% 	 6: Label used for the current sample
% 
% 
1462091983.859	 0	 0.804657	 0.450851	 -0.908844	 2
1462091983.869	 0	 0.817459	 0.488144	 -0.889084	 2
1462091983.879	 0	 0.770966	 0.463470	 -0.867889	 2
1462091983.889	 0	 0.809464	 0.431656	 -0.838379	 2
1462091983.899	 0	 0.911865	 0.415543	 -0.846451	 2
1462091983.909	 0	 1.007751	 0.370926	 -0.906433	 2
1462091983.919	 0	 1.044296	 0.317337	 -0.904755	 2
1462091983.929	 0	 1.039612	 0.309875	 -0.844391	 2
1462091983.939	 0	 1.011444	 0.317963	 -0.733261	 2
1462091983.949	 0	 0.958176	 0.351440	 -0.602585	 2
1462091983.959	 0	 0.883209	 0.427582	 -0.492828	 2
1462091983.969	 0	 0.893539	 0.473816	 -0.341095	 2
1462091983.979	 0	 0.960587	 0.482178	 -0.255920	 2
1462091983.989	 0	 1.142563	 0.397385	 -0.257874	 2
1462091983.999	 0	 1.231018	 0.317703	 -0.392731	 2
1462091984.009	 0	 1.291367	 0.342712	 -0.539062	 2
1462091984.019	 0	 1.396866	 0.313400	 -0.680115	 2
1462091984.029	 0	 1.379440	 0.262115	 -0.785507	 2
1462091984.039	 0	 1.312286	 0.277176	 -0.826828	 2
1462091984.049	 0	 1.189636	 0.294495	 -0.817764	 2
1462091984.059	 0	 1.089844	 0.319290	 -0.732147	 2
1462091984.069	 0	 1.031403	 0.361725	 -0.565552	 2
1462091984.079	 0	 1.003326	 0.379990	 -0.402527	 2
1462091984.089	 0	 0.999313	 0.345856	 -0.281631	 2
1462091984.099	 0	 1.000229	 0.324478	 -0.229935	 2
1462091984.109	 0	 1.149704	 0.303116	 -0.241318	 2
1462091984.129	 1	 1.250122	 0.095276	 -0.349564	 2
1462091984.139	 1	 1.302429	 0.106857	 -0.383499	 2
1462091984.149	 1	 1.287659	 0.092087	 -0.372009	 2
1462091984.159	 2	 1.259583	 0.105881	 -0.337448	 2
1462091984.179	 3	 1.322586	 0.170273	 -0.261978	 2
1462091984.199	 3	 1.421646	 0.025986	 -0.139114	 2
1462091984.209	 3	 1.456268	 -0.017197	 -0.095413	 2
1462091984.219	 3	 1.572235	 -0.035309	 -0.057632	 2
1462091984.229	 3	 1.587402	 -0.134445	 0.095078	 2
1462091984.239	 3	 1.479004	 -0.118103	 0.075897	 2
1462091984.249	 3	 1.457916	 -0.053177	 0.127640	 2
1462091984.259	 3	 1.393829	 -0.026978	 0.199081	 2
1462091984.269	 3	 1.321487	 -0.002899	 0.253510	 2
1462091984.279	 3	 1.300262	 0.011658	 0.305786	 2
1462091984.289	 3	 1.329620	 0.010406	 0.398163	 2
1462091984.299	 3	 1.348190	 -0.031479	 0.499268	 2
1462091984.309	 3	 1.326981	 -0.053772	 0.547470	 2
1462091984.319	 3	 1.322357	 -0.065536	 0.574905	 2
1462091984.329	 3	 1.297424	 -0.043991	 0.551102	 2
1462091984.339	 3	 1.271973	 -0.003464	 0.540909	 2
1462091984.349	 3	 1.178543	 0.046814	 0.495758	 2
1462091984.359	 3	 1.120575	 0.115005	 0.430832	 2
1462091984.369	 3	 1.093842	 0.218414	 0.324310	 2
1462091984.379	 3	 1.037750	 0.255920	 0.238800	 2
1462091984.389	 3	 0.973953	 0.283401	 0.251678	 2
1462091984.399	 3	 0.923248	 0.285889	 0.347321	 2
1462091984.409	 3	 0.944794	 0.276367	 0.449615	 2
1462091984.419	 3	 0.980148	 0.226547	 0.404724	 2
1462091984.429	 3	 0.988632	 0.223633	 0.280395	 2
1462091984.439	 3	 0.943054	 0.275589	 0.167053	 2
1462091984.449	 3	 0.853378	 0.376495	 0.038834	 2
1462091984.459	 3	 0.777176	 0.502060	 -0.058319	 2
1462091984.469	 3	 0.747528	 0.554276	 -0.121613	 2
1462091984.479	 3	 0.752564	 0.607010	 -0.078369	 2
1462091984.489	 3	 0.681747	 0.636078	 -0.030334	 2
1462091984.499	 3	 0.683472	 0.584427	 -0.196442	 2
1462091984.509	 3	 0.667679	 0.669998	 -0.306992	 2
1462091984.519	 3	 0.642273	 0.726624	 -0.308319	 2
1462091984.529	 3	 0.613281	 0.768250	 -0.247284	 2
1462091984.539	 3	 0.644119	 0.755051	 -0.118103	 2
1462091984.549	 3	 0.717239	 0.726074	 -0.029510	 2
1462091984.559	 3	 0.783783	 0.703217	 -0.015305	 2
1462091984.569	 3	 0.836563	 0.709412	 -0.039886	 2
1462091984.579	 3	 0.873367	 0.669327	 -0.056473	 2
1462091984.589	 3	 0.925751	 0.552063	 -0.016983	 2
1462091984.599	 3	 0.912430	 0.436722	 0.034927	 2
1462091984.609	 3	 0.907593	 0.404083	 0.012756	 2
1462091984.619	 3	 0.907013	 0.455963	 -0.047409	 2
1462091984.629	 3	 0.894821	 0.479721	 -0.083099	 2
1462091984.639	 3	 0.891495	 0.493301	 -0.100845	 2
1462091984.649	 3	 0.753479	 0.535446	 -0.108032	 2
1462091984.659	 3	 0.696747	 0.579208	 -0.100433	 2
1462091984.669	 3	 0.646118	 0.564423	 -0.101364	 2
1462091984.679	 3	 0.618149	 0.543076	 -0.102890	 2
1462091984.689	 3	 0.612473	 0.542023	 -0.082382	 2
1462091984.699	 3	 0.629654	 0.595520	 -0.035431	 2
1462091984.709	 3	 0.681686	 0.612869	 -0.022125	 2
1462091984.719	 3	 0.791016	 0.455597	 -0.010071	 2
1462091984.729	 3	 0.876785	 0.430038	 0.057205	 2
1462091984.739	 3	 0.913879	 0.382156	 0.072708	 2
1462091984.749	 3	 1.003540	 0.301605	 0.069839	 2
1462091984.759	 3	 1.015686	 0.240997	 0.046082	 2
1462091984.769	 3	 0.966202	 0.270691	 -0.014648	 2
1462091984.779	 4	 0.893234	 0.374390	 -0.086411	 2
1462091984.799	 4	 0.815949	 0.647629	 -0.122787	 2
1462091984.809	 4	 0.820282	 0.736908	 -0.048798	 2
1462091984.819	 4	 0.856598	 0.784180	 0.133591	 2
1462091984.829	 4	 0.838837	 0.722504	 0.112106	 2
1462091984.839	 5	 0.896454	 0.681946	 0.163879	 2
1462091984.859	 5	 1.042191	 0.606369	 0.219498	 2
1462091984.869	 5	 1.129471	 0.621780	 0.088593	 2
1462091984.879	 5	 1.182770	 0.661179	 -0.025253	 2
1462091984.889	 5	 1.185959	 0.687256	 -0.081650	 2
1462091984.899	 5	 1.146042	 0.701599	 -0.082901	 2
1462091984.909	 5	 1.108093	 0.715317	 -0.012085	 2
1462091984.919	 5	 1.100403	 0.686020	 0.058929	 2
1462091984.929	 5	 1.087875	 0.660599	 0.080322	 2
1462091984.939	 6	 1.056961	 0.663910	 0.101547	 2
1462091984.959	 6	 0.993683	 0.670181	 0.205002	 2
1462091984.969	 6	 1.013138	 0.667969	 0.146790	 2
1462091984.979	 6	 0.962875	 0.675262	 0.082474	 2
1462091984.989	 6	 1.014877	 0.667389	 0.087845	 2
1462091984.999	 6	 1.080978	 0.619736	 0.059082	 2
1462091985.009	 6	 1.011703	 0.593201	 0.027832	 2
1462091985.019	 6	 0.935028	 0.620361	 0.037888	 2
1462091985.029	 7	 0.903122	 0.677597	 -0.015778	 2
1462091985.049	 7	 0.877960	 0.765350	 -0.148315	 2
1462091985.059	 7	 0.915558	 0.797730	 -0.170959	 2
1462091985.069	 7	 1.013443	 0.820801	 -0.174866	 2
1462091985.079	 7	 1.124939	 0.791931	 -0.157410	 2
1462091985.089	 7	 1.235626	 0.734619	 -0.140945	 2
1462091985.099	 7	 1.294281	 0.747192	 -0.172119	 2
1462091985.109	 7	 1.267776	 0.816986	 -0.253082	 2
1462091985.119	 7	 1.216522	 0.898697	 -0.217712	 2
1462091985.129	 7	 1.144318	 0.944656	 -0.120483	 2
1462091985.139	 7	 1.092041	 0.915604	 -0.058594	 2
1462091985.149	 7	 0.929993	 0.790131	 -0.039551	 2
1462091985.159	 7	 0.782013	 0.713806	 -0.024353	 2
1462091985.169	 7	 0.706360	 0.587402	 -0.065750	 2
1462091985.179	 8	 0.665543	 0.353363	 -0.103897	 2
1462091985.199	 8	 0.790512	 0.440506	 -0.091873	 2
1462091985.209	 8	 0.751480	 0.555313	 -0.097397	 2
1462091985.219	 8	 0.727860	 0.619507	 -0.009933	 2
1462091985.229	 8	 0.615112	 0.554916	 0.082092	 2
1462091985.239	 8	 0.270844	 0.531326	 0.140808	 2
1462091985.249	 8	 -0.092117	 0.428909	 0.146500	 2
1462091985.259	 8	 -0.279068	 0.328018	 0.312500	 2
1462091985.269	 8	 -0.132324	 0.321182	 0.378555	 2
1462091985.279	 8	 0.008041	 0.411575	 0.259323	 2
1462091985.289	 8	 0.047531	 0.518600	 -0.621216	 2
1462091985.299	 9	 0.074890	 0.490479	 0.190155	 2
1462091985.319	 9	 0.117569	 0.176132	 0.046371	 2
1462091985.329	 9	 0.199829	 0.168732	 -0.089142	 2
1462091985.339	 9	 0.271408	 0.188202	 -0.087860	 2
1462091985.349	 9	 0.399109	 0.233459	 0.006622	 2
1462091985.359	 9	 0.567657	 0.245071	 0.247894	 2
1462091985.369	 9	 0.751251	 0.256363	 0.864655	 2
1462091985.379	 9	 0.917709	 0.277908	 1.266739	 2
1462091985.389	 9	 1.081863	 0.337540	 1.277161	 2
1462091985.399	 9	 1.291718	 0.386719	 1.052734	 2
1462091985.409	 9	 1.513763	 0.475006	 0.868897	 2
1462091985.419	 9	 1.584991	 0.516907	 0.705368	 2
1462091985.429	 9	 1.631866	 0.592972	 0.669022	 2
1462091985.439	 9	 1.659134	 0.655930	 0.779251	 2
1462091985.449	 9	 1.448166	 0.570663	 0.784241	 2
1462091985.459	 9	 0.816650	 0.431931	 0.563217	 2
1462091985.469	 9	 0.796783	 0.519608	 0.557617	 2
1462091985.479	 9	 0.896606	 0.730972	 0.575165	 2
1462091985.489	 9	 0.920929	 0.735825	 0.583725	 2
1462091985.499	 9	 0.955688	 0.745483	 0.347244	 2
1462091985.509	 9	 0.996567	 1.052048	 -0.142670	 2
1462091985.519	 9	 1.128418	 1.265869	 -0.400696	 2
1462091985.529	 9	 1.173950	 0.991196	 -0.384110	 2
1462091985.539	 9	 0.936478	 0.698227	 -0.248917	 2
1462091985.549	 9	 0.655441	 0.490036	 0.256027	 2
1462091985.559	 9	 0.296494	 0.459290	 0.763092	 2
1462091985.569	 9	 0.143860	 0.409561	 0.645645	 2
1462091985.579	 9	 0.295456	 0.717682	 0.268433	 2
1462091985.589	 9	 0.600052	 0.891769	 -0.060989	 2
1462091985.599	 9	 0.736999	 0.702576	 -0.168579	 2
1462091985.609	 9	 0.702652	 0.758179	 -0.256256	 2
1462091985.619	 9	 0.733048	 0.588425	 -0.191406	 2
1462091985.629	 9	 0.758438	 0.521317	 0.020767	 2
1462091985.639	 9	 0.737717	 0.532562	 0.287155	 2
1462091985.649	 9	 0.685501	 0.514145	 0.420456	 2
1462091985.659	 9	 0.625031	 0.511658	 0.246353	 2
1462091985.669	 9	 0.600861	 0.605606	 0.052063	 2
1462091985.679	 9	 0.611267	 0.598984	 0.009155	 2
1462091985.689	 9	 0.625214	 0.633194	 0.075821	 2
1462091985.699	 9	 0.631409	 0.594757	 0.158493	 2
1462091985.709	 9	 0.627274	 0.509628	 0.212769	 2
1462091985.719	 9	 0.640335	 0.493973	 0.246155	 2
1462091985.729	 9	 0.665619	 0.552155	 0.279861	 2
1462091985.739	 9	 0.672302	 0.572662	 0.230789	 2
1462091985.749	 9	 0.669922	 0.578934	 0.185776	 2
1462091985.759	 9	 0.671631	 0.585510	 0.179886	 2
1462091985.769	 9	 0.708496	 0.561356	 0.171448	 2
1462091985.779	 9	 0.732529	 0.523727	 0.162094	 2
1462091985.789	 9	 0.745834	 0.511459	 0.174103	 2
1462091985.799	 9	 0.763306	 0.553757	 0.153290	 2
1462091985.809	 9	 0.794220	 0.557373	 0.115799	 2
1462091985.819	 9	 0.904205	 0.606277	 0.027420	 2
1462091985.829	 9	 0.951904	 0.675003	 -0.024414	 2
1462091985.839	 9	 0.952728	 0.717957	 -0.001663	 2
1462091985.849	 9	 0.898682	 0.717422	 0.049957	 2
1462091985.859	 9	 0.839661	 0.685822	 0.100998	 2
1462091985.869	 9	 0.781265	 0.619675	 0.152817	 2
1462091985.879	 9	 0.731857	 0.579483	 0.170105	 2
1462091985.889	 9	 0.674026	 0.573914	 0.181061	 2
1462091985.899	 9	 0.614883	 0.591858	 0.237305	 2
1462091985.909	 9	 0.586777	 0.621185	 0.322479	 2
1462091985.919	 9	 0.602264	 0.600464	 0.418533	 2
1462091985.929	 9	 0.621963	 0.705246	 0.478470	 2
1462091985.939	 9	 0.690155	 0.927994	 0.490173	 2
1462091985.949	 9	 0.763016	 1.072372	 0.482422	 2
1462091985.959	 9	 0.792358	 1.111633	 0.385727	 2
1462091985.969	 9	 0.849792	 1.195755	 0.283524	 2
1462091985.979	 9	 0.921661	 1.276566	 0.200378	 2
1462091985.989	 9	 0.961060	 1.275711	 0.126907	 2
1462091985.999	 9	 0.984665	 1.208984	 0.105118	 2
1462091986.009	 9	 0.967957	 1.144028	 0.135696	 2
1462091986.019	 9	 0.903214	 1.103088	 0.199661	 2
1462091986.029	 9	 0.826797	 1.063080	 0.343033	 2
1462091986.039	 9	 0.749084	 0.986145	 0.469238	 2
1462091986.049	 9	 0.828262	 0.970215	 0.524506	 2
1462091986.059	 9	 0.885147	 0.983536	 0.489563	 2
1462091986.069	 9	 0.876328	 0.937347	 0.450714	 2
1462091986.079	 9	 0.789688	 0.859894	 0.466431	 2
1462091986.089	 9	 0.773849	 0.908127	 0.462540	 2
1462091986.099	 9	 0.748291	 0.902863	 0.382904	 2
1462091986.109	 9	 0.733078	 0.848953	 0.367584	 2
1462091986.119	 9	 0.714676	 0.735870	 0.393082	 2
1462091986.129	 9	 0.754211	 0.704819	 0.258591	 2
1462091986.139	 9	 0.768509	 0.738556	 0.064941	 2
1462091986.149	 9	 0.812897	 0.724060	 0.001419	 2
1462091986.159	 9	 0.841614	 0.692596	 -0.016342	 2
1462091986.169	 9	 0.882416	 0.682129	 -0.058182	 2
1462091986.179	 9	 0.954117	 0.795441	 -0.095016	 2
1462091986.189	 9	 1.000595	 1.022614	 -0.136780	 2
1462091986.199	 9	 1.015839	 1.202210	 -0.250687	 2
1462091986.209	 9	 0.999847	 1.251938	 -0.343109	 2
1462091986.219	 9	 0.956512	 1.221268	 -0.380386	 2
1462091986.229	 9	 0.915573	 1.214127	 -0.244339	 2
1462091986.239	 9	 0.842224	 1.227280	 -0.043930	 2
1462091986.249	 9	 0.699783	 1.188446	 0.087860	 2
1462091986.259	 9	 0.547730	 1.115738	 0.157761	 2
1462091986.269	 9	 0.380066	 1.071121	 0.185211	 2
1462091986.279	 9	 0.230087	 1.008804	 0.224548	 2
1462091986.289	 9	 0.155533	 0.883255	 0.273071	 2
1462091986.299	 9	 0.102890	 0.738068	 0.273514	 2
1462091986.309	 9	 0.070953	 0.652924	 0.370926	 2
1462091986.319	 9	 0.083496	 0.541779	 0.380768	 2
1462091986.329	 9	 0.128571	 0.468643	 0.345917	 2
1462091986.339	 9	 0.167694	 0.446686	 0.242493	 2
1462091986.349	 9	 0.176086	 0.412186	 0.136642	 2
1462091986.359	 9	 0.132080	 0.329178	 0.031204	 2
1462091986.369	 9	 0.081024	 0.234482	 -0.143356	 2
1462091986.379	 9	 0.085571	 0.203232	 -0.231125	 2
1462091986.389	 9	 0.127075	 0.234604	 -0.116409	 2
1462091986.399	 9	 0.161972	 0.296082	 -0.000656	 2
1462091986.409	 9	 0.172241	 0.375397	 0.003006	 2
1462091986.419	 9	 0.153427	 0.469162	 0.003754	 2
1462091986.429	 9	 0.134537	 0.570038	 0.092117	 2
1462091986.439	 9	 0.122269	 0.592850	 0.153854	 2
1462091986.449	 9	 0.142151	 0.542175	 0.186707	 2
1462091986.459	 9	 0.229172	 0.538818	 0.236359	 2
1462091986.469	 9	 0.311005	 0.605377	 0.374664	 2
1462091986.479	 9	 0.304611	 0.709656	 0.555145	 2
1462091986.489	 9	 0.400604	 0.858688	 0.760834	 2
1462091986.499	 9	 0.553131	 1.019684	 1.197510	 2
1462091986.509	 9	 0.827362	 1.122513	 1.704651	 2
1462091986.519	 9	 0.971359	 1.169006	 1.854294	 2
1462091986.529	 9	 0.847687	 1.172867	 2.036484	 2
1462091986.539	 9	 0.776688	 1.129211	 1.644424	 2
1462091986.549	 9	 0.711334	 0.868713	 1.117081	 2
1462091986.559	 9	 0.811737	 0.756103	 0.855835	 2
1462091986.569	 9	 0.846161	 0.863663	 0.483887	 2
1462091986.579	 9	 0.704346	 1.083328	 0.321686	 2
1462091986.589	 9	 0.484238	 1.141479	 0.484955	 2
1462091986.599	 9	 0.517899	 1.119965	 0.526215	 2
1462091986.609	 9	 0.533859	 1.046173	 0.515121	 2
1462091986.619	 9	 0.485977	 1.072556	 0.525604	 2
1462091986.629	 9	 0.482422	 1.135452	 0.513779	 2
1462091986.639	 9	 0.505081	 1.103439	 0.394470	 2
1462091986.649	 9	 0.454193	 1.042404	 0.147141	 2
1462091986.659	 9	 0.306763	 0.806107	 0.083450	 2
1462091986.669	 9	 0.168091	 0.687134	 0.118958	 2
1462091986.679	 9	 0.237732	 0.665527	 0.188919	 2
1462091986.689	 9	 0.331207	 0.706680	 0.171997	 2
1462091986.699	 9	 0.322800	 0.755814	 0.083008	 2
1462091986.709	 9	 0.185791	 0.786453	 -0.025818	 2
1462091986.719	 9	 0.095291	 0.729828	 -0.074326	 2
1462091986.729	 9	 0.131668	 0.671799	 -0.100189	 2
1462091986.739	 9	 0.132370	 0.614105	 -0.115753	 2
1462091986.749	 9	 0.105392	 0.592377	 -0.034210	 2
1462091986.759	 9	 0.052277	 0.714233	 0.091583	 2
1462091986.769	 9	 -0.041794	 0.846207	 0.161118	 2
1462091986.779	 9	 -0.075455	 1.058472	 0.229034	 2
1462091986.789	 9	 -0.029999	 1.221939	 0.249832	 2
1462091986.799	 9	 0.114426	 1.288101	 0.226364	 2
1462091986.809	 9	 0.309189	 1.269089	 0.153137	 2
1462091986.819	 9	 0.472244	 1.177444	 0.073029	 2
1462091986.829	 9	 0.640442	 1.096085	 0.036102	 2
1462091986.839	 9	 0.737381	 1.009415	 0.013412	 2
1462091986.849	 9	 0.784912	 0.923981	 0.016052	 2
1462091986.859	 9	 0.812515	 0.887817	 0.030472	 2
1462091986.869	 9	 0.786957	 0.885422	 0.053589	 2
1462091986.879	 9	 0.682266	 0.940491	 0.104736	 2
1462091986.889	 9	 0.643875	 0.898621	 0.156921	 2
1462091986.899	 9	 0.533173	 0.859146	 0.187836	 2
1462091986.909	 9	 0.448517	 0.867706	 0.236588	 2
1462091986.919	 9	 0.406174	 0.958664	 0.232697	 2
1462091986.929	 9	 0.407043	 0.973267	 0.213257	 2
1462091986.939	 9	 0.431564	 0.919373	 0.200699	 2
1462091986.949	 9	 0.441650	 0.862885	 0.212463	 2
1462091986.959	 9	 0.439423	 0.830048	 0.227585	 2
1462091986.969	 9	 0.430557	 0.805847	 0.242218	 2
1462091986.979	 9	 0.432770	 0.792236	 0.242218	 2
1462091986.989	 9	 0.421951	 0.782196	 0.247055	 2
1462091986.999	 9	 0.415573	 0.760193	 0.282898	 2
1462091987.009	 9	 0.373077	 0.784546	 0.253632	 2
1462091987.019	 9	 0.335602	 0.819427	 0.241028	 2
1462091987.029	 9	 0.301315	 0.808365	 0.229309	 2
1462091987.039	 9	 0.324097	 0.862305	 0.246460	 2
1462091987.049	 9	 0.387070	 0.902191	 0.241577	 2
1462091987.059	 9	 0.475662	 0.943283	 0.257797	 2
1462091987.069	 9	 0.551163	 0.916504	 0.244354	 2
1462091987.079	 9	 0.588791	 0.942200	 0.211334	 2
1462091987.089	 9	 0.635086	 1.035202	 0.208481	 2
1462091987.099	 9	 0.617432	 1.014282	 0.184418	 2
1462091987.109	 9	 0.633331	 1.006180	 0.193481	 2
1462091987.119	 9	 0.677795	 1.077393	 0.178314	 2
1462091987.129	 9	 0.718506	 1.127243	 0.159576	 2
1462091987.139	 9	 0.751007	 1.173172	 0.177536	 2
1462091987.149	 9	 0.768066	 1.223907	 0.225754	 2
1462091987.159	 9	 0.782394	 1.233444	 0.302048	 2
1462091987.169	 9	 0.792343	 1.219604	 0.400833	 2
1462091987.179	 9	 0.811249	 1.194351	 0.491516	 2
1462091987.189	 9	 0.833710	 1.161377	 0.559540	 2
1462091987.199	 9	 0.819656	 1.116653	 0.520416	 2
1462091987.209	 9	 0.776413	 1.108047	 0.374161	 2
1462091987.219	 9	 0.718536	 1.109543	 0.299347	 2
1462091987.229	 9	 0.653458	 1.079834	 0.341156	 2
1462091987.239	 9	 0.571579	 1.062561	 0.440186	 2
1462091987.249	 9	 0.475616	 1.116196	 0.463333	 2
1462091987.259	 9	 0.464050	 1.187759	 0.217804	 2
1462091987.269	 9	 0.488373	 1.126083	 -0.058319	 2
1462091987.279	 9	 0.475052	 1.099991	 -0.129974	 2
1462091987.289	 9	 0.429596	 1.108597	 -0.079315	 2
1462091987.299	 10	 0.423264	 1.096451	 -0.055618	 2
1462091987.319	 10	 0.470398	 1.222107	 -0.002365	 2
1462091987.329	 10	 0.451935	 1.325073	 -0.007019	 2
1462091987.339	 10	 0.417252	 1.383621	 -0.027100	 2
1462091987.349	 10	 0.356613	 1.385529	 -0.026031	 2
1462091987.359	 10	 0.261047	 1.356995	 -0.039749	 2
1462091987.369	 10	 0.177002	 1.338287	 -0.127075	 2
1462091987.379	 10	 0.141678	 1.359283	 -0.181473	 2
1462091987.389	 10	 0.080078	 1.240738	 -0.230225	 2
1462091987.399	 10	 0.009857	 1.108108	 -0.188858	 2
1462091987.409	 10	 0.014297	 0.995239	 0.083099	 2
1462091987.419	 11	 0.015121	 0.770035	 0.305328	 2
1462091987.439	 11	 0.074966	 0.490433	 0.338348	 2
1462091987.449	 11	 0.067322	 0.474472	 0.271530	 2
1462091987.459	 11	 0.021515	 0.575958	 0.188141	 2
1462091987.469	 11	 0.013947	 0.596390	 0.102554	 2
1462091987.479	 11	 0.014145	 0.562698	 0.026077	 2
1462091987.489	 11	 0.016434	 0.524796	 -0.035202	 2
1462091987.499	 11	 0.012802	 0.505417	 -0.065857	 2
1462091987.509	 11	 0.006104	 0.478699	 -0.067566	 2
1462091987.519	 11	 0.009262	 0.479080	 -0.058838	 2
1462091987.529	 11	 0.008209	 0.507935	 -0.023361	 2
1462091987.539	 11	 -0.006516	 0.536713	 -0.001602	 2
1462091987.549	 11	 -0.027969	 0.562439	 0.009445	 2
1462091987.559	 11	 -0.018234	 0.611542	 0.039703	 2
1462091987.569	 11	 -0.017899	 0.602722	 0.088593	 2
1462091987.579	 11	 -0.036835	 0.585617	 0.110107	 2
1462091987.599	 12	 -0.073090	 0.538162	 0.414291	 2
1462091987.609	 12	 -0.066315	 0.574203	 0.677109	 2
1462091987.619	 12	 -0.014511	 0.771988	 0.997604	 2
1462091987.629	 12	 0.228897	 1.218704	 1.663956	 2
1462091987.639	 13	 0.566818	 1.763947	 2.389450	 2
1462091987.659	 13	 0.695068	 1.140915	 1.397827	 2
1462091987.669	 13	 0.761993	 1.129272	 0.988144	 2
1462091987.679	 13	 0.803406	 1.231186	 0.722076	 2
1462091987.689	 13	 0.745102	 1.234665	 0.454285	 2
1462091987.699	 13	 0.581436	 1.199005	 0.277817	 2
1462091987.709	 13	 0.394028	 1.169174	 0.180862	 2
1462091987.719	 13	 0.249405	 1.178909	 0.174149	 2
1462091987.729	 13	 0.129562	 1.168167	 0.220367	 2
1462091987.749	 14	 0.095901	 1.132385	 0.549118	 2
1462091987.759	 14	 0.246475	 1.088501	 0.587265	 2
1462091987.769	 14	 0.371796	 1.087341	 0.402634	 2
1462091987.779	 14	 0.317444	 1.055389	 0.172668	 2
1462091987.789	 14	 0.109406	 1.002335	 -0.098648	 2
1462091987.799	 14	 0.015091	 0.974396	 -0.186661	 2
1462091987.809	 14	 0.036163	 0.904800	 -0.096329	 2
1462091987.819	 14	 0.004242	 0.831299	 0.088242	 2
1462091987.829	 14	 -0.235901	 0.742523	 0.749817	 2
1462091987.839	 14	 -0.300415	 0.680313	 0.707504	 2
1462091987.849	 14	 -0.139557	 0.831574	 0.106033	 2
1462091987.859	 14	 0.053619	 0.852127	 -0.381241	 2
1462091987.869	 14	 0.063095	 0.839157	 -0.392059	 2
1462091987.879	 14	 0.067520	 0.955093	 -0.309189	 2
1462091987.889	 14	 0.048584	 1.068405	 -0.238098	 2
1462091987.899	 14	 0.025620	 1.127853	 -0.185120	 2
1462091987.909	 14	 0.044662	 1.141571	 -0.130371	 2
1462091987.919	 14	 0.019409	 1.112030	 -0.098923	 2
1462091987.929	 14	 -0.003860	 1.127136	 -0.061996	 2
1462091987.939	 14	 0.021088	 1.078644	 -0.036987	 2
1462091987.949	 14	 0.156509	 1.089661	 0.113083	 2
1462091987.959	 14	 0.245514	 1.114960	 0.188004	 2
1462091987.969	 14	 0.281219	 1.116333	 0.143173	 2
1462091987.979	 14	 0.326080	 1.071960	 0.132874	 2
1462091987.989	 14	 0.366425	 0.952683	 0.197006	 2
1462091987.999	 14	 0.393387	 0.817657	 0.196594	 2
1462091988.009	 14	 0.382462	 0.790131	 0.179077	 2
1462091988.019	 14	 0.351562	 0.785614	 0.161835	 2
1462091988.029	 14	 0.302200	 0.795746	 0.146942	 2
1462091988.039	 14	 0.265671	 0.795731	 0.119385	 2
1462091988.049	 14	 0.243973	 0.804840	 0.079910	 2
1462091988.059	 14	 0.220932	 0.847839	 0.041138	 2
1462091988.069	 14	 0.202164	 0.905075	 0.021698	 2
1462091988.079	 14	 0.213669	 0.924210	 0.008591	 2
1462091988.089	 14	 0.236053	 0.934113	 0.012833	 2
1462091988.099	 14	 0.264496	 0.931427	 0.030228	 2
1462091988.109	 14	 0.304276	 0.898209	 0.033615	 2
1462091988.119	 14	 0.347870	 0.917496	 0.059097	 2
1462091988.129	 14	 0.348694	 0.919464	 0.102158	 2
1462091988.139	 14	 0.316635	 0.911224	 0.163010	 2
1462091988.149	 14	 0.279861	 0.895020	 0.180862	 2
1462091988.159	 14	 0.248917	 0.908295	 0.182770	 2
1462091988.169	 14	 0.227188	 0.934692	 0.172958	 2
1462091988.179	 14	 0.231628	 0.969955	 0.140930	 2
1462091988.189	 14	 0.250717	 0.995407	 0.101242	 2
1462091988.199	 14	 0.263672	 1.001068	 0.056549	 2
1462091988.209	 14	 0.273926	 1.051025	 0.028336	 2
1462091988.219	 14	 0.298401	 1.133911	 0.033401	 2
1462091988.229	 14	 0.320618	 1.201309	 0.024582	 2
1462091988.239	 14	 0.349411	 1.241470	 0.002777	 2
1462091988.249	 14	 0.372009	 1.187607	 -0.052048	 2
1462091988.259	 14	 0.402496	 1.176056	 -0.007904	 2
1462091988.269	 14	 0.438629	 1.220856	 0.020599	 2
1462091988.279	 14	 0.482529	 1.296524	 0.042984	 2
1462091988.289	 14	 0.530380	 1.372025	 0.082718	 2
1462091988.299	 14	 0.553223	 1.381775	 0.167343	 2
1462091988.309	 14	 0.604492	 1.492065	 0.323227	 2
1462091988.319	 14	 0.610825	 1.504730	 0.541702	 2
1462091988.329	 14	 0.562576	 1.269043	 0.681061	 2
1462091988.339	 14	 0.494278	 1.128693	 0.667236	 2
1462091988.349	 14	 0.413940	 1.139908	 0.522934	 2
1462091988.359	 14	 0.364731	 1.122482	 0.443115	 2
1462091988.369	 14	 0.314621	 1.105301	 0.453064	 2
1462091988.379	 14	 0.238586	 1.086761	 0.455338	 2
1462091988.389	 14	 0.145813	 1.120880	 0.393021	 2
1462091988.399	 14	 0.105560	 1.141815	 0.267349	 2
1462091988.409	 14	 0.152161	 1.251221	 0.096497	 2
1462091988.419	 14	 0.247498	 1.355499	 -0.054092	 2
1462091988.429	 14	 0.315689	 1.435318	 -0.131012	 2
1462091988.439	 14	 0.333893	 1.491150	 -0.149933	 2
1462091988.449	 14	 0.297760	 1.504684	 -0.159714	 2
1462091988.459	 14	 0.268524	 1.547546	 -0.182663	 2
1462091988.469	 14	 0.219101	 1.585999	 -0.189774	 2
1462091988.480	 14	 0.180481	 1.536179	 -0.168381	 2
1462091988.489	 14	 0.160812	 1.394150	 -0.056061	 2
1462091988.500	 14	 0.158371	 1.291168	 0.127441	 2
1462091988.510	 14	 0.130585	 1.191711	 0.285980	 2
1462091988.520	 14	 0.110229	 1.074341	 0.368759	 2
1462091988.530	 14	 0.115448	 0.977905	 0.423325	 2
1462091988.540	 14	 0.131897	 0.890640	 0.429886	 2
1462091988.550	 14	 0.143631	 0.820114	 0.377548	 2
1462091988.560	 14	 0.133774	 0.758606	 0.328842	 2
1462091988.570	 14	 0.105881	 0.697067	 0.259552	 2
1462091988.580	 14	 0.083755	 0.640015	 0.196732	 2
1462091988.590	 14	 0.057556	 0.609711	 0.097153	 2
1462091988.600	 14	 0.037903	 0.597443	 0.019714	 2
1462091988.610	 14	 0.018158	 0.585571	 -0.008240	 2
1462091988.620	 14	 0.014832	 0.557877	 -0.020142	 2
1462091988.630	 14	 0.015564	 0.522278	 -0.038071	 2
1462091988.640	 14	 0.014435	 0.478104	 -0.053345	 2
1462091988.650	 14	 0.011810	 0.468201	 -0.048843	 2
1462091988.659	 14	 0.004501	 0.448196	 -0.039215	 2
1462091988.669	 14	 -0.009735	 0.437073	 -0.008774	 2
1462091988.680	 14	 -0.031219	 0.441360	 0.022339	 2
1462091988.690	 14	 -0.040497	 0.466965	 0.052414	 2
1462091988.700	 14	 -0.038406	 0.512512	 0.067413	 2
1462091988.710	 14	 -0.030075	 0.553787	 0.072296	 2
1462091988.720	 14	 -0.025055	 0.613159	 0.146530	 2
1462091988.730	 14	 -0.011383	 0.660583	 0.279602	 2
1462091988.740	 14	 -0.024658	 0.675400	 0.494415	 2
1462091988.750	 14	 -0.074066	 0.638336	 0.780563	 2
1462091988.760	 14	 -0.037567	 0.628891	 1.097382	 2
1462091988.769	 14	 0.282059	 0.962997	 1.438675	 2
1462091988.780	 14	 0.654770	 1.270508	 1.737076	 2
1462091988.790	 14	 0.838913	 1.108444	 1.906555	 2
1462091988.800	 14	 0.803177	 1.033447	 1.426971	 2
1462091988.810	 14	 0.847000	 1.182602	 1.051880	 2
1462091988.820	 14	 0.904617	 1.298935	 0.782486	 2
1462091988.830	 14	 0.939758	 1.288605	 0.540085	 2
1462091988.840	 14	 0.867844	 1.211975	 0.365479	 2
1462091988.850	 14	 0.605545	 1.201202	 0.262070	 2
1462091988.860	 14	 0.377930	 1.267838	 0.190765	 2
1462091988.870	 14	 0.212677	 1.284988	 0.209854	 2
1462091988.880	 14	 0.093536	 1.266342	 0.332855	 2
1462091988.890	 14	 0.019165	 1.299133	 0.524414	 2
1462091988.900	 14	 0.027786	 1.319031	 0.720901	 2
1462091988.910	 14	 0.249481	 1.215836	 0.612381	 2
1462091988.920	 14	 0.409744	 1.152786	 0.318863	 2
1462091988.930	 14	 0.386597	 1.062683	 -0.016663	 2
1462091988.940	 14	 0.211029	 0.994324	 -0.318283	 2
1462091988.950	 14	 -0.001846	 1.055359	 -0.323883	 2
1462091988.960	 14	 -0.198013	 1.067886	 0.032654	 2
1462091988.970	 14	 -0.431290	 0.904312	 0.819595	 2
1462091988.980	 14	 -0.526962	 0.741867	 0.971008	 2
1462091988.990	 14	 -0.398315	 0.869400	 0.446198	 2
1462091989.000	 14	 -0.273239	 0.919556	 0.034653	 2
1462091989.010	 14	 -0.154770	 0.854401	 -0.264832	 2
1462091989.020	 14	 -0.044647	 0.890762	 -0.397476	 2
1462091989.030	 14	 0.048386	 0.904190	 -0.415482	 2
1462091989.040	 14	 0.078049	 0.831436	 -0.299728	 2
1462091989.050	 14	 0.217133	 0.896713	 0.201447	 2
1462091989.060	 14	 0.203354	 0.926514	 0.459686	 2
1462091989.070	 14	 0.151505	 0.990204	 0.497116	 2
1462091989.080	 14	 0.119293	 1.099686	 0.365082	 2
1462091989.090	 14	 0.122452	 1.192856	 0.178467	 2
1462091989.100	 14	 0.152786	 1.241638	 0.114700	 2
1462091989.110	 14	 0.197784	 1.173737	 0.172760	 2
1462091989.120	 14	 0.230637	 1.052597	 0.251526	 2
1462091989.130	 14	 0.256638	 0.949188	 0.298904	 2
1462091989.140	 14	 0.249222	 0.870529	 0.311493	 2
1462091989.150	 14	 0.222336	 0.826706	 0.313797	 2
1462091989.160	 14	 0.198563	 0.784256	 0.333954	 2
1462091989.170	 14	 0.179276	 0.753708	 0.359192	 2
1462091989.180	 14	 0.128571	 0.743057	 0.332138	 2
1462091989.190	 14	 0.072571	 0.772583	 0.251877	 2
1462091989.200	 14	 0.045074	 0.816940	 0.201126	 2
1462091989.210	 14	 0.041443	 0.856369	 0.181320	 2
1462091989.220	 14	 0.035583	 0.881622	 0.115967	 2
1462091989.230	 14	 0.046814	 0.896530	 0.202515	 2
1462091989.240	 14	 0.059662	 0.929642	 0.245407	 2
1462091989.250	 14	 0.081619	 1.017090	 0.255249	 2
1462091989.260	 14	 0.092819	 1.008759	 0.263611	 2
1462091989.270	 14	 0.103577	 0.990128	 0.272781	 2
1462091989.280	 14	 0.126556	 0.968475	 0.266830	 2
1462091989.290	 14	 0.149719	 0.927002	 0.233582	 2
1462091989.300	 14	 0.179199	 0.898117	 0.181168	 2
1462091989.310	 14	 0.204346	 0.896896	 0.142654	 2
1462091989.320	 14	 0.196579	 0.899017	 0.119507	 2
1462091989.330	 14	 0.135864	 0.920792	 0.151794	 2
1462091989.340	 14	 0.092560	 0.991425	 0.239624	 2
1462091989.350	 14	 0.060196	 1.030502	 0.337906	 2
1462091989.360	 14	 0.054504	 1.046677	 0.413666	 2
1462091989.370	 14	 0.060623	 1.048950	 0.461975	 2
1462091989.380	 14	 0.070282	 1.044937	 0.466095	 2
1462091989.390	 14	 0.100250	 1.053375	 0.417282	 2
1462091989.400	 14	 0.146957	 1.130112	 0.404221	 2
1462091989.410	 14	 0.192551	 1.234238	 0.495178	 2
1462091989.420	 14	 0.229462	 1.237259	 0.572586	 2
1462091989.430	 14	 0.296021	 1.239868	 0.552887	 2
1462091989.440	 14	 0.366547	 1.246613	 0.543747	 2
1462091989.450	 14	 0.400421	 1.243561	 0.538971	 2
1462091989.460	 14	 0.401291	 1.314529	 0.489319	 2
1462091989.470	 14	 0.383743	 1.406296	 0.474640	 2
1462091989.480	 14	 0.360565	 1.448883	 0.500458	 2
1462091989.490	 14	 0.342712	 1.461029	 0.572632	 2
1462091989.500	 14	 0.305740	 1.441971	 0.668274	 2
1462091989.510	 14	 0.239975	 1.386749	 0.710861	 2
1462091989.520	 14	 0.173874	 1.313965	 0.688965	 2
1462091989.530	 14	 0.140701	 1.183746	 0.545212	 2
1462091989.540	 14	 0.142639	 1.108719	 0.389664	 2
1462091989.550	 14	 0.140701	 1.089661	 0.244858	 2
1462091989.560	 14	 0.090729	 1.071274	 0.174240	 2
1462091989.570	 14	 0.006622	 1.057617	 0.146729	 2
1462091989.580	 14	 -0.084824	 1.086624	 0.196396	 2
1462091989.590	 14	 -0.154572	 1.173782	 0.309921	 2
1462091989.600	 14	 -0.205826	 1.293915	 0.429306	 2
1462091989.610	 14	 -0.231277	 1.353226	 0.498718	 2
1462091989.620	 14	 -0.231613	 1.401978	 0.558701	 2
1462091989.630	 14	 -0.193710	 1.351059	 0.583969	 2
1462091989.640	 14	 -0.140167	 1.202942	 0.577652	 2
1462091989.650	 14	 -0.095673	 1.049332	 0.562714	 2
1462091989.660	 14	 -0.050522	 0.891846	 0.509491	 2
1462091989.670	 14	 -0.001587	 0.745956	 0.427017	 2
1462091989.680	 14	 0.032715	 0.629288	 0.333313	 2
1462091989.690	 14	 0.066055	 0.540894	 0.265030	 2
1462091989.700	 14	 0.066406	 0.468674	 0.220581	 2
1462091989.710	 14	 0.045624	 0.426239	 0.208115	 2
1462091989.720	 14	 0.013977	 0.401245	 0.206100	 2
1462091989.730	 14	 -0.017929	 0.377274	 0.200058	 2
1462091989.740	 14	 -0.058258	 0.376129	 0.197250	 2
1462091989.750	 14	 -0.089249	 0.412125	 0.208969	 2
1462091989.760	 14	 -0.097443	 0.484375	 0.264252	 2
1462091989.770	 14	 -0.113449	 0.574234	 0.361755	 2
1462091989.780	 14	 -0.138062	 0.619614	 0.446259	 2
1462091989.790	 14	 -0.159378	 0.596390	 0.499786	 2
1462091989.800	 14	 -0.178070	 0.517456	 0.508240	 2
1462091989.810	 14	 -0.184311	 0.428162	 0.469299	 2
1462091989.820	 14	 -0.175858	 0.396851	 0.439972	 2
1462091989.830	 14	 -0.163788	 0.445038	 0.452988	 2
1462091989.840	 14	 -0.163345	 0.507385	 0.478607	 2
1462091989.850	 14	 -0.167786	 0.548843	 0.484314	 2
1462091989.860	 14	 -0.158615	 0.589676	 0.516174	 2
1462091989.870	 14	 -0.145096	 0.597015	 0.560959	 2
1462091989.880	 14	 -0.112762	 0.536758	 0.585800	 2
1462091989.890	 14	 -0.058762	 0.485138	 0.629059	 2
1462091989.900	 14	 -0.000687	 0.493012	 0.696793	 2
1462091989.910	 14	 0.041367	 0.519730	 0.768539	 2
1462091989.920	 14	 0.105667	 0.571762	 0.874237	 2
1462091989.930	 14	 0.165314	 0.638718	 1.008209	 2
1462091989.940	 14	 0.208420	 0.684891	 1.119278	 2
1462091989.950	 14	 0.235550	 0.716522	 1.175766	 2
1462091989.960	 14	 0.261505	 0.743423	 1.143188	 2
1462091989.970	 14	 0.288300	 0.760071	 1.029678	 2
1462091989.980	 14	 0.296402	 0.741302	 0.929047	 2
1462091989.990	 14	 0.293488	 0.747940	 0.873215	 2
1462091990.000	 14	 0.283249	 0.790451	 0.867355	 2
1462091990.010	 14	 0.269760	 0.896561	 0.972382	 2
1462091990.020	 14	 0.261826	 1.068573	 1.097687	 2
1462091990.030	 14	 0.297043	 1.265594	 1.098999	 2
1462091990.040	 14	 0.280319	 1.429108	 1.037231	 2
1462091990.050	 14	 0.175888	 1.344330	 0.973190	 2
1462091990.060	 14	 0.078644	 1.019821	 0.670700	 2
1462091990.070	 14	 -0.051468	 0.823471	 0.334961	 2
1462091990.080	 14	 -0.126038	 0.868896	 0.136627	 2
1462091990.090	 14	 -0.152145	 0.891541	 0.079102	 2
1462091990.100	 14	 -0.293640	 0.919907	 0.191528	 2
1462091990.110	 14	 -0.554550	 0.870071	 0.842453	 2
1462091990.120	 14	 -0.434647	 0.904480	 0.873642	 2
1462091990.130	 14	 -0.336945	 1.183029	 -0.311722	 2
1462091990.140	 14	 -0.517868	 0.966324	 -0.050339	 2
1462091990.150	 14	 -0.487671	 1.000229	 -0.261795	 2
1462091990.160	 14	 -0.381851	 1.097290	 -0.158218	 2
1462091990.170	 14	 -0.332245	 1.115540	 0.038177	 2
1462091990.180	 14	 -0.270859	 1.178909	 0.262421	 2
1462091990.190	 14	 -0.168747	 1.246552	 0.447998	 2
1462091990.200	 14	 0.027969	 1.205048	 0.516983	 2
1462091990.210	 14	 0.191513	 1.059662	 0.272232	 2
1462091990.220	 14	 0.276260	 0.937897	 0.222626	 2
1462091990.230	 14	 0.307190	 0.960052	 0.170975	 2
1462091990.240	 14	 0.338135	 0.949493	 0.117523	 2
1462091990.250	 14	 0.332596	 0.877533	 0.078323	 2
1462091990.260	 14	 0.313660	 0.869888	 0.006454	 2
1462091990.270	 14	 0.278046	 0.873016	 0.037842	 2
1462091990.280	 14	 0.258209	 0.874939	 0.123947	 2
1462091990.290	 14	 0.317368	 0.907761	 0.212143	 2
1462091990.300	 14	 0.252762	 0.868088	 0.196045	 2
1462091990.310	 14	 0.239380	 0.845902	 0.174637	 2
1462091990.320	 14	 0.277145	 0.865494	 0.189880	 2
1462091990.330	 14	 0.317261	 0.916534	 0.201111	 2
1462091990.340	 14	 0.326660	 0.981338	 0.163162	 2
1462091990.350	 14	 0.307159	 1.012466	 0.056091	 2
1462091990.360	 14	 0.261749	 0.992004	 -0.125885	 2
1462091990.370	 14	 0.298264	 1.063568	 -0.198364	 2
1462091990.380	 14	 0.349579	 1.145737	 -0.209061	 2
1462091990.390	 14	 0.316681	 1.170166	 -0.276581	 2
1462091990.400	 14	 0.277603	 1.091507	 -0.084503	 2
1462091990.410	 14	 0.262131	 1.179810	 0.031891	 2
1462091990.420	 14	 0.221603	 1.193512	 -0.013580	 2
1462091990.430	 14	 0.199554	 1.109909	 -0.019928	 2
1462091990.440	 14	 0.249237	 1.127762	 0.002945	 2
1462091990.450	 14	 0.152359	 0.989273	 0.063705	 2
1462091990.460	 14	 0.059631	 0.972214	 -0.041046	 2
1462091990.470	 14	 0.047775	 1.042068	 -0.097336	 2
1462091990.480	 14	 0.057053	 1.146500	 -0.101501	 2
1462091990.490	 14	 0.051163	 1.199738	 -0.023010	 2
1462091990.500	 14	 0.088959	 1.145660	 0.173233	 2
1462091990.510	 14	 0.215012	 1.139587	 0.352737	 2
1462091990.520	 14	 0.323471	 1.129501	 0.466553	 2
1462091990.530	 14	 0.381790	 1.196640	 0.386978	 2
1462091990.540	 14	 0.418915	 1.324631	 0.257217	 2
1462091990.550	 14	 0.533401	 1.413712	 0.213348	 2
1462091990.560	 14	 0.578781	 1.454666	 0.203644	 2
1462091990.570	 14	 0.567413	 1.441376	 0.178711	 2
1462091990.580	 14	 0.600815	 1.406204	 0.176178	 2
1462091990.590	 14	 0.621704	 1.373672	 0.259277	 2
1462091990.600	 14	 0.569214	 1.312775	 0.258606	 2
1462091990.610	 14	 0.598206	 1.186554	 0.218964	 2
1462091990.620	 14	 0.686829	 1.260956	 0.235138	 2
1462091990.630	 14	 0.713715	 1.409363	 0.160507	 2
1462091990.640	 14	 0.757996	 1.520859	 0.042496	 2
1462091990.650	 14	 0.820236	 1.391998	 -0.142731	 2
1462091990.660	 14	 0.833572	 1.216019	 -0.165268	 2
1462091990.670	 14	 0.860367	 1.254349	 -0.214462	 2
1462091990.680	 14	 0.837479	 1.373581	 -0.240311	 2
1462091990.690	 14	 0.723099	 1.553558	 -0.333069	 2
1462091990.700	 14	 0.479889	 1.469391	 -0.497360	 2
1462091990.710	 14	 0.311768	 1.397354	 -0.443085	 2
1462091990.720	 14	 0.167419	 1.489273	 -0.346741	 2
1462091990.730	 14	 0.146225	 1.659943	 -0.275604	 2
1462091990.740	 14	 0.296997	 1.912262	 -0.234604	 2
1462091990.750	 14	 0.328232	 2.045990	 -0.180725	 2
1462091990.760	 14	 0.204208	 1.856216	 -0.085678	 2
1462091990.770	 14	 0.145844	 1.316177	 -0.225311	 2
1462091990.780	 14	 0.051865	 1.192078	 -0.322556	 2
1462091990.790	 14	 0.043488	 1.118149	 -0.320648	 2
1462091990.800	 14	 0.034729	 0.951080	 -0.300995	 2
1462091990.810	 14	 0.029419	 0.886261	 -0.257248	 2
1462091990.820	 14	 0.085129	 0.842575	 -0.199310	 2
1462091990.830	 14	 0.159302	 0.813004	 -0.150345	 2
1462091990.840	 14	 0.215256	 0.784637	 -0.154388	 2
1462091990.850	 14	 0.201309	 0.691681	 -0.106186	 2
1462091990.860	 14	 0.258606	 0.678604	 -0.098984	 2
1462091990.870	 14	 0.263977	 0.645966	 -0.091461	 2
1462091990.880	 14	 0.217056	 0.688614	 -0.062469	 2
1462091990.890	 14	 0.162552	 0.676422	 -0.011337	 2
1462091990.900	 14	 0.135132	 0.637466	 0.046021	 2
1462091990.910	 14	 0.182281	 0.621429	 0.133057	 2
1462091990.920	 14	 0.182495	 0.479431	 0.182938	 2
1462091990.930	 14	 0.175919	 0.424164	 0.151810	 2
1462091990.940	 14	 0.191727	 0.404938	 0.099396	 2
1462091990.950	 14	 0.208282	 0.431351	 0.051483	 2
1462091990.960	 14	 0.156799	 0.408813	 -0.035156	 2
1462091990.970	 14	 0.179306	 0.393219	 -0.059372	 2
1462091990.980	 14	 0.309067	 0.392380	 0.035339	 2
1462091990.990	 14	 0.379898	 0.432465	 0.141037	 2
1462091991.000	 14	 0.523026	 0.293793	 0.311386	 2
1462091991.010	 14	 0.545151	 0.184082	 0.321365	 2
1462091991.020	 14	 0.576981	 0.113739	 0.349289	 2
1462091991.030	 14	 0.598556	 0.041473	 0.368408	 2
1462091991.040	 14	 0.616989	 0.009232	 0.307251	 2
1462091991.050	 14	 0.649124	 0.042175	 0.063293	 2
1462091991.060	 14	 0.795074	 0.075623	 0.058823	 2
1462091991.070	 14	 0.946777	 -0.015213	 -0.117844	 2
1462091991.080	 14	 1.089798	 -0.067932	 -0.146988	 2
1462091991.090	 14	 1.222076	 -0.132446	 -0.156815	 2
1462091991.100	 14	 1.347946	 -0.263000	 -0.279831	 2
1462091991.110	 14	 1.459183	 -0.254532	 -0.227600	 2
1462091991.120	 14	 1.588516	 -0.174072	 -0.247803	 2
1462091991.130	 14	 1.697708	 -0.105392	 -0.305923	 2
1462091991.140	 14	 1.736816	 -0.084946	 -0.444153	 2
1462091991.150	 14	 1.776199	 -0.058548	 -0.595810	 2
1462091991.160	 14	 1.792572	 0.046524	 -0.702148	 2
1462091991.170	 14	 1.856247	 0.033173	 -0.777542	 2
1462091991.180	 14	 1.796753	 0.015381	 -0.832458	 2
1462091991.190	 14	 1.777695	 0.163116	 -0.890717	 2
1462091991.200	 14	 1.690811	 0.205261	 -0.950653	 2
1462091991.210	 14	 1.610855	 0.218353	 -0.981338	 2
1462091991.220	 14	 1.623077	 0.272369	 -1.020813	 2
1462091991.230	 14	 1.540634	 0.218536	 -1.064651	 2
1462091991.240	 14	 1.436722	 0.121429	 -1.062927	 2
1462091991.250	 14	 1.277084	 0.094742	 -1.016922	 2
1462091991.260	 14	 1.251221	 0.133102	 -1.049149	 2
1462091991.270	 14	 1.219788	 0.223343	 -1.103180	 2
1462091991.280	 14	 1.143814	 0.300644	 -1.116058	 2
1462091991.290	 14	 1.085251	 0.353806	 -1.080643	 2
1462091991.300	 14	 1.015839	 0.392059	 -1.069580	 2
1462091991.310	 14	 0.961472	 0.441177	 -1.100479	 2
1462091991.320	 14	 0.906006	 0.448318	 -1.123199	 2
1462091991.330	 14	 0.863007	 0.384888	 -1.145645	 2
1462091991.340	 14	 0.832977	 0.327377	 -1.196365	 2
1462091991.350	 14	 0.826828	 0.306625	 -1.215088	 2
1462091991.360	 14	 0.828964	 0.286331	 -1.200211	 2
1462091991.370	 14	 0.799469	 0.252838	 -1.227371	 2
1462091991.380	 14	 0.818680	 0.226440	 -1.224548	 2
1462091991.390	 14	 0.827606	 0.250305	 -1.192551	 2
1462091991.400	 14	 0.763504	 0.250336	 -1.181686	 2
1462091991.410	 14	 0.699844	 0.237366	 -1.152283	 2
1462091991.430	 14	 0.644989	 0.369415	 -1.008530	 2
1462091991.420	 14	 0.676682	 0.326981	 -1.075287	 2
1462091991.440	 14	 0.606979	 0.320724	 -0.963028	 2
1462091991.450	 14	 0.522903	 0.205856	 -0.888840	 2
1462091991.460	 14	 0.528076	 0.227142	 -0.814758	 2
1462091991.470	 14	 0.505569	 0.338425	 -0.728134	 2
1462091991.480	 14	 0.493271	 0.275940	 -0.645035	 2
1462091991.490	 14	 0.474503	 0.194992	 -0.580566	 2
1462091991.500	 14	 0.411102	 0.136154	 -0.539108	 2
1462091991.510	 14	 0.369080	 0.061356	 -0.556076	 2
1462091991.520	 14	 0.390884	 0.020065	 -0.518753	 2
1462091991.530	 14	 0.433380	 0.014816	 -0.448807	 2
1462091991.540	 14	 0.413528	 -0.010895	 -0.449051	 2
1462091991.550	 14	 0.361099	 -0.030731	 -0.489624	 2
1462091991.560	 14	 0.306061	 -0.032501	 -0.491760	 2
1462091991.570	 14	 0.264786	 -0.020325	 -0.477142	 2
1462091991.580	 14	 0.240936	 -0.010727	 -0.439224	 2
1462091991.590	 14	 0.224136	 -0.012909	 -0.397675	 2
1462091991.600	 14	 0.215729	 -0.034958	 -0.357452	 2
1462091991.610	 14	 0.181808	 -0.133591	 -0.365936	 2
1462091991.620	 14	 0.187012	 -0.251266	 -0.361664	 2
1462091991.630	 14	 0.212112	 -0.347687	 -0.384933	 2
1462091991.640	 14	 0.232483	 -0.392181	 -0.404449	 2
1462091991.650	 14	 0.252548	 -0.388016	 -0.422653	 2
1462091991.660	 14	 0.238586	 -0.395233	 -0.434769	 2
1462091991.670	 14	 0.248550	 -0.403214	 -0.396774	 2
1462091991.680	 14	 0.253922	 -0.407791	 -0.374527	 2
1462091991.690	 14	 0.238968	 -0.390182	 -0.422195	 2
1462091991.700	 14	 0.215469	 -0.363052	 -0.466339	 2
1462091991.710	 14	 0.146271	 -0.414047	 -0.491577	 2
1462091991.720	 14	 0.143402	 -0.476471	 -0.491776	 2
1462091991.730	 14	 0.154343	 -0.530869	 -0.475311	 2
1462091991.740	 14	 0.160004	 -0.579407	 -0.473389	 2
1462091991.750	 14	 0.169556	 -0.633392	 -0.458282	 2
1462091991.760	 14	 0.181976	 -0.667313	 -0.433243	 2
1462091991.770	 14	 0.181717	 -0.683685	 -0.427399	 2
1462091991.780	 14	 0.185883	 -0.708481	 -0.439255	 2
1462091991.790	 14	 0.198929	 -0.705704	 -0.485886	 2
1462091991.800	 14	 0.222534	 -0.667374	 -0.569809	 2
1462091991.810	 14	 0.256165	 -0.617233	 -0.657455	 2
1462091991.820	 14	 0.276123	 -0.576950	 -0.741074	 2
1462091991.830	 14	 0.307434	 -0.559677	 -0.798264	 2
1462091991.840	 15	 0.246368	 -0.632614	 -0.853592	 2
1462091991.860	 16	 0.233902	 -0.589767	 -0.751282	 2
1462091991.880	 16	 0.287674	 -0.629684	 -0.648010	 2
1462091991.890	 16	 0.294159	 -0.695847	 -0.642044	 2
1462091991.900	 16	 0.303406	 -0.725647	 -0.635803	 2
1462091991.910	 16	 0.292297	 -0.692184	 -0.631256	 2
1462091991.920	 16	 0.254227	 -0.670349	 -0.620148	 2
1462091991.930	 16	 0.205917	 -0.649689	 -0.621780	 2
1462091991.940	 16	 0.163391	 -0.605713	 -0.636948	 2
1462091991.950	 16	 0.136444	 -0.565002	 -0.634277	 2
1462091991.960	 16	 0.116196	 -0.541122	 -0.624481	 2
1462091991.970	 16	 0.107056	 -0.521637	 -0.606918	 2
