% Accelerometer data recorded with 'snsrlog'
% 
% Sampling frequency: 100 Hz
% 
% Label description:
% 	 0: Default Label
% 	 1: still_drop
% 	 2: walk_drop
% 	 3: other
% 	 4: dtw_same
% 	 5: dtw_diff
% 	 6: delete
% 
% Column description:
% 	 1: Seconds.milliseconds since 1970
% 	 2: Number of skipped measurements
% 	 3: Acceleration value in x-direction
% 	 4: Acceleration value in y-direction
% 	 5: Acceleration value in z-direction
% 	 6: Label used for the current sample
% 
% 
1462091026.983	 0	 0.846924	 0.169174	 -0.573502	 1
1462091026.993	 0	 0.931595	 0.220627	 -0.644119	 1
1462091027.003	 0	 0.901794	 0.267685	 -0.598038	 1
1462091027.013	 0	 0.840744	 0.262466	 -0.551849	 1
1462091027.023	 0	 0.786545	 0.292557	 -0.467117	 1
1462091027.033	 0	 0.782867	 0.384567	 -0.371414	 1
1462091027.043	 0	 0.788559	 0.425293	 -0.335709	 1
1462091027.053	 0	 0.809845	 0.466370	 -0.340378	 1
1462091027.063	 0	 0.882919	 0.528030	 -0.367737	 1
1462091027.073	 0	 0.951752	 0.548981	 -0.405487	 1
1462091027.083	 0	 1.017990	 0.546677	 -0.444214	 1
1462091027.093	 0	 1.080795	 0.563934	 -0.470871	 1
1462091027.103	 1	 1.114227	 0.597305	 -0.461288	 1
1462091027.123	 2	 1.130890	 0.658997	 -0.329361	 1
1462091027.143	 2	 1.222687	 0.715240	 -0.198242	 1
1462091027.153	 2	 1.300461	 0.689728	 -0.216431	 1
1462091027.163	 2	 1.447464	 0.676605	 -0.324219	 1
1462091027.173	 2	 1.548782	 0.626343	 -0.418076	 1
1462091027.183	 2	 1.663696	 0.578705	 -0.467270	 1
1462091027.193	 2	 1.714020	 0.503937	 -0.464996	 1
1462091027.203	 2	 1.741104	 0.514130	 -0.436615	 1
1462091027.213	 2	 1.751099	 0.578217	 -0.390457	 1
1462091027.223	 2	 1.749390	 0.616653	 -0.304626	 1
1462091027.233	 2	 1.673065	 0.515305	 -0.180313	 1
1462091027.243	 2	 1.648438	 0.516113	 -0.092941	 1
1462091027.253	 3	 1.634369	 0.528320	 -0.035095	 1
1462091027.273	 3	 1.696014	 0.421722	 -0.004013	 1
1462091027.283	 3	 1.717590	 0.345795	 -0.036179	 1
1462091027.293	 3	 1.704575	 0.298706	 -0.046173	 1
1462091027.303	 3	 1.662094	 0.280548	 -0.015137	 1
1462091027.313	 3	 1.583649	 0.277405	 0.021423	 1
1462091027.323	 3	 1.447464	 0.246521	 0.042389	 1
1462091027.333	 3	 1.403214	 0.349228	 0.098770	 1
1462091027.343	 3	 1.313232	 0.365509	 0.167007	 1
1462091027.353	 3	 1.233002	 0.292053	 0.229996	 1
1462091027.363	 3	 1.189423	 0.244354	 0.269257	 1
1462091027.373	 3	 1.167999	 0.226593	 0.280807	 1
1462091027.383	 3	 1.145889	 0.210068	 0.278885	 1
1462091027.393	 3	 1.105072	 0.211487	 0.272736	 1
1462091027.403	 4	 1.064987	 0.251984	 0.259460	 1
1462091027.423	 4	 0.955490	 0.334351	 0.228317	 1
1462091027.433	 4	 0.897171	 0.361328	 0.223083	 1
1462091027.443	 4	 0.839127	 0.388809	 0.217865	 1
1462091027.453	 4	 0.786270	 0.422897	 0.218628	 1
1462091027.463	 4	 0.767334	 0.426758	 0.198303	 1
1462091027.473	 4	 0.763077	 0.456985	 0.150436	 1
1462091027.483	 4	 0.762238	 0.474976	 0.109436	 1
1462091027.493	 5	 0.765488	 0.474869	 0.088989	 1
1462091027.513	 5	 0.686813	 0.594879	 0.014389	 1
1462091027.523	 5	 0.580734	 0.719605	 -0.009048	 1
1462091027.533	 5	 0.430191	 0.871750	 0.030762	 1
1462091027.543	 5	 0.401382	 0.832245	 0.065964	 1
1462091027.553	 5	 0.516220	 0.675476	 0.085144	 1
1462091027.563	 5	 0.617203	 0.567795	 0.084778	 1
1462091027.573	 5	 0.691406	 0.498535	 0.059631	 1
1462091027.583	 5	 0.740494	 0.424301	 0.035324	 1
1462091027.603	 6	 0.699051	 0.425949	 0.109650	 1
1462091027.613	 6	 0.742081	 0.463745	 0.152283	 1
1462091027.623	 6	 0.803406	 0.530914	 0.131714	 1
1462091027.633	 6	 0.836243	 0.576614	 0.139450	 1
1462091027.643	 6	 0.888229	 0.607941	 0.090393	 1
1462091027.653	 6	 0.925018	 0.633820	 0.056549	 1
1462091027.663	 6	 0.946243	 0.601303	 0.040436	 1
1462091027.673	 6	 0.929153	 0.571564	 0.045776	 1
1462091027.683	 6	 0.893143	 0.512482	 0.049133	 1
1462091027.693	 6	 0.866135	 0.464462	 0.062302	 1
1462091027.703	 6	 0.827042	 0.431198	 0.077881	 1
1462091027.713	 6	 0.783402	 0.453018	 0.122589	 1
1462091027.723	 6	 0.749710	 0.543228	 0.151825	 1
1462091027.733	 6	 0.642029	 0.644867	 0.082428	 1
1462091027.743	 6	 0.597290	 0.675995	 0.027954	 1
1462091027.753	 6	 0.584946	 0.674881	 -0.053879	 1
1462091027.763	 6	 0.637192	 0.700668	 -0.114014	 1
1462091027.773	 6	 0.697174	 0.750397	 -0.150391	 1
1462091027.783	 6	 0.734161	 0.768387	 -0.145462	 1
1462091027.793	 6	 0.760208	 0.738907	 -0.097229	 1
1462091027.803	 6	 0.814346	 0.664215	 0.002304	 1
1462091027.813	 6	 0.868774	 0.556946	 0.123993	 1
1462091027.823	 6	 0.966354	 0.493240	 0.233459	 1
1462091027.833	 6	 1.007446	 0.472397	 0.295013	 1
1462091027.843	 6	 1.060547	 0.553711	 0.289520	 1
1462091027.853	 6	 1.066162	 0.625351	 0.189102	 1
1462091027.863	 6	 1.022659	 0.687683	 0.109695	 1
1462091027.873	 6	 1.005081	 0.751923	 0.042114	 1
1462091027.883	 6	 0.886566	 0.780136	 -0.035782	 1
1462091027.893	 6	 0.729324	 0.891373	 -0.083893	 1
1462091027.903	 6	 0.746536	 0.955856	 -0.132675	 1
1462091027.913	 6	 0.768478	 0.924622	 -0.129456	 1
1462091027.923	 6	 0.766205	 0.864532	 -0.084427	 1
1462091027.933	 6	 0.787979	 0.858063	 -0.072174	 1
1462091027.943	 7	 0.824997	 0.862869	 -0.080475	 1
1462091027.963	 7	 0.889511	 0.812073	 -0.068451	 1
1462091027.973	 7	 0.913544	 0.825180	 -0.100357	 1
1462091027.983	 7	 0.915039	 0.773514	 -0.109985	 1
1462091027.993	 7	 0.851883	 0.754303	 -0.138367	 1
1462091028.003	 7	 0.739334	 0.695129	 -0.118576	 1
1462091028.013	 7	 0.614990	 0.749329	 0.002502	 1
1462091028.023	 7	 0.516998	 0.874298	 0.297577	 1
1462091028.033	 7	 0.552139	 0.848358	 0.051056	 1
1462091028.043	 7	 0.432159	 0.880234	 -0.083359	 1
1462091028.053	 7	 0.346985	 0.885788	 -0.126740	 1
1462091028.063	 7	 0.300705	 0.914017	 -0.049088	 1
1462091028.073	 7	 0.255325	 0.989334	 0.238571	 1
1462091028.093	 7	 0.548889	 0.962860	 0.398331	 1
1462091028.083	 7	 0.408112	 0.988831	 0.567307	 1
1462091028.103	 7	 0.578018	 0.955505	 0.130615	 1
1462091028.113	 7	 0.520020	 0.903595	 0.121048	 1
1462091028.123	 7	 0.475128	 0.826004	 0.062897	 1
1462091028.133	 7	 0.472916	 0.802109	 0.023849	 1
1462091028.143	 7	 0.452484	 0.712509	 0.036972	 1
1462091028.153	 7	 0.428940	 0.626801	 0.013809	 1
1462091028.163	 7	 0.457916	 0.621399	 0.008957	 1
1462091028.173	 7	 0.472458	 0.672028	 -0.001373	 1
1462091028.183	 8	 0.472122	 0.754990	 -0.005966	 1
1462091028.203	 9	 0.485687	 0.901321	 -0.020584	 1
1462091028.223	 9	 0.514053	 0.946823	 0.023590	 1
1462091028.233	 9	 0.532272	 0.988968	 0.028992	 1
1462091028.243	 10	 0.529083	 1.023163	 0.008957	 1
1462091028.263	 10	 0.554810	 0.890930	 -0.085342	 1
1462091028.273	 10	 0.591492	 0.855072	 -0.048523	 1
1462091028.283	 10	 0.604004	 0.883331	 0.048508	 1
1462091028.293	 10	 0.568207	 0.891800	 0.050415	 1
1462091028.303	 10	 0.514557	 0.874176	 0.047653	 1
1462091028.313	 10	 0.460602	 0.803101	 0.053818	 1
1462091028.323	 10	 0.444016	 0.879730	 0.153458	 1
1462091028.333	 10	 0.403976	 0.869812	 0.219986	 1
1462091028.343	 10	 0.372437	 0.746063	 0.158447	 1
1462091028.353	 10	 0.366287	 0.798599	 0.067291	 1
1462091028.363	 10	 0.378494	 0.839050	 0.034622	 1
1462091028.373	 10	 0.350601	 0.856140	 0.063995	 1
1462091028.383	 10	 0.340775	 0.879593	 0.056763	 1
1462091028.393	 10	 0.352631	 0.907654	 0.057953	 1
1462091028.403	 10	 0.361069	 0.911835	 0.044830	 1
1462091028.413	 10	 0.383331	 0.924774	 0.008530	 1
1462091028.423	 10	 0.402908	 0.928024	 -0.022705	 1
1462091028.433	 10	 0.403839	 0.917603	 -0.039246	 1
1462091028.443	 10	 0.393707	 0.934128	 -0.025238	 1
1462091028.453	 10	 0.388657	 0.953720	 -0.016083	 1
1462091028.463	 10	 0.383621	 0.950501	 0.007523	 1
1462091028.473	 10	 0.377945	 0.973587	 0.030716	 1
1462091028.483	 10	 0.373413	 1.004288	 0.057571	 1
1462091028.493	 10	 0.374817	 1.016266	 0.053879	 1
1462091028.503	 11	 0.383881	 1.011078	 0.052658	 1
1462091028.523	 11	 0.408600	 1.025650	 0.049026	 1
1462091028.533	 11	 0.420364	 1.029602	 0.043747	 1
1462091028.543	 11	 0.427872	 1.037064	 0.047745	 1
1462091028.553	 11	 0.424088	 1.027679	 0.056076	 1
1462091028.563	 11	 0.428833	 1.049927	 0.059418	 1
1462091028.573	 11	 0.430679	 1.078644	 0.057892	 1
1462091028.583	 11	 0.437988	 1.033874	 0.052261	 1
1462091028.593	 11	 0.445786	 1.022766	 0.052933	 1
1462091028.603	 11	 0.426300	 1.011261	 0.056122	 1
1462091028.613	 11	 0.394867	 0.997482	 0.052002	 1
1462091028.623	 11	 0.374496	 0.989441	 0.051102	 1
1462091028.633	 11	 0.364075	 0.974533	 0.053772	 1
1462091028.643	 11	 0.361755	 0.956406	 0.057510	 1
1462091028.653	 11	 0.369049	 0.943710	 0.052032	 1
1462091028.663	 11	 0.377777	 0.934021	 0.041763	 1
1462091028.673	 11	 0.391357	 0.922943	 0.031708	 1
1462091028.683	 11	 0.401840	 0.916382	 0.021469	 1
1462091028.693	 11	 0.407104	 0.913742	 0.013214	 1
1462091028.703	 11	 0.412277	 0.913284	 0.011276	 1
1462091028.713	 11	 0.405716	 0.914551	 0.015015	 1
1462091028.723	 11	 0.404572	 0.920822	 0.023758	 1
1462091028.733	 11	 0.404114	 0.928131	 0.035568	 1
1462091028.743	 11	 0.402786	 0.926636	 0.042038	 1
1462091028.753	 11	 0.399109	 0.926880	 0.045319	 1
1462091028.763	 11	 0.399796	 0.930237	 0.051254	 1
1462091028.773	 11	 0.402618	 0.935486	 0.045181	 1
1462091028.783	 11	 0.411514	 0.932205	 0.058365	 1
1462091028.793	 11	 0.416077	 0.919495	 0.047028	 1
1462091028.803	 11	 0.414429	 0.926193	 0.040939	 1
1462091028.813	 11	 0.410019	 0.943680	 0.049896	 1
1462091028.823	 11	 0.405655	 0.940247	 0.050705	 1
1462091028.833	 11	 0.400421	 0.936523	 0.039154	 1
1462091028.843	 11	 0.395004	 0.940018	 0.029404	 1
1462091028.853	 11	 0.394150	 0.941177	 0.029312	 1
1462091028.863	 11	 0.394470	 0.946304	 0.038589	 1
1462091028.873	 11	 0.393753	 0.943115	 0.046051	 1
1462091028.883	 11	 0.394714	 0.943832	 0.046585	 1
1462091028.893	 11	 0.398300	 0.950516	 0.047348	 1
1462091028.903	 11	 0.397537	 0.947723	 0.052231	 1
1462091028.913	 11	 0.400574	 0.937943	 0.042175	 1
1462091028.923	 11	 0.399109	 0.936401	 0.045029	 1
1462091028.933	 11	 0.401459	 0.934860	 0.046295	 1
1462091028.943	 11	 0.398819	 0.933868	 0.046631	 1
1462091028.953	 11	 0.403549	 0.933228	 0.046143	 1
1462091028.963	 11	 0.402420	 0.932205	 0.046616	 1
1462091028.973	 11	 0.395569	 0.931381	 0.048981	 1
1462091028.983	 11	 0.395523	 0.934174	 0.043915	 1
1462091028.993	 11	 0.398499	 0.933609	 0.047897	 1
1462091029.003	 11	 0.398682	 0.932037	 0.046173	 1
1462091029.013	 11	 0.402390	 0.935516	 0.045242	 1
1462091029.023	 11	 0.408157	 0.935211	 0.046005	 1
1462091029.033	 11	 0.411560	 0.927887	 0.051926	 1
1462091029.043	 11	 0.413086	 0.926193	 0.051392	 1
1462091029.053	 11	 0.407852	 0.927704	 0.053696	 1
1462091029.063	 11	 0.400619	 0.932465	 0.042374	 1
1462091029.073	 11	 0.399307	 0.934326	 0.053467	 1
1462091029.083	 11	 0.401733	 0.937653	 0.050858	 1
1462091029.093	 11	 0.402710	 0.939163	 0.056808	 1
1462091029.103	 11	 0.401810	 0.935837	 0.056503	 1
1462091029.113	 11	 0.405350	 0.938721	 0.053650	 1
1462091029.123	 11	 0.404221	 0.942276	 0.051865	 1
1462091029.133	 11	 0.404068	 0.939285	 0.054367	 1
1462091029.143	 11	 0.401642	 0.937515	 0.054062	 1
1462091029.153	 11	 0.398575	 0.937942	 0.054123	 1
1462091029.163	 11	 0.399597	 0.934769	 0.048325	 1
1462091029.173	 11	 0.400589	 0.935257	 0.043732	 1
1462091029.183	 11	 0.400879	 0.934662	 0.041611	 1
1462091029.193	 11	 0.401932	 0.933990	 0.043304	 1
1462091029.203	 11	 0.402435	 0.931351	 0.042786	 1
1462091029.213	 11	 0.410110	 0.928833	 0.046677	 1
1462091029.223	 11	 0.409668	 0.930588	 0.051041	 1
1462091029.233	 11	 0.410767	 0.931168	 0.050568	 1
1462091029.243	 11	 0.410370	 0.931076	 0.050354	 1
1462091029.253	 11	 0.412048	 0.929810	 0.049606	 1
1462091029.263	 11	 0.410812	 0.928787	 0.050705	 1
1462091029.273	 11	 0.414307	 0.931381	 0.048706	 1
1462091029.283	 11	 0.413773	 0.929596	 0.049896	 1
1462091029.293	 11	 0.415924	 0.926590	 0.054428	 1
1462091029.303	 11	 0.419266	 0.924744	 0.056305	 1
1462091029.313	 11	 0.418289	 0.923645	 0.054443	 1
1462091029.323	 11	 0.422211	 0.924500	 0.050461	 1
1462091029.333	 11	 0.412460	 0.922928	 0.054810	 1
1462091029.343	 11	 0.415588	 0.925995	 0.052338	 1
1462091029.353	 11	 0.418579	 0.926422	 0.055817	 1
1462091029.363	 11	 0.422165	 0.921417	 0.056641	 1
1462091029.373	 11	 0.427689	 0.923294	 0.054733	 1
1462091029.383	 11	 0.425430	 0.923111	 0.056641	 1
1462091029.393	 11	 0.423370	 0.926239	 0.059555	 1
1462091029.403	 11	 0.422165	 0.924133	 0.057098	 1
1462091029.413	 11	 0.421509	 0.929092	 0.061600	 1
1462091029.423	 11	 0.418427	 0.931351	 0.060791	 1
1462091029.433	 11	 0.415695	 0.931946	 0.059540	 1
1462091029.443	 11	 0.416626	 0.933685	 0.058121	 1
1462091029.453	 11	 0.418365	 0.931656	 0.057388	 1
1462091029.463	 11	 0.417603	 0.930008	 0.057465	 1
1462091029.473	 11	 0.418808	 0.929092	 0.056015	 1
1462091029.483	 11	 0.417221	 0.928131	 0.056915	 1
1462091029.493	 11	 0.412949	 0.928650	 0.054321	 1
1462091029.503	 11	 0.414154	 0.928513	 0.053101	 1
1462091029.513	 11	 0.414169	 0.925949	 0.054306	 1
1462091029.523	 11	 0.411530	 0.925751	 0.051712	 1
1462091029.533	 11	 0.414185	 0.925125	 0.052032	 1
1462091029.543	 11	 0.413605	 0.924561	 0.053162	 1
1462091029.553	 11	 0.415863	 0.922577	 0.053864	 1
1462091029.563	 11	 0.419861	 0.927353	 0.053345	 1
1462091029.573	 11	 0.419632	 0.926987	 0.057755	 1
1462091029.583	 11	 0.417526	 0.926682	 0.056595	 1
1462091029.593	 11	 0.412811	 0.928757	 0.062119	 1
1462091029.603	 11	 0.410675	 0.930145	 0.059601	 1
1462091029.613	 11	 0.415649	 0.930359	 0.059509	 1
1462091029.623	 11	 0.411774	 0.929550	 0.059479	 1
1462091029.633	 11	 0.414474	 0.928467	 0.058990	 1
1462091029.643	 11	 0.415680	 0.927002	 0.058899	 1
1462091029.653	 11	 0.416855	 0.928467	 0.059265	 1
1462091029.663	 11	 0.419724	 0.927109	 0.061386	 1
1462091029.673	 11	 0.420776	 0.925583	 0.064865	 1
1462091029.683	 11	 0.422104	 0.925964	 0.065491	 1
1462091029.693	 11	 0.419403	 0.922852	 0.065445	 1
1462091029.703	 11	 0.420975	 0.924377	 0.068588	 1
1462091029.713	 11	 0.420364	 0.923172	 0.064651	 1
1462091029.723	 11	 0.419861	 0.923294	 0.066315	 1
1462091029.733	 11	 0.415939	 0.924454	 0.062973	 1
1462091029.743	 11	 0.417282	 0.923355	 0.062988	 1
1462091029.753	 11	 0.418961	 0.925690	 0.061417	 1
1462091029.763	 11	 0.417557	 0.926056	 0.060852	 1
1462091029.773	 11	 0.417725	 0.927124	 0.064453	 1
1462091029.783	 11	 0.417526	 0.927414	 0.062668	 1
1462091029.793	 11	 0.417374	 0.928574	 0.063416	 1
1462091029.803	 11	 0.417191	 0.928345	 0.063354	 1
1462091029.813	 11	 0.417099	 0.926361	 0.063629	 1
1462091029.823	 11	 0.415604	 0.926987	 0.064148	 1
1462091029.833	 11	 0.414124	 0.926605	 0.064774	 1
1462091029.843	 11	 0.414291	 0.923447	 0.061020	 1
1462091029.853	 11	 0.414169	 0.924789	 0.060959	 1
1462091029.863	 11	 0.413116	 0.925919	 0.063431	 1
1462091029.873	 11	 0.412369	 0.924316	 0.060074	 1
1462091029.883	 11	 0.413773	 0.926682	 0.060547	 1
1462091029.893	 11	 0.412704	 0.926941	 0.061539	 1
1462091029.903	 11	 0.410583	 0.926971	 0.064056	 1
1462091029.913	 11	 0.412521	 0.927994	 0.065704	 1
1462091029.923	 11	 0.416382	 0.925705	 0.069061	 1
1462091029.933	 11	 0.417236	 0.924423	 0.066757	 1
1462091029.943	 11	 0.418716	 0.930389	 0.073090	 1
1462091029.953	 11	 0.411728	 0.936691	 0.076233	 1
1462091029.963	 11	 0.406097	 0.914444	 0.050827	 1
1462091029.973	 11	 0.416214	 0.923019	 0.061859	 1
1462091029.983	 11	 0.416870	 0.931885	 0.068253	 1
1462091029.993	 11	 0.418701	 0.924149	 0.066528	 1
1462091030.003	 11	 0.420883	 0.926529	 0.065491	 1
1462091030.013	 11	 0.423172	 0.929169	 0.067307	 1
1462091030.023	 11	 0.420013	 0.930786	 0.066360	 1
1462091030.033	 11	 0.419434	 0.928604	 0.064972	 1
1462091030.043	 11	 0.415314	 0.930557	 0.063049	 1
1462091030.053	 11	 0.415848	 0.925995	 0.063187	 1
1462091030.063	 11	 0.416870	 0.925796	 0.061462	 1
1462091030.073	 11	 0.419952	 0.924622	 0.063156	 1
1462091030.083	 11	 0.418091	 0.923599	 0.060532	 1
1462091030.093	 11	 0.419235	 0.925156	 0.064438	 1
1462091030.103	 11	 0.416443	 0.926071	 0.069153	 1
1462091030.113	 11	 0.417587	 0.926117	 0.068710	 1
1462091030.123	 11	 0.415848	 0.925217	 0.068359	 1
1462091030.133	 11	 0.416962	 0.923889	 0.069031	 1
1462091030.143	 11	 0.418976	 0.924026	 0.065567	 1
1462091030.153	 11	 0.419464	 0.924103	 0.064468	 1
1462091030.163	 11	 0.422607	 0.923935	 0.066360	 1
1462091030.173	 11	 0.418808	 0.923447	 0.063599	 1
1462091030.183	 11	 0.418411	 0.923477	 0.067657	 1
1462091030.193	 11	 0.419189	 0.922867	 0.069229	 1
1462091030.203	 11	 0.423355	 0.921356	 0.070358	 1
1462091030.213	 11	 0.424881	 0.921127	 0.069107	 1
1462091030.223	 11	 0.424271	 0.923569	 0.071396	 1
1462091030.233	 11	 0.426086	 0.922638	 0.074112	 1
1462091030.243	 11	 0.428024	 0.923706	 0.073288	 1
1462091030.253	 11	 0.427444	 0.926102	 0.070206	 1
1462091030.263	 11	 0.428864	 0.924606	 0.071259	 1
1462091030.273	 11	 0.426117	 0.921631	 0.074188	 1
1462091030.283	 11	 0.425079	 0.919312	 0.072708	 1
1462091030.293	 11	 0.426331	 0.920715	 0.068527	 1
1462091030.303	 11	 0.424606	 0.918594	 0.068558	 1
1462091030.313	 11	 0.423477	 0.920441	 0.069153	 1
1462091030.323	 11	 0.422882	 0.921967	 0.069977	 1
1462091030.333	 11	 0.425049	 0.919983	 0.071548	 1
1462091030.343	 11	 0.425537	 0.921600	 0.071182	 1
1462091030.353	 11	 0.426300	 0.922485	 0.070404	 1
1462091030.363	 11	 0.426331	 0.923676	 0.072510	 1
1462091030.373	 11	 0.427582	 0.924286	 0.071274	 1
1462091030.383	 11	 0.423828	 0.924606	 0.073288	 1
1462091030.393	 11	 0.424713	 0.925964	 0.072678	 1
1462091030.403	 11	 0.425766	 0.923904	 0.068512	 1
1462091030.413	 11	 0.426315	 0.923096	 0.068512	 1
1462091030.423	 11	 0.425629	 0.923386	 0.067963	 1
1462091030.433	 11	 0.426086	 0.923248	 0.066498	 1
1462091030.443	 11	 0.426056	 0.920319	 0.064362	 1
1462091030.453	 11	 0.424057	 0.920929	 0.064972	 1
1462091030.463	 11	 0.420197	 0.921310	 0.066055	 1
1462091030.473	 11	 0.423920	 0.920349	 0.071060	 1
1462091030.483	 11	 0.427277	 0.922577	 0.077057	 1
1462091030.493	 11	 0.427048	 0.919220	 0.077560	 1
1462091030.503	 11	 0.426010	 0.920609	 0.076385	 1
1462091030.513	 11	 0.422546	 0.920853	 0.072266	 1
1462091030.523	 11	 0.420746	 0.922241	 0.069946	 1
1462091030.533	 11	 0.420288	 0.922195	 0.065552	 1
1462091030.543	 11	 0.422333	 0.923386	 0.067764	 1
1462091030.553	 11	 0.423019	 0.921188	 0.069565	 1
1462091030.563	 11	 0.429718	 0.919006	 0.066254	 1
1462091030.573	 11	 0.432663	 0.920364	 0.069824	 1
1462091030.583	 11	 0.432510	 0.922485	 0.075073	 1
1462091030.593	 11	 0.430283	 0.920364	 0.079712	 1
1462091030.603	 11	 0.431335	 0.919113	 0.078430	 1
1462091030.613	 11	 0.429169	 0.919403	 0.073303	 1
1462091030.623	 11	 0.429352	 0.919495	 0.069672	 1
1462091030.633	 11	 0.427841	 0.921768	 0.064728	 1
1462091030.643	 11	 0.427429	 0.918167	 0.064163	 1
1462091030.653	 11	 0.427994	 0.919449	 0.064407	 1
1462091030.663	 11	 0.427460	 0.917236	 0.066910	 1
1462091030.673	 11	 0.426910	 0.919235	 0.069168	 1
1462091030.683	 11	 0.429642	 0.921478	 0.068665	 1
1462091030.693	 11	 0.427902	 0.923309	 0.071732	 1
1462091030.703	 11	 0.426147	 0.922974	 0.072098	 1
1462091030.713	 11	 0.424103	 0.922180	 0.068863	 1
1462091030.723	 11	 0.424057	 0.925186	 0.068726	 1
1462091030.733	 11	 0.424454	 0.921387	 0.068695	 1
1462091030.743	 11	 0.422546	 0.924057	 0.067322	 1
1462091030.753	 11	 0.423203	 0.923325	 0.063370	 1
1462091030.763	 11	 0.423538	 0.924042	 0.064804	 1
1462091030.773	 11	 0.421371	 0.923187	 0.065506	 1
1462091030.783	 11	 0.422165	 0.924896	 0.069641	 1
1462091030.793	 11	 0.422623	 0.926071	 0.067993	 1
1462091030.803	 11	 0.421585	 0.926605	 0.065201	 1
1462091030.813	 11	 0.420609	 0.927689	 0.067032	 1
1462091030.823	 11	 0.422104	 0.927826	 0.066544	 1
1462091030.833	 11	 0.421967	 0.924347	 0.066772	 1
1462091030.843	 11	 0.420456	 0.925262	 0.067612	 1
1462091030.853	 11	 0.420990	 0.924469	 0.064774	 1
1462091030.863	 11	 0.421173	 0.924103	 0.066223	 1
1462091030.873	 11	 0.422318	 0.922699	 0.066391	 1
1462091030.883	 11	 0.423859	 0.923889	 0.064331	 1
1462091030.893	 11	 0.422623	 0.922180	 0.069580	 1
1462091030.903	 11	 0.422882	 0.924469	 0.067764	 1
1462091030.913	 11	 0.422028	 0.926651	 0.067596	 1
1462091030.923	 11	 0.420609	 0.924469	 0.067734	 1
1462091030.933	 11	 0.422073	 0.923126	 0.066956	 1
1462091030.943	 11	 0.422150	 0.926300	 0.067963	 1
1462091030.953	 11	 0.421646	 0.926315	 0.065918	 1
1462091030.963	 11	 0.421158	 0.925064	 0.063538	 1
1462091030.973	 11	 0.420547	 0.922836	 0.065353	 1
1462091030.983	 11	 0.418900	 0.924164	 0.064484	 1
1462091030.993	 11	 0.419571	 0.924744	 0.062698	 1
1462091031.003	 11	 0.417389	 0.923294	 0.063370	 1
1462091031.013	 11	 0.418030	 0.924728	 0.065826	 1
1462091031.023	 11	 0.417999	 0.922302	 0.064041	 1
1462091031.033	 11	 0.417053	 0.923462	 0.064835	 1
1462091031.043	 11	 0.416153	 0.924118	 0.064102	 1
1462091031.053	 11	 0.418091	 0.924667	 0.066437	 1
1462091031.063	 11	 0.417877	 0.926331	 0.069458	 1
1462091031.073	 11	 0.422363	 0.925903	 0.070312	 1
1462091031.083	 11	 0.421158	 0.928009	 0.069351	 1
1462091031.093	 11	 0.423203	 0.925674	 0.069473	 1
1462091031.103	 11	 0.422028	 0.927750	 0.067581	 1
1462091031.113	 11	 0.423584	 0.926071	 0.068680	 1
1462091031.123	 11	 0.424316	 0.925018	 0.068985	 1
1462091031.133	 11	 0.424194	 0.923752	 0.069458	 1
1462091031.143	 11	 0.423676	 0.923553	 0.068176	 1
1462091031.153	 11	 0.420410	 0.922256	 0.068832	 1
1462091031.163	 11	 0.421310	 0.923080	 0.067719	 1
1462091031.173	 11	 0.420334	 0.922806	 0.064438	 1
1462091031.183	 11	 0.419464	 0.925232	 0.063965	 1
1462091031.193	 11	 0.417816	 0.925415	 0.065659	 1
1462091031.203	 11	 0.415497	 0.927704	 0.069550	 1
1462091031.213	 11	 0.415558	 0.930466	 0.069458	 1
1462091031.223	 11	 0.414139	 0.928055	 0.067291	 1
1462091031.233	 11	 0.412033	 0.928970	 0.068497	 1
1462091031.243	 11	 0.413086	 0.929840	 0.065903	 1
1462091031.253	 11	 0.412994	 0.930115	 0.063019	 1
1462091031.263	 11	 0.410782	 0.929901	 0.061951	 1
1462091031.273	 11	 0.410645	 0.928009	 0.063309	 1
1462091031.283	 11	 0.412872	 0.927185	 0.069122	 1
1462091031.293	 11	 0.414368	 0.925598	 0.067566	 1
1462091031.303	 11	 0.414810	 0.925522	 0.068771	 1
1462091031.313	 11	 0.413284	 0.925735	 0.068451	 1
1462091031.323	 11	 0.412521	 0.926804	 0.065399	 1
1462091031.333	 11	 0.414001	 0.929092	 0.063690	 1
1462091031.343	 11	 0.415817	 0.928146	 0.066238	 1
1462091031.353	 11	 0.418289	 0.926849	 0.068283	 1
1462091031.363	 11	 0.418015	 0.928436	 0.067490	 1
1462091031.373	 11	 0.419937	 0.927628	 0.067230	 1
1462091031.383	 11	 0.421921	 0.928803	 0.066284	 1
1462091031.393	 11	 0.419174	 0.929703	 0.064835	 1
1462091031.403	 11	 0.415695	 0.925888	 0.065018	 1
1462091031.413	 11	 0.414673	 0.926590	 0.064178	 1
1462091031.423	 11	 0.412643	 0.926575	 0.062897	 1
1462091031.433	 11	 0.413116	 0.925491	 0.063995	 1
1462091031.443	 11	 0.416016	 0.924683	 0.066193	 1
1462091031.453	 11	 0.416016	 0.927872	 0.065689	 1
1462091031.463	 11	 0.416565	 0.928741	 0.066650	 1
1462091031.473	 11	 0.417191	 0.925003	 0.060654	 1
1462091031.483	 11	 0.416168	 0.922928	 0.060822	 1
1462091031.493	 11	 0.415466	 0.924194	 0.062622	 1
1462091031.503	 11	 0.415070	 0.923615	 0.063049	 1
1462091031.513	 11	 0.415146	 0.925568	 0.063293	 1
1462091031.523	 11	 0.417191	 0.926758	 0.066635	 1
1462091031.533	 11	 0.418533	 0.925659	 0.066788	 1
1462091031.543	 11	 0.420410	 0.923874	 0.066254	 1
1462091031.553	 11	 0.419968	 0.924393	 0.067154	 1
1462091031.563	 11	 0.421051	 0.923141	 0.065720	 1
1462091031.573	 11	 0.422546	 0.924286	 0.063156	 1
1462091031.583	 11	 0.422348	 0.925278	 0.064957	 1
1462091031.593	 12	 0.422821	 0.925201	 0.068253	 1
1462091031.613	 12	 0.421951	 0.924469	 0.071274	 1
1462091031.623	 12	 0.422058	 0.923920	 0.068985	 1
1462091031.633	 12	 0.417755	 0.924622	 0.068390	 1
1462091031.643	 12	 0.416031	 0.925995	 0.067368	 1
1462091031.653	 12	 0.416092	 0.925095	 0.067520	 1
1462091031.663	 12	 0.418823	 0.925659	 0.064636	 1
1462091031.673	 12	 0.420105	 0.925644	 0.065353	 1
1462091031.683	 12	 0.418900	 0.924942	 0.067947	 1
1462091031.703	 13	 0.415909	 0.923874	 0.064606	 1
1462091031.713	 13	 0.414307	 0.925217	 0.067947	 1
1462091031.723	 13	 0.414337	 0.926453	 0.067566	 1
1462091031.733	 13	 0.417557	 0.925339	 0.067764	 1
1462091031.743	 13	 0.414642	 0.925461	 0.070419	 1
1462091031.753	 13	 0.417358	 0.925476	 0.070953	 1
1462091031.763	 13	 0.417526	 0.927216	 0.068527	 1
1462091031.773	 13	 0.415726	 0.929581	 0.068604	 1
1462091031.783	 13	 0.415039	 0.926498	 0.067703	 1
1462091031.793	 13	 0.416962	 0.927551	 0.068817	 1
1462091031.803	 13	 0.419266	 0.925964	 0.069885	 1
1462091031.813	 13	 0.420425	 0.924957	 0.067734	 1
1462091031.823	 13	 0.419830	 0.925400	 0.065918	 1
1462091031.833	 14	 0.417282	 0.925659	 0.069305	 1
1462091031.853	 14	 0.419327	 0.925461	 0.070145	 1
1462091031.863	 14	 0.418076	 0.925751	 0.066818	 1
1462091031.873	 14	 0.418991	 0.927582	 0.066803	 1
1462091031.883	 14	 0.418518	 0.926819	 0.067978	 1
1462091031.893	 14	 0.415436	 0.925323	 0.069214	 1
1462091031.903	 14	 0.418350	 0.927918	 0.067856	 1
1462091031.913	 14	 0.420578	 0.927124	 0.064835	 1
1462091031.923	 14	 0.417847	 0.924393	 0.065964	 1
1462091031.933	 14	 0.418533	 0.925262	 0.065460	 1
1462091031.943	 14	 0.417038	 0.921692	 0.064606	 1
1462091031.953	 14	 0.419662	 0.922150	 0.065552	 1
1462091031.963	 14	 0.417633	 0.922714	 0.063675	 1
1462091031.973	 14	 0.415726	 0.924088	 0.064056	 1
1462091031.983	 14	 0.418274	 0.926834	 0.061600	 1
1462091031.993	 14	 0.418152	 0.927643	 0.064239	 1
1462091032.003	 14	 0.417679	 0.930649	 0.066116	 1
1462091032.013	 14	 0.418900	 0.929092	 0.064865	 1
1462091032.023	 14	 0.418808	 0.929871	 0.065353	 1
1462091032.033	 14	 0.419113	 0.926743	 0.068954	 1
1462091032.043	 14	 0.417160	 0.928116	 0.064835	 1
1462091032.053	 14	 0.415329	 0.927353	 0.066422	 1
1462091032.063	 14	 0.414124	 0.926758	 0.067184	 1
1462091032.073	 14	 0.416428	 0.925995	 0.068466	 1
1462091032.083	 14	 0.418076	 0.923355	 0.064514	 1
1462091032.093	 14	 0.416397	 0.924393	 0.066391	 1
1462091032.103	 14	 0.418274	 0.925461	 0.066040	 1
1462091032.113	 14	 0.417450	 0.926712	 0.067123	 1
1462091032.123	 14	 0.420792	 0.926529	 0.071014	 1
1462091032.133	 14	 0.421844	 0.924637	 0.072281	 1
1462091032.143	 14	 0.422333	 0.926376	 0.071869	 1
1462091032.153	 14	 0.420624	 0.925842	 0.063705	 1
1462091032.163	 14	 0.415298	 0.925140	 0.065704	 1
1462091032.173	 14	 0.413940	 0.933075	 0.073471	 1
1462091032.183	 14	 0.415054	 0.931839	 0.074081	 1
1462091032.193	 14	 0.414536	 0.930069	 0.068985	 1
1462091032.203	 14	 0.412643	 0.937759	 0.070648	 1
1462091032.213	 14	 0.411957	 0.942032	 0.072571	 1
1462091032.223	 14	 0.411896	 0.940018	 0.074951	 1
1462091032.233	 14	 0.411224	 0.938431	 0.074020	 1
1462091032.243	 14	 0.412415	 0.938080	 0.075943	 1
1462091032.253	 14	 0.411392	 0.941101	 0.073013	 1
1462091032.263	 14	 0.411942	 0.946777	 0.062393	 1
1462091032.273	 14	 0.413391	 0.949860	 0.068008	 1
1462091032.283	 14	 0.413513	 0.951157	 0.071396	 1
1462091032.293	 14	 0.417694	 0.959213	 0.058212	 1
1462091032.303	 14	 0.421783	 0.962021	 0.053146	 1
1462091032.313	 14	 0.420807	 0.960907	 0.067993	 1
1462091032.323	 14	 0.421402	 0.961548	 0.063766	 1
1462091032.333	 14	 0.422379	 0.961060	 0.053894	 1
1462091032.343	 14	 0.422836	 0.969437	 0.045258	 1
1462091032.353	 14	 0.424103	 0.957916	 0.034866	 1
1462091032.363	 14	 0.424194	 0.984238	 0.034256	 1
1462091032.373	 14	 0.418259	 1.030334	 0.016464	 1
1462091032.383	 14	 0.412521	 1.046188	 0.025696	 1
1462091032.393	 14	 0.421402	 1.076538	 0.045425	 1
1462091032.403	 14	 0.411819	 1.070908	 0.049942	 1
1462091032.413	 14	 0.400040	 1.031219	 0.057968	 1
1462091032.423	 14	 0.400589	 1.072952	 0.076096	 1
1462091032.433	 14	 0.411377	 1.106796	 0.093445	 1
1462091032.443	 14	 0.393997	 1.089432	 0.087646	 1
1462091032.453	 14	 0.399780	 1.110733	 0.076401	 1
1462091032.463	 14	 0.418427	 1.153793	 0.075760	 1
1462091032.473	 14	 0.386429	 1.223785	 0.035248	 1
1462091032.483	 14	 0.398315	 1.239700	 0.027649	 1
1462091032.493	 14	 0.451126	 1.193329	 0.030991	 1
1462091032.503	 14	 0.465408	 1.168793	 0.068039	 1
1462091032.513	 14	 0.460999	 1.142822	 0.078171	 1
1462091032.523	 14	 0.447418	 1.100143	 0.053162	 1
1462091032.533	 14	 0.413483	 1.082016	 0.034958	 1
1462091032.543	 14	 0.383728	 1.108063	 0.009369	 1
1462091032.553	 14	 0.382034	 1.095062	 -0.017914	 1
1462091032.563	 14	 0.565537	 1.197540	 -0.193375	 1
1462091032.573	 14	 0.538345	 1.140335	 -0.013275	 1
1462091032.583	 14	 0.492996	 1.110458	 0.019241	 1
1462091032.593	 14	 0.467072	 1.043076	 0.037979	 1
1462091032.603	 14	 0.430145	 1.044067	 -0.093262	 1
1462091032.613	 14	 0.410645	 1.007385	 -0.088211	 1
1462091032.623	 14	 0.353104	 1.119629	 -0.038086	 1
1462091032.633	 14	 0.403748	 0.903214	 -0.056412	 1
1462091032.643	 14	 0.592896	 0.704605	 0.016830	 1
1462091032.653	 14	 0.618652	 0.605576	 0.109299	 1
1462091032.663	 14	 0.639435	 0.503479	 0.060425	 1
1462091032.673	 14	 0.682251	 0.388809	 0.030991	 1
1462091032.683	 14	 0.792313	 0.330612	 0.075516	 1
1462091032.693	 14	 0.892136	 0.284119	 0.110062	 1
1462091032.703	 14	 0.948990	 0.234146	 0.166077	 1
1462091032.713	 14	 1.038727	 0.231720	 0.175140	 1
1462091032.723	 14	 1.118973	 0.243378	 0.093369	 1
1462091032.733	 14	 1.108643	 0.148849	 -0.082138	 1
1462091032.743	 14	 1.162430	 0.086990	 -0.138550	 1
1462091032.753	 14	 1.195755	 0.063446	 -0.158493	 1
1462091032.763	 14	 1.187668	 0.049713	 -0.179657	 1
1462091032.773	 14	 1.218369	 0.047760	 -0.234100	 1
1462091032.783	 14	 1.208588	 0.037857	 -0.289886	 1
1462091032.793	 14	 1.188156	 -0.007660	 -0.366089	 1
1462091032.803	 14	 1.196075	 -0.016251	 -0.399521	 1
1462091032.813	 14	 1.162872	 -0.025314	 -0.520676	 1
1462091032.823	 14	 1.191071	 -0.056641	 -0.546234	 1
1462091032.833	 14	 1.316208	 -0.084412	 -0.479324	 1
1462091032.843	 14	 1.385452	 -0.081955	 -0.449982	 1
1462091032.853	 14	 1.339371	 -0.099030	 -0.592911	 1
1462091032.863	 14	 1.283569	 -0.103668	 -0.686646	 1
1462091032.873	 14	 1.285751	 -0.067337	 -0.692810	 1
1462091032.883	 14	 1.275925	 -0.036057	 -0.720703	 1
1462091032.893	 14	 1.264023	 -0.005447	 -0.755447	 1
1462091032.903	 14	 1.226883	 0.039398	 -0.793213	 1
1462091032.913	 14	 1.178482	 0.104446	 -0.834137	 1
1462091032.923	 14	 1.157013	 0.166336	 -0.862076	 1
1462091032.933	 14	 1.127197	 0.166092	 -0.877731	 1
1462091032.943	 14	 1.098389	 0.155746	 -0.946732	 1
1462091032.953	 14	 1.096924	 0.177658	 -0.965973	 1
1462091032.963	 14	 1.145691	 0.133209	 -0.861023	 1
1462091032.973	 14	 1.070084	 0.163208	 -0.923752	 1
1462091032.983	 14	 1.072784	 0.235764	 -0.927094	 1
1462091032.993	 14	 1.063400	 0.233047	 -0.934647	 1
1462091033.003	 14	 1.041367	 0.215378	 -0.938812	 1
1462091033.013	 14	 1.008987	 0.228073	 -0.935806	 1
1462091033.023	 14	 0.968262	 0.246094	 -0.924316	 1
1462091033.043	 15	 0.854095	 0.222412	 -0.869522	 1
1462091033.053	 15	 0.807480	 0.204071	 -0.855087	 1
1462091033.063	 15	 0.775314	 0.153641	 -0.833374	 1
1462091033.073	 15	 0.739990	 0.108826	 -0.824677	 1
1462091033.083	 15	 0.627731	 0.117691	 -0.947937	 1
1462091033.093	 15	 0.727524	 0.109436	 -0.808777	 1
1462091033.103	 15	 0.780350	 0.079727	 -0.690811	 1
1462091033.113	 15	 0.755173	 0.020920	 -0.650619	 1
1462091033.123	 15	 0.728973	 0.013687	 -0.669296	 1
1462091033.133	 15	 0.614441	 0.011169	 -0.744629	 1
1462091033.143	 15	 0.571503	 -0.000687	 -0.728607	 1
1462091033.163	 15	 0.496689	 -0.013306	 -0.684982	 1
1462091033.173	 15	 0.550552	 -0.022400	 -0.636688	 1
1462091033.153	 15	 0.541245	 -0.005112	 -0.719269	 1
1462091033.183	 15	 0.534027	 -0.076401	 -0.607224	 1
1462091033.193	 15	 0.521790	 -0.139298	 -0.591522	 1
1462091033.203	 15	 0.524643	 -0.192871	 -0.589371	 1
1462091033.213	 15	 0.496979	 -0.250397	 -0.609665	 1
1462091033.223	 15	 0.544083	 -0.288269	 -0.612946	 1
1462091033.233	 15	 0.557968	 -0.293732	 -0.610779	 1
1462091033.243	 15	 0.523224	 -0.306732	 -0.635193	 1
1462091033.253	 15	 0.492020	 -0.295349	 -0.666656	 1
1462091033.263	 15	 0.466614	 -0.262589	 -0.683929	 1
1462091033.273	 15	 0.449554	 -0.247665	 -0.674667	 1
1462091033.283	 15	 0.424850	 -0.271622	 -0.647171	 1
1462091033.293	 15	 0.391525	 -0.314636	 -0.618134	 1
1462091033.303	 15	 0.368225	 -0.368576	 -0.587967	 1
1462091033.313	 15	 0.343140	 -0.419479	 -0.581970	 1
1462091033.323	 15	 0.302261	 -0.462418	 -0.623459	 1
1462091033.333	 15	 0.259750	 -0.487671	 -0.695129	 1
1462091033.343	 16	 0.241837	 -0.456299	 -0.712830	 1
1462091033.363	 16	 0.264908	 -0.417328	 -0.578094	 1
1462091033.373	 16	 0.238525	 -0.420776	 -0.596985	 1
1462091033.383	 16	 0.178253	 -0.418076	 -0.653427	 1
1462091033.393	 16	 0.154816	 -0.380417	 -0.652679	 1
1462091033.403	 16	 0.159256	 -0.386841	 -0.660034	 1
1462091033.413	 16	 0.177048	 -0.422531	 -0.669601	 1
1462091033.423	 16	 0.165070	 -0.439499	 -0.652695	 1
1462091033.433	 16	 0.167419	 -0.445709	 -0.630859	 1
1462091033.443	 16	 0.172760	 -0.490982	 -0.616241	 1
1462091033.453	 16	 0.169373	 -0.526611	 -0.600662	 1
1462091033.463	 16	 0.167206	 -0.565079	 -0.601425	 1
1462091033.473	 16	 0.163330	 -0.579208	 -0.623093	 1
1462091033.483	 16	 0.155106	 -0.542740	 -0.639923	 1
1462091033.493	 16	 0.142960	 -0.498703	 -0.632141	 1
1462091033.503	 16	 0.125061	 -0.490479	 -0.607407	 1
1462091033.513	 16	 0.107788	 -0.511032	 -0.564850	 1
1462091033.523	 16	 0.086349	 -0.547165	 -0.508987	 1
1462091033.533	 16	 0.057816	 -0.568069	 -0.467178	 1
1462091033.543	 16	 0.066879	 -0.602859	 -0.445343	 1
1462091033.553	 16	 0.073441	 -0.648483	 -0.445068	 1
1462091033.563	 17	 0.094574	 -0.660629	 -0.467636	 1
1462091033.583	 17	 0.125092	 -0.628372	 -0.521439	 1
1462091033.593	 17	 0.116501	 -0.626984	 -0.530945	 1
1462091033.603	 17	 0.094772	 -0.622147	 -0.525085	 1
1462091033.613	 17	 0.067261	 -0.609909	 -0.513718	 1
1462091033.623	 17	 0.046310	 -0.607986	 -0.496063	 1
1462091033.633	 17	 0.027191	 -0.630630	 -0.489410	 1
1462091033.643	 17	 0.038757	 -0.656418	 -0.520828	 1
1462091033.653	 17	 0.051620	 -0.657944	 -0.543106	 1
1462091033.663	 17	 0.052780	 -0.661072	 -0.559525	 1
1462091033.673	 17	 0.059433	 -0.657806	 -0.573135	 1
1462091033.683	 17	 0.056488	 -0.661789	 -0.585541	 1
1462091033.693	 17	 0.060699	 -0.666245	 -0.602127	 1
1462091033.703	 17	 0.062943	 -0.667587	 -0.610702	 1
1462091033.713	 17	 0.056976	 -0.678207	 -0.615738	 1
1462091033.723	 17	 0.053604	 -0.681335	 -0.603607	 1
1462091033.733	 17	 0.041641	 -0.713303	 -0.587433	 1
1462091033.743	 17	 0.015488	 -0.720245	 -0.580887	 1
1462091033.753	 17	 0.013016	 -0.714111	 -0.586945	 1
1462091033.763	 17	 0.022705	 -0.712967	 -0.615219	 1
1462091033.773	 17	 0.029785	 -0.716888	 -0.649506	 1
1462091033.783	 17	 0.038162	 -0.725159	 -0.678101	 1
1462091033.793	 17	 0.050903	 -0.710510	 -0.703491	 1
1462091033.803	 17	 0.048035	 -0.699738	 -0.719452	 1
1462091033.813	 17	 0.030426	 -0.702133	 -0.720963	 1
1462091033.823	 17	 0.032150	 -0.693863	 -0.697082	 1
1462091033.833	 17	 0.018921	 -0.695251	 -0.654160	 1
1462091033.843	 17	 0.010910	 -0.714813	 -0.651855	 1
1462091033.853	 17	 0.011307	 -0.723587	 -0.684586	 1
1462091033.863	 17	 0.017853	 -0.713394	 -0.712479	 1
