% Accelerometer data recorded with 'snsrlog'
% 
% Sampling frequency: 100 Hz
% 
% Label description:
% 	 0: Default Label
% 	 1: still_drop
% 	 2: walk_drop
% 	 3: other
% 	 4: dtw_same
% 	 5: dtw_diff
% 	 6: delete
% 
% Column description:
% 	 1: Seconds.milliseconds since 1970
% 	 2: Number of skipped measurements
% 	 3: Acceleration value in x-direction
% 	 4: Acceleration value in y-direction
% 	 5: Acceleration value in z-direction
% 	 6: Label used for the current sample
% 
% 
1462073456.620	 0	 0.399582	 -0.009384	 -0.448959	 2
1462073456.630	 0	 0.449356	 0.080307	 -0.488007	 2
1462073456.640	 0	 0.496582	 0.114151	 -0.551514	 2
1462073456.650	 0	 0.517105	 0.115906	 -0.618637	 2
1462073456.660	 0	 0.536804	 0.171524	 -0.668488	 2
1462073456.670	 0	 0.586975	 0.224960	 -0.708664	 2
1462073456.680	 0	 0.634064	 0.217651	 -0.714188	 2
1462073456.690	 0	 0.676422	 0.285507	 -0.692993	 2
1462073456.700	 0	 0.691132	 0.398941	 -0.663147	 2
1462073456.710	 0	 0.672180	 0.499542	 -0.607941	 2
1462073456.720	 0	 0.649460	 0.531769	 -0.504944	 2
1462073456.730	 0	 0.660233	 0.583740	 -0.376984	 2
1462073456.740	 0	 0.694412	 0.655640	 -0.264038	 2
1462073456.750	 0	 0.757874	 0.723175	 -0.167435	 2
1462073456.760	 0	 0.839981	 0.762909	 -0.106506	 2
1462073456.770	 0	 0.917511	 0.794739	 -0.068573	 2
1462073456.780	 0	 1.002396	 0.879044	 -0.036667	 2
1462073456.790	 0	 1.037125	 0.913040	 0.009262	 2
1462073456.800	 0	 1.161865	 1.016327	 0.078033	 2
1462073456.810	 0	 1.276825	 1.081619	 0.143326	 2
1462073456.820	 0	 1.387268	 1.093475	 0.169250	 2
1462073456.840	 1	 1.710281	 1.029816	 -0.019958	 2
1462073456.850	 2	 1.826126	 0.972214	 -0.157379	 2
1462073456.870	 2	 1.841293	 0.751678	 -0.480820	 2
1462073456.880	 2	 1.807739	 0.644577	 -0.543518	 2
1462073456.890	 2	 1.780075	 0.609787	 -0.484680	 2
1462073456.900	 2	 1.752838	 0.641312	 -0.381607	 2
1462073456.910	 2	 1.765869	 0.673752	 -0.232620	 2
1462073456.930	 3	 1.579498	 0.560516	 0.086594	 2
1462073456.940	 3	 1.524277	 0.574707	 0.218475	 2
1462073456.950	 3	 1.424240	 0.593155	 0.316727	 2
1462073456.960	 3	 1.343674	 0.617661	 0.346710	 2
1462073456.970	 4	 1.289963	 0.652527	 0.304825	 2
1462073456.990	 4	 1.268723	 0.618225	 0.208160	 2
1462073457.000	 4	 1.302933	 0.594025	 0.171280	 2
1462073457.010	 4	 1.313293	 0.571289	 0.155533	 2
1462073457.020	 4	 1.304092	 0.565384	 0.138962	 2
1462073457.030	 4	 1.278824	 0.566269	 0.122421	 2
1462073457.040	 4	 1.249878	 0.561905	 0.117554	 2
1462073457.050	 4	 1.236710	 0.547928	 0.126419	 2
1462073457.060	 4	 1.256622	 0.545029	 0.135086	 2
1462073457.070	 4	 1.273026	 0.515381	 0.157150	 2
1462073457.080	 4	 1.292603	 0.489731	 0.174988	 2
1462073457.090	 4	 1.302475	 0.492798	 0.201569	 2
1462073457.100	 4	 1.321655	 0.520996	 0.225586	 2
1462073457.110	 4	 1.338486	 0.543121	 0.251450	 2
1462073457.119	 4	 1.340317	 0.561020	 0.263535	 2
1462073457.129	 4	 1.352875	 0.590515	 0.271027	 2
1462073457.140	 4	 1.372162	 0.611710	 0.251389	 2
1462073457.150	 4	 1.375961	 0.616714	 0.233704	 2
1462073457.160	 4	 1.366531	 0.642532	 0.208878	 2
1462073457.170	 4	 1.339371	 0.655640	 0.185089	 2
1462073457.179	 4	 1.292938	 0.650574	 0.160568	 2
1462073457.189	 4	 1.224182	 0.638962	 0.136871	 2
1462073457.200	 4	 1.172180	 0.657791	 0.112640	 2
1462073457.209	 4	 1.147461	 0.623962	 0.101654	 2
1462073457.219	 4	 1.103745	 0.572159	 0.095840	 2
1462073457.230	 4	 1.061752	 0.566696	 0.070389	 2
1462073457.240	 4	 0.973083	 0.591034	 0.022614	 2
1462073457.250	 4	 0.892700	 0.590408	 -0.029770	 2
1462073457.260	 5	 0.744217	 0.628036	 -0.055817	 2
1462073457.279	 5	 0.200302	 0.790405	 0.020172	 2
1462073457.290	 5	 0.110046	 0.671097	 0.082199	 2
1462073457.300	 5	 0.209244	 0.548004	 0.156067	 2
1462073457.310	 5	 0.425339	 0.559509	 0.156555	 2
1462073457.320	 5	 0.414032	 0.506378	 0.213364	 2
1462073457.330	 5	 0.278900	 0.522247	 0.278641	 2
1462073457.340	 5	 0.220703	 0.608963	 0.265686	 2
1462073457.350	 5	 0.296417	 0.647507	 0.175446	 2
1462073457.360	 5	 0.421341	 0.777039	 0.060364	 2
1462073457.370	 5	 0.519913	 0.812241	 -0.079620	 2
1462073457.379	 5	 0.653076	 0.816910	 -0.192474	 2
1462073457.390	 5	 0.770233	 0.765808	 -0.289612	 2
1462073457.400	 5	 0.814850	 0.640121	 -0.329849	 2
1462073457.410	 5	 0.813782	 0.558823	 -0.301590	 2
1462073457.420	 5	 0.732391	 0.490494	 -0.270370	 2
1462073457.430	 5	 0.637970	 0.410812	 -0.226868	 2
1462073457.440	 5	 0.571686	 0.418488	 -0.170227	 2
1462073457.450	 5	 0.524307	 0.594833	 -0.105408	 2
1462073457.460	 5	 0.569092	 0.389984	 -0.104172	 2
1462073457.470	 5	 0.515076	 0.627136	 0.001923	 2
1462073457.480	 5	 0.528702	 0.610764	 0.010406	 2
1462073457.490	 5	 0.707794	 0.458801	 0.066345	 2
1462073457.500	 5	 0.655869	 0.750824	 -0.015671	 2
1462073457.510	 5	 0.607636	 0.728043	 -0.121689	 2
1462073457.520	 5	 0.644287	 0.690948	 -0.127472	 2
1462073457.530	 5	 0.755020	 0.682495	 -0.114822	 2
1462073457.540	 5	 0.795151	 0.671875	 -0.106598	 2
1462073457.550	 5	 0.719147	 0.747513	 -0.087540	 2
1462073457.560	 6	 0.766739	 0.799469	 -0.058105	 2
1462073457.580	 6	 0.568832	 0.857681	 0.001648	 2
1462073457.590	 6	 0.563965	 0.931168	 -0.007172	 2
1462073457.600	 6	 0.513351	 0.939911	 0.012512	 2
1462073457.610	 6	 0.548813	 0.923767	 0.037201	 2
1462073457.620	 6	 0.608978	 0.908890	 0.092911	 2
1462073457.630	 6	 0.674591	 0.885391	 0.144882	 2
1462073457.640	 6	 0.768494	 0.943604	 0.134613	 2
1462073457.650	 6	 0.879272	 1.005478	 0.028961	 2
1462073457.660	 6	 0.970932	 0.998047	 -0.083572	 2
1462073457.670	 6	 1.094330	 0.987778	 -0.099915	 2
1462073457.680	 6	 1.173080	 0.936935	 -0.067978	 2
1462073457.690	 6	 1.213608	 0.934097	 -0.091156	 2
1462073457.700	 6	 1.252686	 0.939209	 -0.119690	 2
1462073457.710	 6	 1.298141	 0.894409	 -0.151382	 2
1462073457.720	 6	 1.362366	 0.872589	 -0.198486	 2
1462073457.730	 6	 1.414093	 0.856140	 -0.238235	 2
1462073457.740	 7	 1.374008	 0.851974	 -0.173538	 2
1462073457.760	 7	 1.358810	 0.817276	 -0.140076	 2
1462073457.770	 7	 1.375427	 0.802536	 -0.158310	 2
1462073457.780	 7	 1.323532	 0.715027	 -0.132584	 2
1462073457.790	 7	 1.240097	 0.606598	 -0.121262	 2
1462073457.800	 7	 1.121887	 0.572617	 -0.109802	 2
1462073457.820	 8	 0.812698	 0.526642	 -0.051117	 2
1462073457.830	 8	 0.692337	 0.468246	 0.028519	 2
1462073457.840	 8	 0.584381	 0.318298	 0.018936	 2
1462073457.850	 8	 0.390991	 0.278839	 0.051697	 2
1462073457.860	 8	 0.170837	 0.279892	 0.091446	 2
1462073457.870	 8	 0.007629	 0.260086	 0.117859	 2
1462073457.880	 8	 -0.134094	 0.246780	 0.144318	 2
1462073457.890	 8	 -0.289139	 0.315781	 0.166336	 2
1462073457.900	 8	 0.072815	 0.273193	 0.189651	 2
1462073457.910	 8	 0.466934	 0.172501	 0.241455	 2
1462073457.920	 8	 0.788498	 0.138672	 0.214172	 2
1462073457.930	 8	 0.984467	 0.153870	 0.037079	 2
1462073457.940	 8	 1.144302	 0.159744	 -0.155319	 2
1462073457.950	 8	 1.252899	 0.097000	 -0.316269	 2
1462073457.960	 8	 1.280029	 0.095367	 -0.367889	 2
1462073457.970	 8	 1.182663	 0.207825	 -0.283676	 2
1462073457.980	 8	 0.966812	 0.397079	 0.010056	 2
1462073457.990	 8	 0.695572	 0.332077	 0.313644	 2
1462073458.000	 8	 0.621124	 0.501709	 0.409561	 2
1462073458.010	 8	 0.623093	 0.546692	 0.328644	 2
1462073458.020	 8	 0.609650	 0.542694	 0.275558	 2
1462073458.030	 8	 0.592972	 0.539948	 0.186127	 2
1462073458.040	 8	 0.606628	 0.526688	 0.037354	 2
1462073458.050	 8	 0.593231	 0.584808	 -0.030792	 2
1462073458.060	 8	 0.562912	 0.548615	 -0.025085	 2
1462073458.070	 8	 0.553589	 0.488266	 0.041168	 2
1462073458.080	 8	 0.587845	 0.416473	 0.117188	 2
1462073458.090	 8	 0.615768	 0.341629	 0.172684	 2
1462073458.100	 8	 0.676239	 0.309402	 0.228622	 2
1462073458.110	 8	 0.730835	 0.380173	 0.260727	 2
1462073458.120	 8	 0.961426	 0.336517	 0.103821	 2
1462073458.130	 8	 0.986099	 0.284180	 0.033035	 2
1462073458.140	 8	 0.999634	 0.406006	 -0.069183	 2
1462073458.150	 8	 0.945755	 0.709015	 -0.128403	 2
1462073458.160	 8	 0.872498	 0.743912	 -0.245255	 2
1462073458.170	 8	 0.753128	 0.732574	 -0.247391	 2
1462073458.180	 8	 0.725769	 0.803635	 -0.103851	 2
1462073458.190	 8	 0.740982	 0.881973	 0.182724	 2
1462073458.200	 8	 0.718643	 0.842102	 0.551636	 2
1462073458.210	 8	 0.706619	 0.896729	 1.026672	 2
1462073458.220	 8	 0.966034	 0.951797	 1.785065	 2
1462073458.230	 8	 1.074783	 0.858353	 1.463943	 2
1462073458.240	 8	 1.094009	 0.977387	 0.750610	 2
1462073458.250	 8	 1.109741	 1.111481	 0.474167	 2
1462073458.260	 8	 1.086441	 1.106720	 0.383575	 2
1462073458.270	 8	 1.142746	 1.091064	 0.335922	 2
1462073458.280	 8	 1.186462	 1.025925	 0.262390	 2
1462073458.290	 8	 1.251617	 0.911499	 0.163025	 2
1462073458.300	 8	 1.253098	 0.752457	 0.122971	 2
1462073458.310	 8	 1.273804	 0.690948	 0.063599	 2
1462073458.320	 8	 1.364502	 0.734817	 -0.131729	 2
1462073458.330	 8	 1.082397	 0.520645	 -0.319443	 2
1462073458.340	 8	 0.967773	 0.525055	 -0.306931	 2
1462073458.350	 8	 0.871536	 0.580063	 -0.017090	 2
1462073458.360	 8	 0.661987	 0.674301	 0.316330	 2
1462073458.370	 8	 0.198318	 0.948761	 0.735275	 2
1462073458.380	 8	 -0.414886	 0.987335	 1.061768	 2
1462073458.390	 8	 -0.427902	 0.913406	 1.027618	 2
1462073458.400	 8	 0.010361	 0.888184	 0.302582	 2
1462073458.410	 8	 0.284287	 0.838501	 -0.224533	 2
1462073458.420	 8	 0.407944	 0.781830	 -0.297592	 2
1462073458.430	 8	 0.383102	 0.696030	 -0.316757	 2
1462073458.440	 8	 0.260315	 0.648132	 -0.386520	 2
1462073458.450	 8	 0.224716	 0.677704	 -0.517319	 2
1462073458.460	 8	 0.289474	 0.599167	 -0.426437	 2
1462073458.470	 8	 0.414856	 0.696060	 -0.069138	 2
1462073458.480	 8	 0.460175	 0.853058	 0.002136	 2
1462073458.490	 8	 0.563705	 0.976059	 0.049332	 2
1462073458.500	 8	 0.670166	 1.082870	 0.016434	 2
1462073458.510	 8	 0.628113	 1.185242	 -0.074005	 2
1462073458.520	 8	 0.560440	 1.187057	 0.004303	 2
1462073458.530	 8	 0.551529	 1.111145	 0.080185	 2
1462073458.540	 8	 0.575653	 0.973923	 0.160278	 2
1462073458.550	 8	 0.551285	 0.849518	 0.267441	 2
1462073458.560	 8	 0.549591	 0.772278	 0.302521	 2
1462073458.570	 8	 0.564011	 0.697327	 0.337341	 2
1462073458.580	 8	 0.585297	 0.640198	 0.304550	 2
1462073458.590	 8	 0.612366	 0.651138	 0.199417	 2
1462073458.600	 8	 0.583206	 0.617493	 0.173721	 2
1462073458.610	 8	 0.478226	 0.571503	 0.138062	 2
1462073458.620	 8	 0.412430	 0.622070	 0.095490	 2
1462073458.630	 8	 0.357346	 0.698212	 0.071564	 2
1462073458.640	 8	 0.336227	 0.663757	 0.017334	 2
1462073458.650	 8	 0.322769	 0.651459	 0.018677	 2
1462073458.660	 8	 0.313065	 0.643311	 0.041077	 2
1462073458.670	 8	 0.307556	 0.671143	 0.003265	 2
1462073458.680	 8	 0.311050	 0.767319	 -0.036942	 2
1462073458.690	 8	 0.314987	 0.873611	 -0.017258	 2
1462073458.700	 8	 0.384247	 0.941895	 -0.004150	 2
1462073458.710	 8	 0.466782	 0.983429	 -0.000610	 2
1462073458.720	 8	 0.537277	 0.918167	 0.006073	 2
1462073458.730	 8	 0.576111	 0.842239	 -0.004608	 2
1462073458.740	 8	 0.571671	 0.882111	 0.031403	 2
1462073458.750	 8	 0.512177	 0.969940	 0.081161	 2
1462073458.760	 8	 0.460999	 1.047684	 0.113342	 2
1462073458.770	 8	 0.424286	 1.116516	 0.135239	 2
1462073458.780	 8	 0.404663	 1.163651	 0.117798	 2
1462073458.790	 8	 0.399078	 1.143585	 0.087799	 2
1462073458.800	 8	 0.428619	 1.130218	 0.036591	 2
1462073458.810	 8	 0.453751	 1.120468	 0.022751	 2
1462073458.820	 8	 0.469360	 1.085342	 0.022766	 2
1462073458.830	 8	 0.481125	 1.064117	 0.049622	 2
1462073458.840	 8	 0.449448	 1.052628	 0.070404	 2
1462073458.850	 8	 0.399506	 1.047058	 0.100540	 2
1462073458.860	 8	 0.401123	 1.048645	 0.142914	 2
1462073458.870	 8	 0.424698	 1.042862	 0.164642	 2
1462073458.880	 8	 0.473343	 1.050842	 0.148941	 2
1462073458.890	 8	 0.490463	 1.059326	 0.124100	 2
1462073458.900	 8	 0.455978	 1.029404	 0.131729	 2
1462073458.910	 8	 0.395035	 0.970657	 0.125885	 2
1462073458.920	 8	 0.306290	 0.896042	 0.157272	 2
1462073458.930	 8	 0.249268	 0.819122	 0.243591	 2
1462073458.940	 8	 0.229080	 0.804977	 0.366470	 2
1462073458.950	 8	 0.172821	 0.890717	 0.492523	 2
1462073458.960	 8	 0.118958	 1.122238	 0.548965	 2
1462073458.970	 8	 0.092514	 1.393524	 0.389755	 2
1462073458.980	 8	 0.014374	 1.824783	 0.392319	 2
1462073458.990	 8	 -0.070496	 2.228470	 0.354843	 2
1462073459.000	 8	 -0.202957	 2.511566	 0.443756	 2
1462073459.010	 8	 -0.285751	 2.463135	 0.406036	 2
1462073459.020	 8	 -0.402328	 2.107376	 0.186127	 2
1462073459.030	 8	 -0.436157	 1.694229	 -0.054764	 2
1462073459.040	 8	 -0.430649	 1.413803	 -0.202957	 2
1462073459.050	 8	 -0.435623	 1.288727	 -0.352387	 2
1462073459.060	 8	 -0.426834	 1.260910	 -0.338638	 2
1462073459.070	 8	 -0.386581	 1.323608	 -0.207413	 2
1462073459.080	 8	 -0.416031	 1.120056	 -0.302780	 2
1462073459.090	 8	 -0.436035	 0.926483	 -0.192413	 2
1462073459.100	 8	 -0.428162	 0.750671	 0.073196	 2
1462073459.110	 8	 -0.382233	 0.612167	 0.280197	 2
1462073459.120	 8	 -0.323761	 0.475906	 0.344040	 2
1462073459.130	 8	 -0.245148	 0.421646	 0.340393	 2
1462073459.140	 8	 -0.179199	 0.444199	 0.287750	 2
1462073459.150	 8	 -0.126282	 0.466400	 0.223190	 2
1462073459.160	 8	 -0.103088	 0.505295	 0.103317	 2
1462073459.170	 8	 -0.129181	 0.515396	 -0.049210	 2
1462073459.180	 8	 -0.210785	 0.506363	 -0.160873	 2
1462073459.190	 8	 -0.331787	 0.461075	 -0.215286	 2
1462073459.200	 8	 -0.320389	 0.448349	 -0.075760	 2
1462073459.210	 8	 -0.325195	 0.466492	 0.046844	 2
1462073459.220	 8	 -0.328827	 0.473084	 0.082565	 2
1462073459.230	 8	 -0.312378	 0.448380	 0.075806	 2
1462073459.240	 8	 -0.289536	 0.414291	 0.047348	 2
1462073459.250	 8	 -0.281128	 0.388489	 0.059189	 2
1462073459.260	 8	 -0.281128	 0.437881	 0.219498	 2
1462073459.270	 8	 -0.286835	 0.553085	 0.524963	 2
1462073459.280	 8	 -0.196777	 0.728409	 0.890518	 2
1462073459.290	 8	 0.031235	 0.999252	 1.314804	 2
1462073459.300	 8	 0.340836	 1.482803	 1.761368	 2
1462073459.310	 8	 0.543304	 1.995285	 2.190567	 2
1462073459.320	 8	 0.443405	 2.131836	 1.634232	 2
1462073459.330	 8	 0.392456	 1.925354	 0.730530	 2
1462073459.340	 8	 0.439148	 1.688034	 0.142471	 2
1462073459.350	 8	 0.441879	 1.595398	 0.405106	 2
1462073459.360	 8	 0.211349	 1.191650	 0.483185	 2
1462073459.370	 8	 0.048721	 0.999664	 0.404846	 2
1462073459.380	 8	 -0.103729	 1.050537	 0.243301	 2
1462073459.390	 8	 -0.229187	 1.178589	 0.053345	 2
1462073459.400	 8	 -0.391296	 1.390381	 0.161545	 2
1462073459.410	 8	 -0.408035	 1.551880	 0.129395	 2
1462073459.420	 8	 -0.377823	 1.601913	 -0.222031	 2
1462073459.430	 8	 -0.424957	 1.507462	 -0.340332	 2
1462073459.440	 8	 -0.539581	 1.243591	 -0.270264	 2
1462073459.450	 8	 -0.612030	 0.861786	 0.080673	 2
1462073459.460	 8	 -0.572098	 0.431061	 0.844116	 2
1462073459.470	 8	 -0.440109	 0.061798	 1.121643	 2
1462073459.480	 8	 -0.230820	 0.158707	 0.285126	 2
1462073459.490	 8	 -0.109253	 0.526047	 -0.241394	 2
1462073459.500	 8	 -0.164246	 0.913315	 -0.477737	 2
1462073459.510	 8	 -0.195938	 1.133835	 -0.688110	 2
1462073459.520	 8	 -0.257767	 1.137741	 -0.784058	 2
1462073459.530	 8	 -0.400330	 1.032379	 -0.643646	 2
1462073459.540	 8	 -0.519836	 0.909821	 -0.203018	 2
1462073459.550	 8	 -0.431580	 0.808228	 0.153656	 2
1462073459.560	 8	 -0.332459	 0.734879	 0.198914	 2
1462073459.570	 8	 -0.320938	 0.718002	 0.099686	 2
1462073459.580	 8	 -0.401306	 0.780350	 0.003845	 2
1462073459.590	 8	 -0.486847	 0.809174	 -0.168488	 2
1462073459.600	 8	 -0.472443	 0.954956	 -0.037643	 2
1462073459.610	 8	 -0.448959	 1.009979	 0.204391	 2
1462073459.620	 8	 -0.415359	 1.197083	 0.274841	 2
1462073459.630	 8	 -0.347672	 1.194397	 0.146103	 2
1462073459.640	 8	 -0.334183	 0.996643	 0.086884	 2
1462073459.650	 8	 -0.357346	 0.919296	 0.090363	 2
1462073459.660	 8	 -0.356277	 0.858749	 0.067368	 2
1462073459.670	 8	 -0.315979	 0.818237	 0.036270	 2
1462073459.680	 8	 -0.267563	 0.776031	 -0.010971	 2
1462073459.690	 8	 -0.221069	 0.821701	 -0.030472	 2
1462073459.700	 8	 -0.197113	 0.957657	 -0.023499	 2
1462073459.710	 8	 -0.184479	 1.002258	 -0.037720	 2
1462073459.720	 8	 -0.167099	 0.985580	 -0.059937	 2
1462073459.730	 8	 -0.165054	 0.953751	 -0.063187	 2
1462073459.740	 8	 -0.173492	 0.925659	 -0.044708	 2
1462073459.750	 8	 -0.182678	 0.905731	 -0.045303	 2
1462073459.760	 8	 -0.206390	 0.892059	 -0.011719	 2
1462073459.770	 8	 -0.217255	 0.861237	 0.048691	 2
1462073459.780	 8	 -0.229034	 0.823547	 0.141205	 2
1462073459.790	 8	 -0.255844	 0.793793	 0.203400	 2
1462073459.800	 8	 -0.283691	 0.756042	 0.209808	 2
1462073459.810	 8	 -0.305786	 0.747940	 0.179123	 2
1462073459.820	 8	 -0.349106	 0.757370	 0.111847	 2
1462073459.830	 8	 -0.406204	 0.829758	 0.030960	 2
1462073459.840	 8	 -0.450485	 0.943130	 -0.036148	 2
1462073459.850	 8	 -0.443771	 0.971024	 -0.032654	 2
1462073459.860	 8	 -0.333801	 1.115707	 -0.032806	 2
1462073459.870	 8	 -0.349472	 1.270432	 -0.083176	 2
1462073459.880	 8	 -0.388062	 1.434372	 -0.117035	 2
1462073459.890	 8	 -0.352448	 1.599609	 -0.059097	 2
1462073459.900	 8	 -0.301224	 1.641663	 0.023590	 2
1462073459.910	 8	 -0.262756	 1.576553	 0.081879	 2
1462073459.920	 8	 -0.157013	 1.536163	 0.196838	 2
1462073459.930	 8	 -0.127991	 1.454849	 0.283234	 2
1462073459.940	 8	 -0.143051	 1.428024	 0.347092	 2
1462073459.950	 8	 -0.127594	 1.434448	 0.371033	 2
1462073459.960	 8	 -0.112076	 1.414444	 0.414917	 2
1462073459.970	 8	 -0.113800	 1.376297	 0.500992	 2
1462073459.980	 8	 -0.141922	 1.357849	 0.502365	 2
1462073459.990	 8	 -0.217957	 1.354080	 0.348801	 2
1462073460.000	 8	 -0.239563	 1.312454	 0.208557	 2
1462073460.010	 8	 -0.178513	 1.177277	 0.166809	 2
1462073460.020	 8	 -0.121902	 1.079422	 0.206955	 2
1462073460.030	 8	 -0.227402	 0.983826	 0.243576	 2
1462073460.040	 8	 -0.279266	 1.121429	 0.218292	 2
1462073460.050	 8	 -0.218216	 1.216965	 0.103180	 2
1462073460.060	 8	 -0.221222	 1.251648	 -0.001160	 2
1462073460.070	 8	 -0.334732	 1.267899	 -0.037155	 2
1462073460.080	 8	 -0.455719	 1.291107	 -0.021606	 2
1462073460.090	 8	 -0.538605	 1.360260	 -0.013535	 2
1462073460.100	 8	 -0.616837	 1.467651	 -0.038193	 2
1462073460.110	 8	 -0.662109	 1.573349	 -0.026306	 2
1462073460.120	 8	 -0.695557	 1.571564	 0.044540	 2
1462073460.130	 8	 -0.669281	 1.374252	 0.063553	 2
1462073460.140	 8	 -0.647644	 1.254181	 0.050827	 2
1462073460.150	 8	 -0.597137	 1.219162	 0.004883	 2
1462073460.160	 8	 -0.655899	 1.247894	 -0.168625	 2
1462073460.170	 8	 -0.605408	 1.143570	 -0.247925	 2
1462073460.180	 8	 -0.394363	 1.002594	 -0.072250	 2
1462073460.190	 8	 -0.232483	 0.780975	 0.032349	 2
1462073460.200	 8	 -0.210342	 0.615372	 0.080109	 2
1462073460.210	 8	 -0.196259	 0.576797	 0.065063	 2
1462073460.220	 8	 -0.206345	 0.603088	 0.070282	 2
1462073460.230	 8	 -0.322479	 0.557724	 0.074493	 2
1462073460.240	 8	 -0.458694	 0.631851	 0.073380	 2
1462073460.250	 8	 -0.472778	 0.622940	 0.079025	 2
1462073460.260	 8	 -0.463547	 0.577118	 0.079315	 2
1462073460.270	 8	 -0.344910	 0.554108	 0.105392	 2
1462073460.280	 8	 -0.187607	 0.503494	 0.072449	 2
1462073460.290	 8	 -0.090317	 0.452896	 -0.011261	 2
1462073460.300	 8	 -0.097092	 0.378235	 -0.113464	 2
1462073460.310	 8	 -0.191010	 0.315292	 -0.242920	 2
1462073460.320	 8	 -0.246887	 0.300629	 -0.291458	 2
1462073460.330	 8	 -0.317551	 0.328461	 -0.273575	 2
1462073460.340	 8	 -0.349976	 0.365585	 -0.172836	 2
1462073460.350	 8	 -0.356491	 0.414734	 -0.187561	 2
1462073460.360	 8	 -0.217285	 0.456253	 -0.300003	 2
1462073460.370	 8	 -0.206024	 0.582214	 0.049454	 2
1462073460.380	 8	 -0.367889	 0.709061	 0.504715	 2
1462073460.390	 8	 -0.523514	 0.863922	 0.844482	 2
1462073460.400	 8	 -0.543228	 1.034363	 1.218170	 2
1462073460.410	 8	 -0.376572	 1.275726	 1.755432	 2
1462073460.420	 8	 -0.099609	 1.336853	 2.426132	 2
1462073460.430	 8	 0.151321	 1.436584	 2.759643	 2
1462073460.440	 8	 0.203918	 1.481888	 1.773254	 2
1462073460.450	 8	 0.290619	 1.698380	 0.800964	 2
1462073460.460	 8	 0.216934	 1.730057	 0.376907	 2
1462073460.470	 8	 0.017120	 1.547775	 0.284515	 2
1462073460.480	 8	 -0.114319	 1.433685	 0.317062	 2
1462073460.490	 8	 -0.443512	 1.273071	 0.203842	 2
1462073460.500	 8	 -0.420715	 1.209869	 0.216064	 2
1462073460.510	 8	 -0.295715	 1.235855	 0.321594	 2
1462073460.520	 8	 -0.113739	 1.247849	 0.171249	 2
1462073460.530	 8	 0.003250	 1.154877	 0.025238	 2
1462073460.540	 8	 -0.135757	 1.045609	 -0.230911	 2
1462073460.550	 8	 -0.440231	 1.043579	 -0.385941	 2
1462073460.560	 8	 -0.490036	 0.802582	 -0.353378	 2
1462073460.570	 8	 -0.501907	 0.488098	 0.114395	 2
1462073460.580	 8	 -0.688766	 0.372147	 0.815933	 2
1462073460.590	 8	 -0.737839	 0.674332	 0.409439	 2
1462073460.600	 8	 -0.721146	 0.836731	 0.181763	 2
1462073460.610	 8	 -0.590118	 0.797745	 -0.236633	 2
1462073460.620	 8	 -0.427658	 0.843597	 -0.523575	 2
1462073460.630	 8	 -0.304550	 0.889923	 -0.568131	 2
1462073460.640	 8	 -0.280472	 0.894669	 -0.479645	 2
1462073460.650	 8	 -0.262177	 0.956314	 -0.385483	 2
1462073460.660	 8	 -0.242615	 1.019028	 -0.331894	 2
1462073460.670	 8	 -0.158127	 1.038361	 -0.196976	 2
1462073460.680	 8	 -0.012268	 1.060272	 -0.036041	 2
1462073460.690	 8	 0.096130	 1.095779	 0.081146	 2
1462073460.700	 8	 0.131622	 1.081055	 0.160110	 2
1462073460.710	 8	 0.121368	 1.030121	 0.205032	 2
1462073460.720	 8	 0.065735	 0.990860	 0.219727	 2
1462073460.730	 8	 0.006210	 0.954620	 0.204437	 2
1462073460.740	 8	 -0.013733	 0.929489	 0.180511	 2
1462073460.750	 8	 -0.006912	 0.922241	 0.149246	 2
1462073460.760	 8	 0.036560	 0.916885	 0.105850	 2
1462073460.770	 8	 0.081421	 0.910385	 0.040482	 2
1462073460.780	 8	 0.058182	 0.880035	 -0.006195	 2
1462073460.790	 8	 0.058578	 0.873566	 0.014404	 2
1462073460.800	 8	 0.107193	 0.923294	 0.010437	 2
1462073460.810	 8	 0.174316	 0.995102	 0.025513	 2
1462073460.820	 8	 0.175171	 1.008957	 0.022171	 2
1462073460.830	 8	 0.163956	 0.988663	 -0.022949	 2
1462073460.840	 8	 0.191635	 0.942520	 -0.056992	 2
1462073460.850	 8	 0.214386	 0.916962	 -0.059387	 2
1462073460.860	 8	 0.207031	 0.848236	 -0.062164	 2
1462073460.870	 8	 0.204330	 0.831619	 -0.009521	 2
1462073460.880	 8	 0.177734	 0.709961	 0.007889	 2
1462073460.890	 8	 0.157578	 0.761353	 0.063843	 2
1462073460.900	 8	 0.157562	 0.878189	 0.111252	 2
1462073460.910	 8	 0.106003	 0.983673	 0.180893	 2
1462073460.920	 8	 0.066025	 1.073578	 0.250092	 2
1462073460.930	 8	 0.065521	 1.139496	 0.298416	 2
1462073460.940	 8	 0.111160	 1.176086	 0.273087	 2
1462073460.950	 8	 0.157013	 1.193131	 0.173828	 2
1462073460.960	 8	 0.235580	 1.204330	 0.041412	 2
1462073460.970	 8	 0.311127	 1.165924	 -0.063644	 2
1462073460.980	 8	 0.376205	 1.166901	 -0.095718	 2
1462073460.990	 8	 0.448380	 1.216553	 -0.041901	 2
1462073461.000	 8	 0.504242	 1.291458	 0.058975	 2
1462073461.010	 8	 0.539368	 1.344788	 0.186066	 2
1462073461.020	 8	 0.553894	 1.353058	 0.282181	 2
1462073461.030	 8	 0.578156	 1.372543	 0.333466	 2
1462073461.040	 8	 0.607864	 1.432358	 0.366287	 2
1462073461.050	 8	 0.600754	 1.410629	 0.390244	 2
1462073461.060	 8	 0.564270	 1.314438	 0.374603	 2
1462073461.070	 8	 0.519592	 1.248901	 0.306915	 2
1462073461.080	 8	 0.489075	 1.204132	 0.238724	 2
1462073461.090	 8	 0.494904	 1.123291	 0.211060	 2
1462073461.100	 8	 0.489090	 1.072998	 0.213242	 2
1462073461.110	 8	 0.441299	 1.073868	 0.245911	 2
1462073461.120	 8	 0.353134	 1.151932	 0.291550	 2
1462073461.130	 8	 0.303528	 1.281021	 0.305374	 2
1462073461.140	 8	 0.318161	 1.400543	 0.240845	 2
1462073461.150	 8	 0.344284	 1.400421	 0.116135	 2
1462073461.160	 8	 0.339203	 1.333756	 0.008331	 2
1462073461.170	 8	 0.298004	 1.319641	 -0.034637	 2
1462073461.180	 8	 0.235611	 1.365418	 -0.120911	 2
1462073461.190	 8	 0.155090	 1.449951	 -0.147720	 2
1462073461.200	 8	 0.129486	 1.411301	 -0.135391	 2
1462073461.210	 8	 0.115646	 1.357651	 -0.123764	 2
1462073461.220	 8	 0.090652	 1.305374	 -0.134033	 2
1462073461.230	 8	 0.062897	 1.244812	 -0.147003	 2
1462073461.240	 8	 0.068680	 1.178970	 -0.144165	 2
1462073461.250	 8	 0.092529	 1.093231	 -0.128204	 2
1462073461.260	 8	 0.069351	 1.014664	 -0.081421	 2
1462073461.270	 8	 0.055389	 0.949341	 0.008026	 2
1462073461.280	 8	 0.043671	 0.889038	 0.113739	 2
1462073461.290	 8	 0.053986	 0.867676	 0.154419	 2
1462073461.300	 8	 0.035004	 0.792923	 0.188934	 2
1462073461.310	 8	 0.033859	 0.747070	 0.216507	 2
1462073461.320	 8	 0.037216	 0.666122	 0.223312	 2
1462073461.330	 8	 0.029694	 0.577499	 0.203217	 2
1462073461.340	 8	 0.025055	 0.523712	 0.151627	 2
1462073461.350	 8	 0.018295	 0.539185	 0.063675	 2
1462073461.360	 8	 0.015625	 0.584610	 -0.014938	 2
1462073461.370	 8	 0.008835	 0.590790	 -0.070404	 2
1462073461.380	 8	 0.001297	 0.621780	 -0.098541	 2
1462073461.390	 8	 -0.048935	 0.600250	 -0.109833	 2
1462073461.400	 8	 -0.105438	 0.560883	 -0.107452	 2
1462073461.410	 8	 -0.128159	 0.556229	 -0.092575	 2
1462073461.420	 8	 -0.143997	 0.574997	 -0.068085	 2
1462073461.430	 8	 -0.147141	 0.633270	 -0.041153	 2
1462073461.440	 8	 -0.124146	 0.692688	 0.007172	 2
1462073461.450	 8	 -0.130615	 0.733856	 0.080383	 2
1462073461.460	 8	 -0.130676	 0.811722	 0.199753	 2
1462073461.470	 8	 -0.077103	 0.929382	 0.365707	 2
1462073461.480	 8	 0.021729	 1.047531	 0.723129	 2
1462073461.490	 8	 0.311523	 1.154129	 1.579361	 2
1462073461.500	 8	 0.894684	 1.155319	 3.045166	 2
1462073461.510	 8	 1.131577	 1.090103	 2.142273	 2
1462073461.520	 8	 1.179306	 1.315460	 1.134827	 2
1462073461.530	 8	 1.218918	 1.327408	 0.658859	 2
1462073461.540	 8	 1.215012	 1.271149	 0.393372	 2
1462073461.550	 8	 1.139954	 1.178207	 0.238480	 2
1462073461.560	 8	 0.850342	 1.140915	 0.179962	 2
1462073461.570	 8	 0.523209	 1.196625	 0.189133	 2
1462073461.580	 8	 0.285660	 1.296875	 0.166748	 2
1462073461.590	 8	 0.117340	 1.322464	 0.191330	 2
1462073461.600	 8	 0.139511	 1.270325	 0.293762	 2
1462073461.610	 8	 0.278046	 1.183594	 0.149109	 2
1462073461.620	 8	 0.309662	 1.118500	 -0.094131	 2
1462073461.630	 8	 0.140381	 1.031708	 -0.269714	 2
1462073461.640	 8	 -0.052292	 0.969543	 -0.387756	 2
1462073461.650	 8	 -0.098114	 0.934631	 -0.202866	 2
1462073461.660	 8	 -0.408142	 0.853363	 0.842636	 2
1462073461.670	 8	 -0.878464	 0.680481	 2.020294	 2
1462073461.680	 8	 -0.735611	 0.779022	 1.210709	 2
1462073461.690	 8	 -0.412415	 1.021210	 0.165024	 2
1462073461.700	 8	 -0.152054	 1.108307	 -0.500931	 2
1462073461.710	 8	 0.017578	 1.059952	 -0.836548	 2
1462073461.720	 8	 0.037796	 0.982056	 -0.802689	 2
1462073461.730	 8	 0.026352	 0.954254	 -0.722977	 2
1462073461.740	 8	 0.015930	 1.009003	 -0.624496	 2
1462073461.750	 8	 0.013031	 1.094955	 -0.503860	 2
1462073461.760	 8	 -0.002594	 1.132996	 -0.416122	 2
1462073461.770	 8	 -0.002625	 1.147354	 -0.355606	 2
1462073461.780	 8	 0.025391	 1.152740	 -0.322815	 2
1462073461.790	 8	 0.206116	 1.110443	 -0.218185	 2
1462073461.800	 8	 0.399811	 1.072418	 -0.009888	 2
1462073461.810	 8	 0.470993	 1.045456	 0.079575	 2
1462073461.820	 8	 0.440384	 0.998596	 0.144089	 2
1462073461.830	 8	 0.422562	 0.940216	 0.217224	 2
1462073461.840	 8	 0.425766	 0.873383	 0.278946	 2
1462073461.850	 8	 0.415756	 0.833481	 0.296249	 2
1462073461.860	 8	 0.407623	 0.841019	 0.271545	 2
1462073461.870	 8	 0.421509	 0.891830	 0.217468	 2
1462073461.880	 8	 0.405518	 0.871689	 0.145523	 2
1462073461.890	 8	 0.361755	 0.856491	 0.090042	 2
1462073461.900	 8	 0.324875	 0.874710	 0.056229	 2
1462073461.910	 8	 0.325928	 0.858337	 0.010757	 2
1462073461.920	 8	 0.332504	 0.853653	 -0.004456	 2
1462073461.930	 8	 0.333923	 0.859375	 -0.019348	 2
1462073461.940	 8	 0.322494	 0.867157	 -0.031174	 2
1462073461.950	 8	 0.290421	 0.872513	 0.002518	 2
1462073461.960	 8	 0.277161	 0.882843	 0.042252	 2
1462073461.970	 8	 0.290894	 0.886246	 0.054245	 2
1462073461.980	 8	 0.275894	 0.899963	 0.076736	 2
1462073461.990	 8	 0.215332	 0.927689	 0.101440	 2
1462073462.000	 8	 0.144699	 0.979797	 0.099930	 2
1462073462.010	 8	 0.115814	 1.069748	 0.074799	 2
1462073462.020	 8	 0.117996	 1.166016	 0.027420	 2
1462073462.030	 8	 0.150589	 1.253571	 -0.032211	 2
1462073462.040	 8	 0.215607	 1.323837	 -0.075958	 2
1462073462.050	 8	 0.283722	 1.356171	 -0.076111	 2
1462073462.060	 8	 0.332764	 1.347855	 -0.044205	 2
1462073462.070	 8	 0.391815	 1.420074	 0.039322	 2
1462073462.080	 8	 0.456116	 1.396515	 0.104645	 2
1462073462.090	 8	 0.518173	 1.360901	 0.170807	 2
1462073462.100	 8	 0.547409	 1.329788	 0.223999	 2
1462073462.110	 8	 0.559036	 1.312103	 0.264664	 2
1462073462.120	 8	 0.574371	 1.269058	 0.313141	 2
1462073462.130	 8	 0.576172	 1.213730	 0.335800	 2
1462073462.140	 8	 0.520035	 1.199112	 0.351593	 2
1462073462.150	 8	 0.439835	 1.160843	 0.301834	 2
1462073462.160	 8	 0.395386	 1.083572	 0.238022	 2
1462073462.170	 8	 0.363831	 1.050827	 0.229828	 2
1462073462.180	 8	 0.311584	 1.081467	 0.260727	 2
1462073462.190	 8	 0.247177	 1.162125	 0.307419	 2
1462073462.200	 8	 0.208618	 1.251907	 0.353851	 2
1462073462.210	 8	 0.233231	 1.283035	 0.332840	 2
1462073462.220	 8	 0.261047	 1.263092	 0.205505	 2
1462073462.230	 8	 0.243332	 1.317093	 0.108536	 2
1462073462.240	 8	 0.187988	 1.400147	 0.048721	 2
1462073462.250	 8	 0.144958	 1.448288	 -0.021118	 2
1462073462.260	 8	 0.134232	 1.522629	 -0.092072	 2
1462073462.270	 8	 0.116013	 1.604355	 -0.160370	 2
1462073462.280	 8	 0.056290	 1.653351	 -0.236893	 2
1462073462.290	 8	 -0.000412	 1.559464	 -0.301224	 2
1462073462.300	 8	 -0.053574	 1.422241	 -0.395706	 2
1462073462.310	 8	 -0.071381	 1.315506	 -0.438080	 2
1462073462.320	 8	 -0.047562	 1.198547	 -0.378601	 2
1462073462.330	 8	 0.003937	 1.053787	 -0.241592	 2
1462073462.340	 8	 0.026703	 0.914368	 -0.080673	 2
1462073462.350	 8	 0.036163	 0.822647	 0.084702	 2
1462073462.360	 8	 0.037018	 0.767731	 0.235291	 2
1462073462.370	 8	 0.028442	 0.725815	 0.339294	 2
1462073462.380	 8	 0.022476	 0.677460	 0.368546	 2
1462073462.390	 8	 0.034836	 0.646530	 0.330338	 2
1462073462.400	 8	 0.044998	 0.633728	 0.260834	 2
1462073462.410	 8	 0.035812	 0.624786	 0.172165	 2
1462073462.420	 8	 0.017746	 0.620712	 0.096359	 2
1462073462.430	 8	 -0.003693	 0.564072	 -0.026657	 2
1462073462.440	 8	 -0.032410	 0.530960	 -0.118423	 2
1462073462.450	 8	 -0.054794	 0.543610	 -0.130035	 2
1462073462.460	 8	 -0.093094	 0.551926	 -0.129822	 2
1462073462.470	 8	 -0.126999	 0.552109	 -0.129608	 2
1462073462.480	 8	 -0.145065	 0.550491	 -0.121094	 2
1462073462.490	 8	 -0.150635	 0.555176	 -0.122696	 2
1462073462.500	 8	 -0.143158	 0.579132	 -0.108658	 2
1462073462.510	 8	 -0.124435	 0.599808	 -0.069839	 2
1462073462.520	 8	 -0.106354	 0.581772	 0.022919	 2
1462073462.530	 8	 -0.068893	 0.634613	 0.150452	 2
1462073462.540	 8	 -0.005615	 0.680389	 0.391998	 2
1462073462.550	 8	 0.077362	 0.918106	 0.829483	 2
1462073462.560	 8	 0.315521	 1.078201	 1.405304	 2
1462073462.570	 8	 0.790802	 1.023529	 2.401001	 2
1462073462.580	 8	 1.124786	 1.010574	 2.154907	 2
1462073462.590	 8	 1.163086	 1.222809	 1.231705	 2
1462073462.600	 8	 1.196579	 1.318909	 0.826996	 2
1462073462.610	 8	 1.233673	 1.333038	 0.635056	 2
1462073462.620	 8	 1.160202	 1.275375	 0.459396	 2
1462073462.630	 8	 0.848206	 1.260605	 0.277771	 2
1462073462.640	 8	 0.544708	 1.296646	 0.190933	 2
1462073462.650	 8	 0.283646	 1.319809	 0.133148	 2
1462073462.660	 8	 0.041351	 1.350937	 0.200485	 2
1462073462.670	 8	 -0.123596	 1.361725	 0.463425	 2
1462073462.680	 8	 -0.109543	 1.269196	 0.711288	 2
1462073462.690	 8	 0.085098	 1.173782	 0.567627	 2
1462073462.700	 8	 0.283875	 1.052582	 0.453415	 2
1462073462.710	 8	 0.318176	 0.945755	 0.018066	 2
1462073462.720	 8	 0.119019	 0.921768	 -0.391403	 2
1462073462.730	 8	 -0.007523	 0.937531	 -0.474335	 2
1462073462.740	 8	 -0.299896	 0.917068	 0.146164	 2
1462073462.750	 8	 -0.598801	 0.750915	 0.956512	 2
1462073462.760	 8	 -0.394775	 0.858108	 0.452087	 2
1462073462.770	 8	 -0.231705	 0.968002	 -0.164474	 2
1462073462.780	 8	 -0.041016	 0.998825	 -0.606216	 2
1462073462.790	 8	 0.028976	 0.985062	 -0.755646	 2
1462073462.800	 8	 0.014771	 0.990860	 -0.701080	 2
1462073462.810	 8	 -0.010635	 1.046722	 -0.587387	 2
1462073462.820	 8	 0.002869	 1.120972	 -0.417618	 2
1462073462.830	 8	 0.052200	 1.160385	 -0.187180	 2
1462073462.840	 8	 0.127808	 1.176132	 0.004135	 2
1462073462.850	 8	 0.199921	 1.176392	 0.125244	 2
1462073462.860	 8	 0.269775	 1.123505	 0.272415	 2
1462073462.870	 8	 0.298019	 1.039398	 0.398209	 2
1462073462.880	 8	 0.286163	 0.974777	 0.429596	 2
1462073462.890	 8	 0.256393	 0.960220	 0.341553	 2
1462073462.900	 8	 0.235077	 0.957291	 0.198334	 2
1462073462.910	 8	 0.237534	 0.954254	 0.072403	 2
1462073462.920	 8	 0.247299	 0.929977	 -0.018692	 2
1462073462.930	 8	 0.269867	 0.893784	 -0.064163	 2
1462073462.940	 8	 0.287308	 0.856476	 -0.071777	 2
1462073462.950	 8	 0.306534	 0.826035	 -0.067947	 2
1462073462.960	 8	 0.320343	 0.801025	 -0.057632	 2
1462073462.970	 8	 0.335312	 0.789047	 -0.038055	 2
1462073462.980	 8	 0.344818	 0.780518	 -0.029968	 2
1462073462.990	 8	 0.343567	 0.778488	 -0.026581	 2
1462073463.000	 8	 0.343567	 0.793640	 -0.037552	 2
1462073463.010	 8	 0.352936	 0.823486	 -0.034897	 2
1462073463.020	 8	 0.363815	 0.849213	 -0.028183	 2
1462073463.030	 8	 0.367218	 0.875778	 -0.024628	 2
1462073463.040	 8	 0.378799	 0.899658	 -0.007431	 2
1462073463.050	 8	 0.373627	 0.911346	 0.028198	 2
1462073463.060	 8	 0.356964	 0.912521	 0.093674	 2
1462073463.070	 8	 0.321579	 0.903061	 0.185471	 2
1462073463.080	 8	 0.273163	 0.881287	 0.289886	 2
1462073463.090	 8	 0.189774	 0.884720	 0.332687	 2
1462073463.100	 8	 0.203262	 0.927383	 0.226578	 2
1462073463.110	 8	 0.256958	 0.995453	 0.068039	 2
1462073463.120	 8	 0.329086	 1.090836	 -0.064499	 2
1462073463.130	 8	 0.378510	 1.198669	 -0.139572	 2
1462073463.140	 8	 0.421738	 1.282837	 -0.167999	 2
1462073463.150	 8	 0.433060	 1.338608	 -0.145691	 2
1462073463.160	 8	 0.424774	 1.372711	 -0.066544	 2
1462073463.170	 8	 0.421829	 1.379501	 0.057739	 2
1462073463.180	 8	 0.453873	 1.354843	 0.185822	 2
1462073463.190	 8	 0.500443	 1.343338	 0.273285	 2
1462073463.200	 8	 0.555054	 1.347198	 0.284805	 2
1462073463.210	 8	 0.592590	 1.374802	 0.247696	 2
1462073463.220	 8	 0.625687	 1.393936	 0.211517	 2
1462073463.230	 8	 0.661057	 1.379715	 0.203278	 2
1462073463.240	 8	 0.657242	 1.325546	 0.251129	 2
1462073463.250	 8	 0.628387	 1.260773	 0.325348	 2
1462073463.260	 8	 0.602219	 1.172974	 0.371475	 2
1462073463.270	 8	 0.563644	 1.089203	 0.364563	 2
1462073463.280	 8	 0.497742	 0.999176	 0.264191	 2
1462073463.290	 8	 0.442093	 1.038193	 0.229507	 2
1462073463.300	 8	 0.383316	 1.096558	 0.223419	 2
1462073463.310	 8	 0.342361	 1.151810	 0.190338	 2
1462073463.320	 8	 0.331375	 1.173737	 0.074905	 2
1462073463.330	 8	 0.359406	 1.208939	 -0.056198	 2
1462073463.340	 8	 0.345383	 1.280548	 -0.142914	 2
1462073463.350	 8	 0.301880	 1.362778	 -0.227493	 2
1462073463.360	 8	 0.249710	 1.467163	 -0.314819	 2
1462073463.370	 8	 0.198837	 1.556900	 -0.422836	 2
1462073463.380	 8	 0.142776	 1.575729	 -0.482986	 2
1462073463.390	 8	 0.149170	 1.437637	 -0.393356	 2
1462073463.400	 8	 0.149170	 1.437637	 -0.393356	 2
1462073463.410	 8	 0.189545	 1.247787	 -0.187759	 2
1462073463.420	 8	 0.196075	 1.188263	 -0.087402	 2
1462073463.430	 8	 0.238525	 1.136627	 0.003601	 2
1462073463.440	 8	 0.225464	 1.044769	 0.082535	 2
1462073463.450	 8	 0.162018	 0.968719	 0.175858	 2
1462073463.460	 8	 0.092285	 0.926010	 0.271454	 2
1462073463.470	 8	 0.036865	 0.883896	 0.307541	 2
1462073463.480	 8	 0.016983	 0.850174	 0.268570	 2
1462073463.490	 8	 0.015488	 0.818451	 0.169296	 2
1462073463.500	 8	 0.012360	 0.776611	 0.083359	 2
1462073463.510	 8	 0.013947	 0.738068	 0.026840	 2
1462073463.520	 8	 0.016602	 0.703598	 -0.025940	 2
1462073463.530	 8	 0.014923	 0.672592	 -0.084930	 2
1462073463.540	 8	 -0.004318	 0.656860	 -0.112854	 2
1462073463.550	 8	 -0.039688	 0.639679	 -0.127502	 2
1462073463.560	 8	 -0.085297	 0.613358	 -0.124344	 2
1462073463.570	 8	 -0.127243	 0.592468	 -0.106567	 2
1462073463.580	 8	 -0.170166	 0.584488	 -0.086243	 2
1462073463.590	 8	 -0.199051	 0.572189	 -0.058258	 2
1462073463.600	 8	 -0.206482	 0.558228	 -0.037231	 2
1462073463.610	 8	 -0.192841	 0.572876	 0.000565	 2
1462073463.620	 8	 -0.171082	 0.596146	 0.021683	 2
1462073463.630	 8	 -0.133728	 0.623703	 0.045776	 2
1462073463.640	 8	 -0.111893	 0.650131	 0.162796	 2
1462073463.650	 8	 -0.110260	 0.687180	 0.352539	 2
1462073463.660	 8	 -0.126572	 0.705734	 0.736969	 2
1462073463.670	 8	 -0.068909	 0.815277	 1.256332	 2
1462073463.680	 8	 0.215424	 0.972122	 1.614365	 2
1462073463.690	 8	 0.659103	 1.029678	 2.000748	 2
1462073463.700	 8	 1.073532	 0.987488	 2.337631	 2
1462073463.710	 8	 1.257797	 1.149292	 1.235901	 2
1462073463.720	 8	 1.313278	 1.290787	 0.625702	 2
1462073463.730	 8	 1.301132	 1.335831	 0.369781	 2
1462073463.740	 8	 1.224731	 1.277222	 0.287704	 2
1462073463.750	 8	 0.985428	 1.273514	 0.271271	 2
1462073463.760	 8	 0.684525	 1.301361	 0.222107	 2
1462073463.770	 8	 0.439316	 1.332581	 0.146957	 2
1462073463.780	 8	 0.293076	 1.361969	 0.198669	 2
1462073463.790	 8	 0.282883	 1.319061	 0.321213	 2
1462073463.800	 8	 0.393814	 1.200912	 0.150208	 2
1462073463.810	 8	 0.448273	 1.104538	 -0.139297	 2
1462073463.820	 8	 0.307129	 1.001251	 -0.388214	 2
1462073463.830	 8	 0.112549	 1.001663	 -0.498016	 2
1462073463.840	 8	 -0.012665	 1.033264	 -0.279099	 2
1462073463.850	 8	 -0.469193	 0.886993	 1.209106	 2
1462073463.860	 8	 -0.885895	 0.592010	 2.071533	 2
1462073463.870	 8	 -0.622711	 0.874451	 0.915314	 2
1462073463.880	 8	 -0.307098	 1.060425	 -0.128906	 2
1462073463.890	 8	 -0.004578	 1.071869	 -0.835358	 2
1462073463.900	 8	 0.106796	 1.010330	 -0.984695	 2
1462073463.910	 8	 0.112488	 0.975342	 -0.819748	 2
1462073463.920	 8	 0.117569	 1.015198	 -0.661270	 2
1462073463.930	 8	 0.119980	 1.083130	 -0.514450	 2
1462073463.940	 8	 0.088791	 1.131775	 -0.372375	 2
1462073463.950	 8	 0.098572	 1.175430	 -0.196945	 2
1462073463.960	 8	 0.225357	 1.164261	 0.128403	 2
1462073463.970	 8	 0.294266	 1.136810	 0.316422	 2
1462073463.980	 8	 0.316849	 1.097260	 0.460800	 2
1462073463.990	 8	 0.320709	 1.014572	 0.545517	 2
1462073464.000	 8	 0.304565	 0.970520	 0.482971	 2
1462073464.010	 8	 0.240524	 0.963028	 0.294479	 2
1462073464.020	 8	 0.167770	 0.961090	 0.097321	 2
1462073464.030	 8	 0.146118	 0.942947	 0.022339	 2
1462073464.040	 8	 0.146637	 0.889893	 0.006912	 2
1462073464.050	 8	 0.165024	 0.845383	 0.017776	 2
1462073464.060	 8	 0.179642	 0.807877	 0.039307	 2
1462073464.070	 8	 0.207458	 0.791031	 0.044922	 2
1462073464.080	 8	 0.248978	 0.787140	 0.028854	 2
1462073464.090	 8	 0.278259	 0.794113	 -0.006317	 2
1462073464.100	 8	 0.303970	 0.801773	 -0.051788	 2
1462073464.110	 8	 0.318283	 0.798813	 -0.079437	 2
1462073464.120	 8	 0.329529	 0.809738	 -0.088730	 2
1462073464.130	 8	 0.342270	 0.827118	 -0.091171	 2
1462073464.140	 8	 0.353622	 0.848480	 -0.095871	 2
1462073464.150	 8	 0.359589	 0.871292	 -0.087830	 2
1462073464.160	 8	 0.359024	 0.885056	 -0.066727	 2
1462073464.170	 8	 0.352386	 0.890594	 -0.031219	 2
1462073464.180	 8	 0.330383	 0.893768	 0.037003	 2
1462073464.190	 8	 0.299805	 0.890839	 0.140167	 2
1462073464.200	 8	 0.265732	 0.896118	 0.241638	 2
1462073464.210	 8	 0.242004	 0.924728	 0.312363	 2
1462073464.220	 8	 0.258942	 0.976944	 0.306854	 2
1462073464.230	 8	 0.331055	 1.038895	 0.217667	 2
1462073464.240	 8	 0.416687	 1.122421	 0.091354	 2
1462073464.250	 8	 0.492416	 1.221481	 -0.023941	 2
1462073464.260	 8	 0.530228	 1.296509	 -0.096863	 2
1462073464.270	 8	 0.531784	 1.345230	 -0.116745	 2
1462073464.280	 8	 0.529221	 1.386017	 -0.110855	 2
1462073464.290	 8	 0.559280	 1.409317	 -0.067490	 2
1462073464.300	 8	 0.591354	 1.380096	 0.055389	 2
1462073464.310	 8	 0.591980	 1.286301	 0.258392	 2
1462073464.320	 8	 0.597519	 1.291000	 0.454453	 2
1462073464.330	 8	 0.582611	 1.247955	 0.540695	 2
1462073464.340	 8	 0.560379	 1.251663	 0.543121	 2
1462073464.350	 8	 0.541489	 1.289490	 0.538223	 2
1462073464.360	 8	 0.484039	 1.307098	 0.494446	 2
1462073464.370	 8	 0.402237	 1.309357	 0.387848	 2
1462073464.380	 8	 0.352692	 1.224167	 0.309906	 2
1462073464.390	 8	 0.347214	 1.138153	 0.288345	 2
1462073464.400	 8	 0.250214	 1.087250	 0.202301	 2
1462073464.410	 8	 0.208984	 1.121857	 0.103821	 2
1462073464.420	 8	 0.223022	 1.178207	 -0.012360	 2
1462073464.430	 8	 0.276154	 1.245178	 -0.135468	 2
1462073464.440	 8	 0.297897	 1.323975	 -0.222244	 2
1462073464.450	 8	 0.285584	 1.420258	 -0.283585	 2
1462073464.460	 8	 0.271790	 1.505875	 -0.329300	 2
1462073464.470	 8	 0.255447	 1.557877	 -0.375275	 2
1462073464.480	 8	 0.236282	 1.551392	 -0.355392	 2
1462073464.490	 8	 0.236206	 1.454788	 -0.238983	 2
1462073464.500	 8	 0.238327	 1.356033	 -0.095718	 2
1462073464.510	 8	 0.237030	 1.248077	 0.025925	 2
1462073464.520	 8	 0.215317	 1.150528	 0.131485	 2
1462073464.530	 8	 0.202682	 1.073044	 0.197998	 2
1462073464.540	 8	 0.188065	 0.971741	 0.255676	 2
1462073464.550	 8	 0.159332	 0.896973	 0.315765	 2
1462073464.560	 8	 0.118668	 0.840164	 0.333435	 2
1462073464.570	 8	 0.059937	 0.806427	 0.316086	 2
1462073464.580	 8	 0.018036	 0.755829	 0.267166	 2
1462073464.590	 8	 0.002304	 0.708969	 0.186539	 2
1462073464.600	 8	 0.002350	 0.655487	 0.094330	 2
1462073464.610	 8	 0.008713	 0.601807	 0.017914	 2
1462073464.620	 8	 0.015854	 0.552994	 -0.054932	 2
1462073464.630	 8	 0.020126	 0.531784	 -0.085632	 2
1462073464.640	 8	 0.016983	 0.526413	 -0.106918	 2
1462073464.650	 8	 0.014297	 0.530029	 -0.113586	 2
1462073464.660	 8	 0.005157	 0.516922	 -0.108978	 2
1462073464.670	 8	 -0.002319	 0.519516	 -0.116760	 2
1462073464.680	 8	 -0.027313	 0.533981	 -0.110336	 2
1462073464.690	 8	 -0.075180	 0.535568	 -0.100906	 2
1462073464.700	 8	 -0.098831	 0.557114	 -0.078766	 2
1462073464.720	 9	 -0.122421	 0.618591	 -0.026642	 2
1462073464.730	 9	 -0.116943	 0.671997	 0.018463	 2
1462073464.740	 9	 -0.080200	 0.716156	 0.132767	 2
1462073464.750	 9	 0.005432	 0.767990	 0.360474	 2
1462073464.760	 10	 0.117584	 0.850204	 0.695206	 2
1462073464.780	 10	 0.592148	 0.975769	 1.863327	 2
1462073464.790	 10	 1.052689	 1.023392	 2.178833	 2
1462073464.800	 10	 1.276001	 1.118027	 1.606934	 2
1462073464.810	 10	 1.274261	 1.244186	 0.960831	 2
1462073464.820	 11	 1.251343	 1.281616	 0.598938	 2
1462073464.840	 11	 0.967804	 1.211884	 0.206207	 2
1462073464.850	 11	 0.631805	 1.150085	 0.313431	 2
1462073464.860	 11	 0.387100	 1.227158	 0.387878	 2
1462073464.870	 11	 0.226822	 1.340134	 0.270370	 2
1462073464.880	 11	 0.088669	 1.363510	 0.250748	 2
1462073464.890	 11	 0.017944	 1.355515	 0.439362	 2
1462073464.900	 11	 0.107773	 1.296112	 0.352280	 2
1462073464.910	 11	 0.257538	 1.169296	 0.015503	 2
1462073464.920	 11	 0.279587	 0.998657	 -0.107056	 2
1462073464.930	 11	 0.121872	 0.958710	 -0.335098	 2
1462073464.940	 11	 -0.022141	 1.089554	 -0.290421	 2
1462073464.950	 11	 -0.333084	 1.106766	 0.408951	 2
1462073464.960	 11	 -0.813309	 0.899414	 1.416672	 2
1462073464.970	 11	 -0.918045	 0.894226	 1.240829	 2
1462073464.980	 11	 -0.604813	 1.074310	 0.324142	 2
1462073464.990	 11	 -0.276535	 1.170410	 -0.447342	 2
1462073465.000	 11	 0.088989	 1.095322	 -0.837524	 2
1462073465.010	 11	 0.118042	 0.992538	 -0.846405	 2
1462073465.020	 11	 0.038437	 0.990677	 -0.742996	 2
1462073465.030	 11	 0.104370	 1.008698	 -0.618820	 2
1462073465.040	 11	 0.190033	 1.055969	 -0.463104	 2
1462073465.050	 11	 0.298889	 1.071075	 -0.311340	 2
1462073465.060	 11	 0.390717	 1.063065	 -0.276489	 2
1462073465.070	 11	 0.452209	 1.097839	 -0.142838	 2
1462073465.080	 11	 0.464539	 1.077972	 0.057495	 2
1462073465.090	 11	 0.426407	 1.016312	 0.198517	 2
1462073465.100	 12	 0.418549	 0.968338	 0.333115	 2
1462073465.120	 12	 0.395477	 0.919052	 0.254700	 2
1462073465.130	 12	 0.362518	 0.920868	 0.166245	 2
1462073465.140	 12	 0.334442	 0.913208	 0.090286	 2
1462073465.150	 12	 0.319092	 0.890732	 0.018494	 2
1462073465.160	 12	 0.334900	 0.899155	 -0.016388	 2
1462073465.170	 12	 0.320145	 0.887100	 0.014954	 2
1462073465.180	 12	 0.323578	 0.917145	 0.045609	 2
1462073465.190	 12	 0.239059	 0.863358	 0.040359	 2
1462073465.200	 12	 0.208984	 0.808945	 0.044159	 2
1462073465.210	 12	 0.226944	 0.825851	 0.037781	 2
1462073465.220	 12	 0.249969	 0.824051	 0.019714	 2
1462073465.230	 12	 0.267670	 0.809692	 -0.009262	 2
1462073465.240	 12	 0.271713	 0.800125	 -0.023300	 2
1462073465.250	 12	 0.259171	 0.812363	 -0.020187	 2
1462073465.260	 12	 0.244720	 0.851288	 -0.022644	 2
1462073465.270	 12	 0.220078	 0.882095	 -0.008881	 2
1462073465.280	 12	 0.198547	 0.912827	 0.003357	 2
1462073465.290	 12	 0.184357	 0.932800	 -0.068130	 2
1462073465.300	 12	 0.186310	 1.054626	 -0.059937	 2
1462073465.310	 12	 0.182236	 0.987930	 -0.092621	 2
1462073465.320	 12	 0.128342	 1.018829	 -0.033768	 2
1462073465.330	 12	 0.108734	 1.096924	 0.057037	 2
1462073465.340	 12	 0.153946	 1.177887	 0.050110	 2
1462073465.350	 12	 0.245621	 1.242859	 -0.041641	 2
1462073465.360	 12	 0.312881	 1.278610	 -0.129333	 2
1462073465.370	 12	 0.383118	 1.284241	 -0.150345	 2
1462073465.380	 12	 0.418106	 1.275528	 -0.095367	 2
1462073465.390	 12	 0.460648	 1.244751	 0.010773	 2
1462073465.400	 12	 0.529266	 1.241150	 0.133057	 2
1462073465.410	 12	 0.564987	 1.270020	 0.167282	 2
1462073465.420	 12	 0.556320	 1.331436	 0.112823	 2
1462073465.430	 12	 0.538742	 1.427399	 0.034607	 2
1462073465.440	 12	 0.527466	 1.496414	 0.038071	 2
1462073465.450	 12	 0.530243	 1.485382	 0.100281	 2
1462073465.460	 12	 0.549500	 1.453873	 0.147415	 2
1462073465.470	 12	 0.562607	 1.383148	 0.158203	 2
1462073465.480	 12	 0.575104	 1.268234	 0.172363	 2
1462073465.490	 12	 0.607468	 1.180038	 0.132278	 2
1462073465.500	 12	 0.619461	 1.159988	 0.026077	 2
1462073465.510	 12	 0.624496	 1.109726	 0.026947	 2
1462073465.520	 12	 0.576767	 1.124359	 0.026718	 2
1462073465.530	 12	 0.501740	 1.234100	 -0.031647	 2
1462073465.540	 12	 0.403976	 1.336914	 -0.049149	 2
1462073465.550	 12	 0.268021	 1.378891	 0.013260	 2
1462073465.560	 12	 0.157562	 1.504410	 0.090515	 2
1462073465.570	 12	 0.063309	 1.477905	 0.059326	 2
1462073465.580	 12	 -0.008545	 1.502029	 0.016739	 2
1462073465.590	 12	 -0.039902	 1.600769	 -0.063446	 2
1462073465.600	 12	 -0.018219	 1.589828	 -0.176422	 2
1462073465.610	 12	 0.035446	 1.526886	 -0.345123	 2
1462073465.620	 12	 0.094467	 1.382019	 -0.456100	 2
1462073465.630	 12	 0.172562	 1.264496	 -0.512070	 2
1462073465.640	 12	 0.217773	 1.214172	 -0.580048	 2
1462073465.650	 12	 0.181305	 1.180649	 -0.617142	 2
1462073465.660	 12	 0.101364	 1.159439	 -0.504227	 2
1462073465.670	 12	 0.012787	 1.099258	 -0.206100	 2
1462073465.680	 12	 -0.061554	 0.959641	 0.048935	 2
1462073465.690	 12	 -0.055908	 0.973373	 0.134521	 2
1462073465.700	 12	 0.049561	 0.948791	 0.116562	 2
1462073465.710	 12	 0.161957	 0.954041	 0.076447	 2
1462073465.720	 12	 0.246475	 0.944107	 0.016373	 2
1462073465.730	 12	 0.306992	 0.863556	 -0.020264	 2
1462073465.740	 12	 0.323563	 0.795364	 -0.066055	 2
1462073465.750	 12	 0.343353	 0.862335	 -0.084076	 2
1462073465.760	 12	 0.332397	 0.899597	 -0.082993	 2
1462073465.770	 12	 0.217590	 0.967499	 -0.060501	 2
1462073465.780	 12	 0.064285	 0.867523	 0.045059	 2
1462073465.790	 12	 0.039383	 0.799072	 0.150391	 2
1462073465.800	 12	 0.065643	 0.818832	 0.189011	 2
1462073465.810	 12	 0.115356	 0.773315	 0.190475	 2
1462073465.820	 12	 0.268051	 0.630859	 0.311371	 2
1462073465.830	 12	 0.465164	 0.710205	 0.357300	 2
1462073465.840	 12	 0.495834	 0.626953	 0.276398	 2
1462073465.850	 12	 0.606232	 0.543594	 0.313797	 2
1462073465.860	 12	 0.650070	 0.599548	 0.346313	 2
1462073465.870	 12	 0.651154	 0.621933	 0.286728	 2
1462073465.880	 12	 0.556686	 0.563599	 0.201843	 2
1462073465.890	 12	 0.519470	 0.635605	 0.179337	 2
1462073465.900	 12	 0.556885	 0.696121	 0.227737	 2
1462073465.910	 12	 0.629425	 0.622818	 0.278397	 2
1462073465.920	 12	 0.701904	 0.550140	 0.289398	 2
1462073465.930	 12	 0.784012	 0.515015	 0.308990	 2
1462073465.940	 12	 0.892502	 0.481949	 0.332611	 2
1462073465.950	 12	 0.996414	 0.440384	 0.438721	 2
1462073465.960	 12	 1.003952	 0.375366	 0.177979	 2
1462073465.970	 12	 1.062881	 0.294281	 0.271927	 2
1462073465.980	 12	 1.112488	 0.234772	 0.195053	 2
1462073465.990	 12	 1.198547	 0.239426	 0.201630	 2
1462073466.000	 12	 1.234619	 0.228500	 0.166702	 2
1462073466.010	 12	 1.242996	 0.206741	 -0.039688	 2
1462073466.020	 12	 1.295425	 0.182632	 -0.135986	 2
1462073466.030	 12	 1.372391	 0.152664	 -0.093643	 2
1462073466.040	 12	 1.453384	 0.043427	 -0.235321	 2
1462073466.050	 12	 1.483475	 -0.020386	 -0.276810	 2
1462073466.060	 12	 1.531174	 -0.034698	 -0.333710	 2
1462073466.070	 12	 1.589096	 -0.034363	 -0.376740	 2
1462073466.080	 12	 1.606125	 -0.039841	 -0.426712	 2
1462073466.090	 12	 1.562561	 -0.078094	 -0.598038	 2
1462073466.100	 12	 1.450775	 -0.015396	 -0.601212	 2
1462073466.110	 12	 1.370239	 0.046326	 -0.621399	 2
1462073466.120	 12	 1.378586	 0.158737	 -0.698898	 2
1462073466.130	 12	 1.289017	 0.217422	 -0.744049	 2
1462073466.140	 12	 1.227982	 0.270660	 -0.798172	 2
1462073466.150	 12	 1.208176	 0.295685	 -0.855820	 2
1462073466.160	 12	 1.192963	 0.376617	 -0.879334	 2
1462073466.170	 12	 1.162521	 0.390640	 -0.950760	 2
1462073466.180	 12	 1.126251	 0.361053	 -0.991379	 2
1462073466.190	 12	 1.087158	 0.341583	 -0.999496	 2
1462073466.200	 12	 1.058838	 0.365158	 -1.010147	 2
1462073466.210	 12	 0.979462	 0.361694	 -0.985992	 2
1462073466.220	 12	 0.886566	 0.365158	 -0.905151	 2
1462073466.230	 12	 0.791901	 0.358414	 -0.803467	 2
1462073466.240	 12	 0.706711	 0.342957	 -0.701828	 2
1462073466.250	 12	 0.669495	 0.328064	 -0.619949	 2
1462073466.260	 12	 0.708313	 0.331848	 -0.585739	 2
1462073466.270	 12	 0.692963	 0.242050	 -0.534256	 2
1462073466.280	 12	 0.703751	 0.171555	 -0.519653	 2
1462073466.290	 12	 0.682724	 0.138229	 -0.537552	 2
1462073466.310	 12	 0.639267	 0.171783	 -0.629532	 2
1462073466.300	 12	 0.661331	 0.130203	 -0.589294	 2
1462073466.320	 12	 0.624725	 0.170929	 -0.649963	 2
1462073466.330	 12	 0.597931	 0.169464	 -0.650009	 2
1462073466.350	 13	 0.507919	 0.211716	 -0.611374	 2
1462073466.360	 13	 0.516144	 0.119934	 -0.587097	 2
1462073466.370	 13	 0.529861	 0.092514	 -0.559265	 2
1462073466.380	 13	 0.500595	 0.108490	 -0.526840	 2
1462073466.390	 13	 0.486084	 0.077957	 -0.545288	 2
1462073466.400	 13	 0.500534	 -0.009705	 -0.564301	 2
1462073466.410	 13	 0.481445	 0.009949	 -0.531845	 2
1462073466.420	 13	 0.498871	 0.040680	 -0.573837	 2
1462073466.430	 13	 0.518188	 -0.033966	 -0.579865	 2
1462073466.440	 13	 0.523544	 -0.082352	 -0.599258	 2
1462073466.450	 13	 0.532211	 -0.101761	 -0.611832	 2
1462073466.460	 13	 0.550903	 -0.098557	 -0.607117	 2
1462073466.470	 13	 0.563385	 -0.071869	 -0.606949	 2
1462073466.480	 13	 0.567749	 -0.041046	 -0.592453	 2
1462073466.490	 13	 0.572327	 -0.088654	 -0.622025	 2
1462073466.500	 13	 0.568100	 -0.116913	 -0.649887	 2
1462073466.510	 13	 0.614792	 -0.073273	 -0.649292	 2
1462073466.520	 13	 0.607880	 -0.093048	 -0.711761	 2
1462073466.530	 13	 0.564041	 -0.188721	 -0.750320	 2
1462073466.540	 13	 0.600754	 -0.251297	 -0.750412	 2
1462073466.550	 13	 0.654984	 -0.244186	 -0.754318	 2
1462073466.560	 13	 0.639313	 -0.244080	 -0.773392	 2
1462073466.570	 13	 0.591156	 -0.267136	 -0.864273	 2
1462073466.580	 13	 0.587662	 -0.269196	 -0.923492	 2
1462073466.590	 13	 0.607803	 -0.268219	 -0.951569	 2
1462073466.600	 13	 0.607071	 -0.281830	 -0.988861	 2
1462073466.610	 13	 0.594681	 -0.271713	 -1.030258	 2
1462073466.620	 13	 0.576691	 -0.239563	 -1.056625	 2
1462073466.630	 13	 0.611679	 -0.158371	 -1.045883	 2
1462073466.640	 13	 0.570221	 -0.146164	 -1.052139	 2
1462073466.650	 13	 0.548889	 -0.158707	 -1.015259	 2
1462073466.660	 13	 0.539124	 -0.163437	 -0.952332	 2
1462073466.680	 14	 0.459061	 -0.247162	 -0.860306	 2
1462073466.690	 14	 0.449371	 -0.273544	 -0.850342	 2
1462073466.700	 14	 0.437515	 -0.268646	 -0.844986	 2
1462073466.710	 14	 0.430969	 -0.256287	 -0.842545	 2
1462073466.720	 14	 0.407852	 -0.249619	 -0.838501	 2
1462073466.730	 14	 0.367844	 -0.251724	 -0.818329	 2
1462073466.740	 14	 0.313095	 -0.287827	 -0.811035	 2
1462073466.750	 14	 0.270782	 -0.291702	 -0.787918	 2
1462073466.760	 14	 0.238998	 -0.285385	 -0.751297	 2
1462073466.770	 14	 0.210144	 -0.297623	 -0.724716	 2
1462073466.780	 14	 0.194870	 -0.318253	 -0.697678	 2
1462073466.790	 14	 0.177963	 -0.332199	 -0.677719	 2
1462073466.800	 14	 0.171204	 -0.328964	 -0.663345	 2
1462073466.810	 14	 0.171539	 -0.319260	 -0.652008	 2
1462073466.820	 14	 0.177765	 -0.294479	 -0.626129	 2
1462073466.830	 14	 0.180588	 -0.242065	 -0.647217	 2
1462073466.840	 14	 0.194870	 -0.272827	 -0.638443	 2
1462073466.850	 14	 0.236237	 -0.220764	 -0.629868	 2
1462073466.860	 14	 0.224564	 -0.271149	 -0.661682	 2
1462073466.870	 14	 0.193497	 -0.355316	 -0.628540	 2
1462073466.880	 14	 0.195541	 -0.443527	 -0.649506	 2
1462073466.890	 15	 0.222473	 -0.429520	 -0.637924	 2
1462073466.910	 15	 0.148010	 -0.439102	 -0.607407	 2
1462073466.920	 15	 0.137283	 -0.380310	 -0.555573	 2
1462073466.930	 15	 0.109772	 -0.388351	 -0.550751	 2
1462073466.940	 15	 0.100754	 -0.420319	 -0.550858	 2
1462073466.950	 15	 0.082413	 -0.482208	 -0.588669	 2
1462073466.960	 15	 0.100250	 -0.485275	 -0.614151	 2
1462073466.970	 15	 0.077637	 -0.486221	 -0.629822	 2
1462073466.980	 15	 0.073135	 -0.474380	 -0.636749	 2
1462073466.990	 15	 0.054108	 -0.479187	 -0.639145	 2
1462073467.000	 15	 0.033478	 -0.506165	 -0.644074	 2
1462073467.010	 15	 0.011490	 -0.625595	 -0.694702	 2
1462073467.020	 15	 0.015091	 -0.695221	 -0.740524	 2
1462073467.030	 15	 0.077881	 -0.701065	 -0.747345	 2
1462073467.040	 15	 0.119400	 -0.677521	 -0.818756	 2
1462073467.050	 15	 0.130707	 -0.675797	 -0.876678	 2
1462073467.060	 15	 0.139252	 -0.675903	 -0.901169	 2
1462073467.070	 15	 0.129196	 -0.692719	 -0.909653	 2
1462073467.080	 15	 0.115097	 -0.700226	 -0.913971	 2
1462073467.090	 15	 0.109634	 -0.699249	 -0.927658	 2
1462073467.100	 15	 0.107162	 -0.704895	 -0.955353	 2
1462073467.110	 15	 0.108322	 -0.715424	 -0.990341	 2
1462073467.120	 15	 0.108643	 -0.706207	 -1.029877	 2
1462073467.130	 15	 0.115784	 -0.686081	 -1.095459	 2
1462073467.140	 15	 0.127640	 -0.640991	 -1.159256	 2
1462073467.150	 15	 0.130356	 -0.592133	 -1.206375	 2
1462073467.160	 15	 0.122421	 -0.555878	 -1.251175	 2
1462073467.170	 15	 0.110306	 -0.515274	 -1.275055	 2
1462073467.180	 15	 0.073441	 -0.487015	 -1.265488	 2
1462073467.190	 15	 0.034378	 -0.478989	 -1.215530	 2
1462073467.200	 15	 0.011627	 -0.480240	 -1.141327	 2
1462073467.210	 15	 0.006088	 -0.499252	 -1.050873	 2
1462073467.220	 15	 0.005844	 -0.521744	 -0.960251	 2
1462073467.230	 15	 0.008667	 -0.547897	 -0.892838	 2
1462073467.240	 15	 0.014694	 -0.564331	 -0.846863	 2
1462073467.250	 15	 0.039505	 -0.554199	 -0.818939	 2
1462073467.260	 15	 0.070251	 -0.530075	 -0.808212	 2
1462073467.270	 15	 0.102692	 -0.505218	 -0.813324	 2
1462073467.280	 15	 0.122375	 -0.475891	 -0.829239	 2
1462073467.290	 15	 0.137238	 -0.444534	 -0.826920	 2
1462073467.300	 15	 0.143829	 -0.425217	 -0.820419	 2
1462073467.310	 15	 0.146194	 -0.411224	 -0.800919	 2
1462073467.320	 15	 0.136780	 -0.400208	 -0.756577	 2
1462073467.330	 15	 0.119446	 -0.390106	 -0.697342	 2
1462073467.340	 15	 0.095444	 -0.384399	 -0.640808	 2
1462073467.350	 15	 0.071426	 -0.382767	 -0.591324	 2
1462073467.360	 15	 0.056503	 -0.383026	 -0.554016	 2
1462073467.370	 15	 0.038879	 -0.396256	 -0.566910	 2
1462073467.380	 15	 0.052704	 -0.395691	 -0.558304	 2
1462073467.390	 15	 0.080856	 -0.374191	 -0.522644	 2
1462073467.400	 15	 0.077362	 -0.378204	 -0.530563	 2
1462073467.410	 15	 0.062424	 -0.395828	 -0.559143	 2
1462073467.420	 15	 0.073990	 -0.400986	 -0.564407	 2
1462073467.430	 15	 0.082626	 -0.408447	 -0.573120	 2
1462073467.440	 15	 0.089951	 -0.424728	 -0.578735	 2
1462073467.450	 15	 0.092224	 -0.448685	 -0.572327	 2
1462073467.460	 15	 0.092957	 -0.467636	 -0.560822	 2
1462073467.470	 15	 0.096832	 -0.488464	 -0.552292	 2
1462073467.480	 15	 0.093719	 -0.513763	 -0.550674	 2
1462073467.490	 15	 0.100693	 -0.527969	 -0.559265	 2
1462073467.500	 15	 0.117767	 -0.548584	 -0.585236	 2
1462073467.510	 15	 0.125351	 -0.570007	 -0.621048	 2
1462073467.520	 15	 0.141846	 -0.581787	 -0.653183	 2
1462073467.530	 15	 0.163574	 -0.579163	 -0.691208	 2
1462073467.540	 15	 0.172226	 -0.572815	 -0.732162	 2
1462073467.550	 15	 0.173584	 -0.566620	 -0.770874	 2
1462073467.560	 15	 0.179291	 -0.562058	 -0.791565	 2
1462073467.570	 15	 0.164948	 -0.569595	 -0.794128	 2
1462073467.580	 15	 0.152710	 -0.576004	 -0.793854	 2
1462073467.590	 15	 0.143707	 -0.587204	 -0.804520	 2
1462073467.600	 15	 0.140503	 -0.597183	 -0.812897	 2
1462073467.610	 15	 0.154907	 -0.614258	 -0.841064	 2
1462073467.620	 15	 0.173050	 -0.625580	 -0.884781	 2
1462073467.630	 15	 0.185852	 -0.626984	 -0.935974	 2
1462073467.640	 15	 0.218216	 -0.613647	 -0.983887	 2
1462073467.650	 15	 0.251846	 -0.586121	 -1.015564	 2
1462073467.660	 15	 0.283264	 -0.560989	 -1.030197	 2
1462073467.670	 15	 0.306625	 -0.547501	 -1.037430	 2
1462073467.680	 15	 0.310043	 -0.557434	 -1.052246	 2
1462073467.690	 15	 0.318207	 -0.559113	 -1.076736	 2
1462073467.700	 15	 0.323517	 -0.539841	 -1.102936	 2
1462073467.710	 15	 0.321457	 -0.513519	 -1.132706	 2
1462073467.720	 15	 0.329193	 -0.487045	 -1.166733	 2
1462073467.730	 15	 0.326782	 -0.466583	 -1.171783	 2
1462073467.740	 15	 0.302399	 -0.475204	 -1.185211	 2
1462073467.750	 15	 0.326935	 -0.454910	 -1.128403	 2
1462073467.760	 15	 0.332504	 -0.434113	 -1.079849	 2
1462073467.770	 15	 0.318863	 -0.449387	 -1.052933	 2
1462073467.780	 15	 0.315872	 -0.481430	 -1.023804	 2
1462073467.790	 15	 0.325836	 -0.484909	 -1.012741	 2
1462073467.800	 15	 0.340439	 -0.479401	 -1.007538	 2
1462073467.810	 15	 0.332092	 -0.470734	 -0.992569	 2
