% Compass data recorded with 'snsrlog'
% 
% 
% Label description:
% 	 0: Default Label
% 	 1: still_drop
% 	 2: walk_drop
% 	 3: other
% 	 4: dtw_same
% 	 5: dtw_diff
% 	 6: delete
% 
% Column description:
% 	 1: Seconds.milliseconds since 1970
% 	 2: Magnetic heading in degrees starting at due north and continuing clockwise (e.g. east = 90) - negative values indicate invalid values
% 		 NOTE: True heading only provides valid values when GPS is activated at same time!
% 	 3: True heading in degrees starting at due north and continuing clockwise (e.g. east = 90) - negative values indicate invalid values
% 	 4: Error likelihood - negative values indicate invalid values
% 	 5: Geomagnetic data for the x-axis measured in microteslas
% 	 6: Geomagnetic data for the y-axis measured in microteslas
% 	 7: Geomagnetic data for the z-axis measured in microteslas
% 	 8: Label used for the current sample
% 
% 
1462073498.248	 266.535675	 -1.000000	 15.000000	 42.063942	 -12.143059	 -18.875694	 2
1462073498.268	 267.070312	 -1.000000	 15.000000	 42.671005	 -11.624474	 -18.096344	 2
1462073498.288	 267.892120	 -1.000000	 15.000000	 43.382141	 -10.898453	 -16.893921	 2
1462073498.309	 268.756073	 -1.000000	 15.000000	 44.630966	 -9.861282	 -14.489090	 2
1462073498.329	 269.506958	 -1.000000	 15.000000	 45.775726	 -8.720390	 -11.716850	 2
1462073498.349	 269.993835	 -1.000000	 15.000000	 47.197998	 -7.856079	 -8.343399	 2
1462073498.370	 270.699463	 -1.000000	 15.000000	 47.961166	 -6.473183	 -4.669350	 2
1462073498.390	 271.611481	 -1.000000	 15.000000	 48.134613	 -4.709991	 -0.494293	 2
1462073498.414	 272.782074	 -1.000000	 15.000000	 47.440826	 -2.428207	 4.382179	 2
1462073498.430	 274.397278	 -1.000000	 15.000000	 46.261383	 0.406731	 9.726254	 2
1462073498.459	 276.983704	 -1.000000	 15.000000	 43.902489	 3.794823	 15.070332	 2
1462073498.480	 283.040924	 -1.000000	 15.000000	 41.578285	 6.871765	 19.980204	 2
1462073498.503	 285.206604	 -1.000000	 15.000000	 39.219391	 9.914131	 24.055063	 2
1462073498.520	 290.964294	 -1.000000	 15.000000	 36.895184	 12.783638	 26.894104	 2
1462073498.540	 295.350922	 -1.000000	 15.000000	 34.189392	 15.342003	 29.098536	 2
1462073498.563	 297.394287	 -1.000000	 15.000000	 31.657049	 17.934937	 30.801960	 2
1462073498.581	 305.437622	 -1.000000	 15.000000	 29.124706	 20.182137	 32.371780	 2
1462073498.601	 310.964294	 -1.000000	 15.000000	 26.453608	 21.737900	 33.407192	 2
1462073498.623	 312.730225	 -1.000000	 15.000000	 24.372231	 23.259094	 34.075203	 2
1462073498.643	 316.261780	 -1.000000	 15.000000	 23.054028	 24.019684	 34.142002	 2
1462073498.665	 320.735352	 -1.000000	 15.000000	 22.394924	 24.745712	 34.175404	 2
1462073498.683	 321.733917	 -1.000000	 15.000000	 21.909271	 25.229721	 33.774597	 2
1462073498.703	 323.047913	 -1.000000	 15.000000	 21.701132	 25.713730	 33.774597	 2
1462073498.724	 324.910004	 -1.000000	 15.000000	 21.527683	 26.301460	 33.607597	 2
1462073498.743	 325.756042	 -1.000000	 15.000000	 21.180786	 26.439758	 33.540794	 2
1462073498.762	 325.620544	 -1.000000	 15.000000	 21.423615	 25.990318	 33.440594	 2
1462073498.784	 324.023254	 -1.000000	 15.000000	 21.978645	 25.575447	 33.574196	 2
1462073498.803	 322.524841	 -1.000000	 15.000000	 22.637749	 25.126007	 33.340397	 2
1462073498.822	 321.779266	 -1.000000	 15.000000	 23.470299	 24.434570	 33.473995	 2
1462073498.843	 319.360443	 -1.000000	 15.000000	 24.406918	 24.330841	 33.574196	 2
1462073498.863	 317.972961	 -1.000000	 15.000000	 24.545675	 23.985115	 33.640999	 2
1462073498.883	 316.828735	 -1.000000	 15.000000	 24.545675	 23.362816	 33.574196	 2
1462073498.903	 315.900391	 -1.000000	 15.000000	 24.892570	 22.947945	 33.707794	 2
1462073498.924	 314.876373	 -1.000000	 15.000000	 24.996643	 22.083626	 33.807995	 2
1462073498.944	 314.121796	 -1.000000	 15.000000	 24.961952	 21.011887	 34.509407	 2
1462073498.964	 311.857574	 -1.000000	 15.000000	 24.927265	 20.009285	 35.144016	 2
1462073498.984	 310.454346	 -1.000000	 15.000000	 24.892574	 19.628990	 35.711826	 2
1462073499.004	 309.793915	 -1.000000	 15.000000	 24.510990	 18.833824	 36.546837	 2
1462073499.024	 307.735291	 -1.000000	 15.000000	 24.372229	 18.349815	 37.014446	 2
1462073499.045	 307.463074	 -1.000000	 15.000000	 24.719124	 18.211517	 37.081245	 2
1462073499.065	 307.464020	 -1.000000	 15.000000	 24.823196	 18.176941	 36.780643	 2
1462073499.085	 306.320892	 -1.000000	 15.000000	 25.170094	 18.315231	 36.647041	 2
1462073499.135	 306.366211	 -1.000000	 15.000000	 25.274160	 18.972107	 35.945629	 2
1462073499.135	 307.331787	 -1.000000	 15.000000	 25.274160	 20.562439	 35.277618	 2
1462073499.171	 309.177856	 -1.000000	 15.000000	 24.476299	 22.049057	 34.643013	 2
1462073499.171	 312.209167	 -1.000000	 15.000000	 23.990643	 24.054260	 34.442608	 2
1462073499.186	 313.502686	 -1.000000	 15.000000	 23.088715	 25.713730	 33.975002	 2
1462073499.206	 319.677826	 -1.000000	 15.000000	 22.429615	 27.269493	 33.941601	 2
1462073499.226	 322.514191	 -1.000000	 15.000000	 22.013340	 27.753502	 33.607597	 2
1462073499.250	 324.586548	 -1.000000	 15.000000	 22.186787	 28.410385	 33.173393	 2
1462073499.268	 326.167999	 -1.000000	 15.000000	 22.256165	 28.825256	 32.572182	 2
1462073499.289	 327.126312	 -1.000000	 15.000000	 22.637749	 29.620422	 31.737171	 2
1462073499.310	 327.726379	 -1.000000	 15.000000	 23.019337	 30.415588	 30.367752	 2
1462073499.328	 328.435089	 -1.000000	 15.000000	 22.984646	 31.487335	 29.599539	 2
1462073499.348	 329.412445	 -1.000000	 15.000000	 22.915268	 32.178780	 28.931530	 2
1462073499.377	 330.938141	 -1.000000	 15.000000	 22.464302	 33.112244	 28.296921	 2
1462073499.388	 332.621338	 -1.000000	 15.000000	 20.833889	 33.976562	 27.929516	 2
1462073499.407	 333.806671	 -1.000000	 15.000000	 18.821890	 34.806297	 28.263523	 2
1462073499.436	 336.141968	 -1.000000	 15.000000	 16.289547	 35.670609	 28.430527	 2
1462073499.448	 340.799713	 -1.000000	 15.000000	 13.063416	 36.949783	 28.263523	 2
1462073499.477	 348.239563	 -1.000000	 15.000000	 8.796594	 37.606674	 28.630926	 2
1462073499.497	 350.490326	 -1.000000	 15.000000	 5.050116	 37.883255	 29.833344	 2
1462073499.519	 359.304352	 -1.000000	 15.000000	 1.442394	 37.814102	 30.768555	 2
1462073499.538	 1.310852	 -1.000000	 15.000000	 -1.749048	 37.330093	 32.171375	 2
1462073499.558	 8.104553	 -1.000000	 15.000000	 -4.489530	 36.258331	 33.674397	 2
1462073499.585	 8.547949	 -1.000000	 15.000000	 -5.322083	 34.806297	 35.210819	 2
1462073499.598	 9.540292	 -1.000000	 15.000000	 -5.148633	 33.112244	 36.446632	 2
1462073499.617	 9.142148	 -1.000000	 15.000000	 -4.073255	 31.487335	 37.816055	 2
1462073499.645	 7.840136	 -1.000000	 15.000000	 -2.720362	 29.793282	 38.851467	 2
1462073499.659	 0.188001	 -1.000000	 15.000000	 -1.194019	 28.341248	 40.053886	 2
1462073499.679	 354.739807	 -1.000000	 15.000000	 0.124187	 27.580650	 40.721893	 2
1462073499.704	 353.451111	 -1.000000	 15.000000	 0.679220	 26.750916	 41.256302	 2
1462073499.719	 349.645996	 -1.000000	 15.000000	 0.401706	 26.059471	 41.256302	 2
1462073499.740	 348.795807	 -1.000000	 15.000000	 -0.188016	 26.232330	 41.356503	 2
1462073499.764	 349.002808	 -1.000000	 15.000000	 -1.228705	 26.370628	 41.356503	 2
1462073499.780	 350.133850	 -1.000000	 15.000000	 -3.032566	 26.785492	 40.822098	 2
1462073499.800	 353.608551	 -1.000000	 15.000000	 -5.148633	 27.788094	 39.987083	 2
1462073499.824	 354.901184	 -1.000000	 15.000000	 -7.438150	 28.686974	 39.452675	 2
1462073499.841	 3.653900	 -1.000000	 15.000000	 -9.588907	 29.516708	 38.317062	 2
1462073499.861	 10.169015	 -1.000000	 15.000000	 -11.635593	 30.450157	 36.680443	 2
1462073499.883	 11.761833	 -1.000000	 15.000000	 -13.196625	 31.107025	 35.711826	 2
1462073499.901	 19.761925	 -1.000000	 15.000000	 -13.786346	 31.902191	 35.077217	 2
1462073499.925	 24.945639	 -1.000000	 15.000000	 -14.063862	 32.524498	 34.810017	 2
1462073499.943	 25.782505	 -1.000000	 15.000000	 -14.063862	 32.939362	 34.810017	 2
1462073499.973	 25.914909	 -1.000000	 15.000000	 -13.370070	 33.354233	 35.478024	 2
1462073499.986	 25.117411	 -1.000000	 15.000000	 -12.398758	 33.561668	 35.878830	 2
1462073500.003	 23.229668	 -1.000000	 15.000000	 -11.323380	 33.043076	 36.313034	 2
1462073500.023	 22.699577	 -1.000000	 15.000000	 -10.525518	 32.870224	 36.413235	 2
1462073500.044	 16.093761	 -1.000000	 15.000000	 -9.658279	 32.489929	 36.647038	 2
1462073500.064	 12.921349	 -1.000000	 15.000000	 -9.519522	 31.867622	 36.647038	 2
1462073500.082	 12.454739	 -1.000000	 15.000000	 -9.935801	 31.591049	 36.713840	 2
1462073500.103	 13.706996	 -1.000000	 15.000000	 -11.115250	 31.936775	 36.713840	 2
1462073500.123	 15.781210	 -1.000000	 15.000000	 -11.462147	 32.351646	 36.379833	 2
1462073500.143	 18.165985	 -1.000000	 15.000000	 -12.260008	 33.008514	 35.745228	 2
1462073500.163	 20.927687	 -1.000000	 15.000000	 -12.398764	 33.907410	 35.010414	 2
1462073500.183	 23.424881	 -1.000000	 15.000000	 -11.947798	 34.771713	 33.974998	 2
1462073500.204	 24.427395	 -1.000000	 15.000000	 -11.219315	 35.774307	 32.939587	 2
1462073500.225	 24.619123	 -1.000000	 15.000000	 -11.080557	 36.534897	 31.870773	 2
1462073500.243	 24.100519	 -1.000000	 15.000000	 -10.837729	 37.122635	 31.436565	 2
1462073500.264	 24.742237	 -1.000000	 15.000000	 -10.941797	 37.917801	 30.467953	 2
1462073500.285	 24.630556	 -1.000000	 15.000000	 -11.531523	 38.712967	 29.900146	 2
1462073500.305	 25.295013	 -1.000000	 15.000000	 -11.704969	 39.093246	 28.864731	 2
1462073500.325	 26.030588	 -1.000000	 15.000000	 -11.670279	 39.750137	 27.896114	 2
1462073500.345	 26.962341	 -1.000000	 15.000000	 -11.462143	 40.441574	 26.560095	 2
1462073500.365	 27.096481	 -1.000000	 15.000000	 -10.907110	 41.202164	 25.624882	 2
1462073500.386	 27.300694	 -1.000000	 15.000000	 -10.039871	 41.859039	 24.789867	 2
1462073500.405	 25.716356	 -1.000000	 15.000000	 -9.866425	 42.446793	 24.021658	 2
1462073500.426	 24.544062	 -1.000000	 15.000000	 -9.970493	 42.688797	 23.520651	 2
1462073500.446	 24.594284	 -1.000000	 15.000000	 -9.970493	 43.034515	 23.186649	 2
1462073500.467	 23.316551	 -1.000000	 15.000000	 -10.386768	 42.965363	 23.186649	 2
1462073500.489	 23.921986	 -1.000000	 15.000000	 -11.045868	 42.723358	 23.019648	 2
1462073500.511	 24.106714	 -1.000000	 15.000000	 -10.976486	 42.515930	 23.286850	 2
1462073500.529	 23.942028	 -1.000000	 15.000000	 -10.872419	 42.619644	 23.587454	 2
1462073500.550	 23.212177	 -1.000000	 15.000000	 -10.664280	 42.412201	 24.389065	 2
1462073500.571	 21.816078	 -1.000000	 15.000000	 -9.970488	 41.651627	 25.725086	 2
1462073500.589	 20.225855	 -1.000000	 15.000000	 -9.033869	 40.649017	 27.628912	 2
1462073500.610	 18.968510	 -1.000000	 15.000000	 -8.548216	 39.266129	 29.365738	 2
1462073500.630	 17.440557	 -1.000000	 15.000000	 -8.305387	 37.433777	 31.469967	 2
1462073500.648	 16.228811	 -1.000000	 15.000000	 -8.340076	 35.739731	 33.240192	 2
1462073500.669	 15.634506	 -1.000000	 15.000000	 -8.409454	 34.356834	 34.776615	 2
1462073500.697	 15.959933	 -1.000000	 15.000000	 -8.201315	 33.181366	 35.511421	 2
1462073500.709	 16.114574	 -1.000000	 15.000000	 -7.542212	 32.593636	 36.613640	 2
1462073500.729	 14.668312	 -1.000000	 15.000000	 -6.224009	 32.040489	 37.415249	 2
1462073500.750	 8.813756	 -1.000000	 15.000000	 -5.044562	 31.279892	 38.016457	 2
1462073500.770	 7.310644	 -1.000000	 15.000000	 -4.177322	 30.830452	 38.317062	 2
1462073500.790	 4.599254	 -1.000000	 15.000000	 -3.691669	 30.553864	 38.851471	 2
1462073500.810	 2.619554	 -1.000000	 15.000000	 -3.552912	 30.208138	 38.918270	 2
1462073500.830	 2.360285	 -1.000000	 15.000000	 -3.656980	 30.242706	 39.085274	 2
1462073500.853	 2.448035	 -1.000000	 15.000000	 -3.691669	 30.761299	 38.985073	 2
1462073500.871	 2.564153	 -1.000000	 15.000000	 -3.934498	 30.795868	 38.751270	 2
1462073500.891	 2.883142	 -1.000000	 15.000000	 -4.420151	 31.072449	 38.617668	 2
1462073500.911	 3.556772	 -1.000000	 15.000000	 -5.044565	 31.556458	 38.350464	 2
1462073500.932	 4.970108	 -1.000000	 15.000000	 -6.328079	 31.936752	 37.448650	 2
1462073500.951	 6.902499	 -1.000000	 15.000000	 -7.472837	 32.178772	 36.480038	 2
1462073500.973	 9.720461	 -1.000000	 15.000000	 -8.686972	 33.250519	 35.778629	 2
1462073500.995	 12.817345	 -1.000000	 15.000000	 -9.484833	 33.769104	 35.077217	 2
1462073501.012	 16.390917	 -1.000000	 15.000000	 -9.727659	 34.356834	 34.375809	 2
1462073501.034	 19.545341	 -1.000000	 15.000000	 -9.311384	 34.702560	 34.309006	 2
1462073501.054	 20.519693	 -1.000000	 15.000000	 -8.582901	 35.152000	 34.409206	 2
1462073501.072	 17.957716	 -1.000000	 15.000000	 -6.987181	 35.152000	 34.542809	 2
1462073501.095	 15.070767	 -1.000000	 15.000000	 -5.460837	 35.566864	 34.342407	 2
1462073501.115	 12.551527	 -1.000000	 15.000000	 -4.662976	 35.532303	 34.709812	 2
1462073501.143	 11.159707	 -1.000000	 15.000000	 -4.246701	 35.601456	 34.576210	 2
1462073501.158	 10.340366	 -1.000000	 15.000000	 -4.558908	 35.705154	 34.876816	 2
1462073501.174	 9.924560	 -1.000000	 15.000000	 -5.391459	 35.636017	 34.609612	 2
1462073501.204	 10.585946	 -1.000000	 15.000000	 -6.501526	 35.497726	 34.075203	 2
1462073501.216	 13.535933	 -1.000000	 15.000000	 -7.091251	 36.016312	 33.507397	 2
1462073501.234	 16.070972	 -1.000000	 15.000000	 -7.195318	 36.604034	 32.805988	 2
1462073501.263	 17.050877	 -1.000000	 15.000000	 -6.779043	 37.226334	 32.004375	 2
1462073501.276	 17.412741	 -1.000000	 15.000000	 -6.709665	 37.986954	 31.202765	 2
1462073501.295	 15.931183	 -1.000000	 15.000000	 -6.154633	 38.885818	 30.801960	 2
1462073501.323	 16.231997	 -1.000000	 15.000000	 -6.119944	 39.404419	 30.167349	 2
1462073501.336	 15.934984	 -1.000000	 15.000000	 -5.911808	 39.888428	 29.766544	 2
1462073501.355	 16.410172	 -1.000000	 15.000000	 -6.119944	 40.303299	 28.697727	 2
1462073501.375	 16.899809	 -1.000000	 15.000000	 -6.293390	 40.476151	 28.129919	 2
1462073501.395	 17.988276	 -1.000000	 15.000000	 -6.813734	 40.787308	 27.562109	 2
1462073501.415	 18.710903	 -1.000000	 15.000000	 -7.125937	 41.305908	 26.860699	 2
1462073501.436	 19.475523	 -1.000000	 15.000000	 -7.715658	 41.617050	 26.292889	 2
1462073501.456	 19.658928	 -1.000000	 15.000000	 -8.201315	 41.893631	 26.025686	 2
1462073501.486	 20.167446	 -1.000000	 15.000000	 -8.582901	 42.550522	 25.324276	 2
1462073501.506	 20.838509	 -1.000000	 15.000000	 -9.242004	 42.861679	 24.689671	 2
1462073501.526	 21.333302	 -1.000000	 15.000000	 -9.692972	 42.827103	 24.255463	 2
1462073501.547	 21.950720	 -1.000000	 15.000000	 -10.178629	 42.827103	 23.988260	 2
1462073501.567	 22.535583	 -1.000000	 15.000000	 -10.352076	 42.999954	 23.888058	 2
1462073501.589	 22.627668	 -1.000000	 15.000000	 -10.352076	 42.930801	 24.155262	 2
1462073501.607	 19.462080	 -1.000000	 15.000000	 -9.727661	 42.723373	 24.823269	 2
1462073501.627	 18.146080	 -1.000000	 15.000000	 -9.415455	 42.343079	 25.391079	 2
1462073501.650	 16.591108	 -1.000000	 15.000000	 -8.756351	 41.755356	 26.359692	 2
1462073501.668	 15.228871	 -1.000000	 15.000000	 -8.305387	 40.614471	 27.795914	 2
1462073501.688	 14.052261	 -1.000000	 15.000000	 -7.785044	 39.681015	 29.365738	 2
1462073501.712	 13.313669	 -1.000000	 15.000000	 -7.646286	 38.505569	 30.568155	 2
1462073501.730	 12.548580	 -1.000000	 15.000000	 -7.542219	 37.157242	 31.937572	 2
1462073501.750	 12.010722	 -1.000000	 15.000000	 -7.472839	 36.120056	 33.407196	 2
1462073501.771	 11.378002	 -1.000000	 15.000000	 -6.640289	 35.082886	 34.542809	 2
1462073501.790	 10.786008	 -1.000000	 15.000000	 -5.668980	 33.699982	 35.344421	 2
1462073501.810	 9.177779	 -1.000000	 15.000000	 -4.524222	 32.697388	 36.580238	 2
1462073501.832	 5.958757	 -1.000000	 15.000000	 -3.032566	 31.902222	 37.482052	 2
1462073501.851	 1.710779	 -1.000000	 15.000000	 -1.610291	 31.314484	 38.317062	 2
1462073501.869	 358.214172	 -1.000000	 15.000000	 -0.916498	 30.830467	 38.784672	 2
1462073501.891	 355.849182	 -1.000000	 15.000000	 -0.222706	 30.623032	 39.118675	 2
1462073501.909	 354.696198	 -1.000000	 15.000000	 -0.153327	 30.415588	 39.319077	 2
1462073501.930	 353.867737	 -1.000000	 15.000000	 -0.188019	 30.242722	 39.619682	 2
1462073501.951	 353.502686	 -1.000000	 15.000000	 -0.361465	 29.862427	 39.252277	 2
1462073501.970	 353.734802	 -1.000000	 15.000000	 -0.777740	 30.000717	 38.918270	 2
1462073501.990	 354.082153	 -1.000000	 15.000000	 -1.714362	 30.035286	 38.951672	 2
1462073502.017	 355.032928	 -1.000000	 15.000000	 -2.477533	 30.450157	 38.617668	 2
1462073502.031	 356.837646	 -1.000000	 15.000000	 -3.448841	 30.865021	 38.016457	 2
1462073502.051	 359.464600	 -1.000000	 15.000000	 -5.148633	 31.660187	 37.582253	 2
1462073502.071	 3.739624	 -1.000000	 15.000000	 -6.224012	 31.833054	 37.014442	 2
1462073502.092	 5.052785	 -1.000000	 15.000000	 -6.744354	 32.351631	 36.446636	 2
1462073502.113	 7.417916	 -1.000000	 15.000000	 -6.570906	 32.386200	 36.212833	 2
1462073502.131	 8.876188	 -1.000000	 15.000000	 -5.773045	 32.973938	 36.446636	 2
1462073502.153	 8.146898	 -1.000000	 15.000000	 -3.691666	 33.112228	 36.313038	 2
1462073502.176	 5.529102	 -1.000000	 15.000000	 -2.234702	 33.181366	 36.647041	 2
1462073502.192	 359.155273	 -1.000000	 15.000000	 -1.402152	 33.250519	 36.914242	 2
1462073502.212	 358.074554	 -1.000000	 15.000000	 -0.985877	 33.319664	 36.981045	 2
1462073502.234	 356.375458	 -1.000000	 15.000000	 -1.471531	 32.973938	 36.713840	 2
1462073502.255	 357.515015	 -1.000000	 15.000000	 -2.685669	 33.285095	 36.613640	 2
1462073502.273	 1.052795	 -1.000000	 15.000000	 -3.622291	 34.080261	 36.112633	 2
1462073502.294	 4.010758	 -1.000000	 15.000000	 -4.073255	 34.598839	 35.478020	 2
1462073502.317	 6.367917	 -1.000000	 15.000000	 -4.454841	 35.324860	 34.776611	 2
1462073502.345	 7.315665	 -1.000000	 15.000000	 -4.246704	 35.878021	 34.309006	 2
1462073502.356	 7.419560	 -1.000000	 15.000000	 -3.795737	 36.534897	 33.741196	 2
1462073502.375	 7.443759	 -1.000000	 15.000000	 -3.622288	 37.122635	 33.106590	 2
1462073502.394	 7.782022	 -1.000000	 15.000000	 -3.656977	 37.917801	 32.471981	 2
1462073502.414	 8.510319	 -1.000000	 15.000000	 -4.038563	 38.643814	 31.770573	 2
1462073502.436	 9.725718	 -1.000000	 15.000000	 -4.767044	 39.646408	 30.401154	 2
1462073502.466	 10.963279	 -1.000000	 15.000000	 -5.773045	 40.372437	 29.365742	 2
1462073502.479	 12.358599	 -1.000000	 15.000000	 -6.605595	 40.787308	 28.363728	 2
1462073502.496	 14.310862	 -1.000000	 15.000000	 -7.715662	 41.202164	 27.228109	 2
1462073502.525	 16.153183	 -1.000000	 15.000000	 -8.617594	 41.755325	 26.426498	 2
1462073502.538	 17.659998	 -1.000000	 15.000000	 -9.346075	 42.135620	 25.925491	 2
1462073502.556	 19.342817	 -1.000000	 15.000000	 -10.143936	 42.308487	 24.756474	 2
1462073502.585	 20.381626	 -1.000000	 15.000000	 -10.490833	 42.861649	 24.422466	 2
1462073502.596	 21.545279	 -1.000000	 15.000000	 -10.941801	 43.518524	 23.787857	 2
1462073502.617	 22.916435	 -1.000000	 15.000000	 -11.566212	 43.449387	 22.852642	 2
1462073502.644	 23.956547	 -1.000000	 15.000000	 -12.294693	 43.622253	 22.151234	 2
1462073502.657	 24.585876	 -1.000000	 15.000000	 -12.815039	 43.380234	 22.051031	 2
1462073502.677	 25.971277	 -1.000000	 15.000000	 -13.578211	 42.965363	 21.249420	 2
1462073502.704	 26.196424	 -1.000000	 15.000000	 -13.890415	 42.585068	 21.616827	 2
1462073502.717	 25.642725	 -1.000000	 15.000000	 -13.474140	 42.585068	 22.151236	 2
1462073502.737	 24.026409	 -1.000000	 15.000000	 -12.260000	 42.066483	 23.320251	 2
1462073502.763	 22.084564	 -1.000000	 15.000000	 -11.080551	 41.513321	 25.190680	 2
1462073502.777	 19.546570	 -1.000000	 15.000000	 -10.039865	 40.337845	 27.595514	 2
1462073502.799	 17.903936	 -1.000000	 15.000000	 -9.415455	 39.162384	 29.065134	 2
1462073502.823	 16.584290	 -1.000000	 15.000000	 -9.103247	 37.883209	 30.902157	 2
1462073502.839	 15.942304	 -1.000000	 15.000000	 -9.033869	 36.915192	 32.371777	 2
1462073502.859	 16.124292	 -1.000000	 15.000000	 -8.652283	 35.843445	 33.273590	 2
1462073502.882	 15.076382	 -1.000000	 15.000000	 -7.576904	 35.393997	 33.974998	 2
1462073502.899	 12.523706	 -1.000000	 15.000000	 -5.634284	 34.564270	 35.043816	 2
1462073502.919	 8.344490	 -1.000000	 15.000000	 -3.726356	 33.838242	 35.745224	 2
1462073502.942	 3.861678	 -1.000000	 15.000000	 -2.095944	 32.973938	 36.112633	 2
1462073502.960	 0.093673	 -1.000000	 15.000000	 -1.020566	 32.455353	 36.814041	 2
1462073502.980	 357.268433	 -1.000000	 15.000000	 -0.465530	 31.763901	 37.482048	 2
1462073503.000	 355.470245	 -1.000000	 15.000000	 -0.257395	 31.349030	 37.882854	 2
1462073503.022	 355.174683	 -1.000000	 15.000000	 -0.361463	 31.176170	 37.983055	 2
1462073503.043	 354.647705	 -1.000000	 15.000000	 -0.951184	 31.279892	 38.350460	 2
1462073503.062	 355.358154	 -1.000000	 15.000000	 -1.506220	 31.349030	 38.016457	 2
1462073503.082	 356.239410	 -1.000000	 15.000000	 -2.581598	 31.591049	 37.448647	 2
1462073503.106	 359.349121	 -1.000000	 15.000000	 -4.281391	 32.178772	 36.814041	 2
1462073503.124	 2.386261	 -1.000000	 15.000000	 -5.911804	 32.628204	 36.179436	 2
1462073503.143	 3.817904	 -1.000000	 15.000000	 -7.368769	 33.043076	 35.511425	 2
1462073503.162	 9.012355	 -1.000000	 15.000000	 -8.513525	 33.561653	 35.077217	 2
1462073503.182	 12.774864	 -1.000000	 15.000000	 -8.756353	 33.803658	 35.043816	 2
1462073503.201	 12.563535	 -1.000000	 15.000000	 -7.785044	 33.803658	 35.711826	 2
1462073503.223	 12.710887	 -1.000000	 15.000000	 -5.703666	 33.596222	 36.045830	 2
1462073503.244	 9.198732	 -1.000000	 15.000000	 -3.899805	 33.596222	 36.446632	 2
1462073503.262	 7.728779	 -1.000000	 15.000000	 -4.078897	 30.692490	 37.323669	 2
1462073503.284	 358.414673	 -1.000000	 15.000000	 -4.182955	 30.727051	 37.357075	 2
1462073503.302	 356.853577	 -1.000000	 15.000000	 -4.911372	 30.554207	 36.722431	 2
1462073503.323	 357.488342	 -1.000000	 15.000000	 -6.611012	 31.003593	 36.421814	 2
1462073503.345	 6.894897	 -1.000000	 15.000000	 -7.929100	 31.349274	 35.887379	 2
1462073503.363	 9.173193	 -1.000000	 15.000000	 -8.206591	 31.833221	 35.018925	 2
1462073503.384	 9.985997	 -1.000000	 15.000000	 -7.998468	 32.455452	 34.417686	 2
1462073503.404	 11.641746	 -1.000000	 15.000000	 -7.894409	 33.112244	 33.849854	 2
1462073503.424	 12.348565	 -1.000000	 15.000000	 -7.374111	 33.561630	 33.282017	 2
1462073503.444	 12.824791	 -1.000000	 15.000000	 -6.923187	 34.356705	 32.780983	 2
1462073503.464	 12.820754	 -1.000000	 15.000000	 -7.027248	 35.013504	 32.146347	 2
1462073503.484	 12.785472	 -1.000000	 15.000000	 -6.819132	 35.704865	 31.411497	 2
1462073503.514	 13.446123	 -1.000000	 15.000000	 -6.992563	 36.569077	 30.376032	 2
1462073503.534	 14.492084	 -1.000000	 15.000000	 -7.859728	 37.294998	 29.607784	 2
1462073503.553	 16.086023	 -1.000000	 15.000000	 -8.622829	 37.433258	 28.472113	 2
1462073503.575	 19.068182	 -1.000000	 15.000000	 -9.628736	 38.159195	 27.369843	 2
1462073503.595	 20.735968	 -1.000000	 15.000000	 -10.946823	 38.574005	 26.234171	 2
1462073503.615	 22.588129	 -1.000000	 15.000000	 -12.126162	 38.919678	 25.632935	 2
1462073503.638	 24.409472	 -1.000000	 15.000000	 -13.097383	 39.334503	 24.630871	 2
1462073503.655	 25.992208	 -1.000000	 15.000000	 -14.172665	 39.853043	 24.063038	 2
1462073503.677	 27.062857	 -1.000000	 15.000000	 -14.866394	 39.991318	 23.929430	 2
1462073503.698	 28.031609	 -1.000000	 15.000000	 -15.421381	 40.475281	 23.595409	 2
1462073503.726	 28.279394	 -1.000000	 15.000000	 -15.386696	 40.371567	 23.428400	 2
1462073503.738	 28.626286	 -1.000000	 15.000000	 -15.317322	 40.233292	 23.495201	 2
1462073503.757	 28.493359	 -1.000000	 15.000000	 -15.178576	 39.749329	 23.962830	 2
1462073503.786	 27.938824	 -1.000000	 15.000000	 -14.797024	 39.023392	 24.463861	 2
1462073503.798	 26.839775	 -1.000000	 15.000000	 -14.346100	 38.090042	 25.298916	 2
1462073503.816	 25.862440	 -1.000000	 15.000000	 -14.103292	 37.433228	 26.668402	 2
1462073503.845	 25.069710	 -1.000000	 15.000000	 -14.137980	 36.430756	 27.904280	 2
1462073503.858	 24.348948	 -1.000000	 15.000000	 -13.687056	 35.773972	 29.140160	 2
1462073503.877	 23.783394	 -1.000000	 15.000000	 -13.825802	 35.220871	 30.476240	 2
1462073503.905	 22.978611	 -1.000000	 15.000000	 -13.478939	 34.667786	 31.411497	 2
1462073503.918	 23.489807	 -1.000000	 15.000000	 -13.201448	 34.183838	 31.545109	 2
1462073503.937	 23.094120	 -1.000000	 15.000000	 -12.299601	 33.838150	 32.146347	 2
1462073503.964	 22.356222	 -1.000000	 15.000000	 -11.640556	 33.388779	 32.580574	 2
1462073503.978	 19.786860	 -1.000000	 15.000000	 -10.149033	 32.870255	 32.747585	 2
1462073503.998	 16.816137	 -1.000000	 15.000000	 -9.316553	 32.386314	 33.415630	 2
1462073504.024	 15.300207	 -1.000000	 15.000000	 -8.345331	 31.833214	 34.284084	 2
1462073504.038	 11.459453	 -1.000000	 15.000000	 -7.720974	 31.487534	 35.219341	 2
1462073504.059	 9.637617	 -1.000000	 15.000000	 -7.235363	 31.003571	 35.286144	 2
1462073504.083	 9.195359	 -1.000000	 15.000000	 -6.923187	 31.314674	 35.720367	 2
1462073504.099	 7.804010	 -1.000000	 15.000000	 -7.027248	 31.210960	 35.887379	 2
1462073504.119	 7.522743	 -1.000000	 15.000000	 -7.096622	 31.487518	 35.686966	 2
1462073504.143	 7.922152	 -1.000000	 15.000000	 -7.200680	 31.729507	 35.119133	 2
1462073504.160	 8.950755	 -1.000000	 15.000000	 -8.171904	 32.351746	 34.985519	 2
1462073504.180	 10.911772	 -1.000000	 15.000000	 -9.594048	 32.593735	 34.417686	 2
1462073504.202	 12.219047	 -1.000000	 15.000000	 -11.189625	 33.146835	 33.749645	 2
1462073504.220	 17.163584	 -1.000000	 15.000000	 -13.097383	 33.596222	 33.181812	 2
1462073504.241	 21.471664	 -1.000000	 15.000000	 -14.658278	 33.699921	 32.680779	 2
1462073504.260	 25.547104	 -1.000000	 15.000000	 -15.039829	 33.941895	 32.246555	 2
1462073504.281	 26.050581	 -1.000000	 15.000000	 -14.692966	 33.872757	 32.112946	 2
1462073504.303	 27.329464	 -1.000000	 15.000000	 -13.721745	 34.011047	 32.246552	 2
1462073504.322	 25.098040	 -1.000000	 15.000000	 -12.195538	 34.149307	 32.313354	 2
1462073504.342	 24.488071	 -1.000000	 15.000000	 -10.946823	 34.494995	 32.380157	 2
1462073504.363	 19.882446	 -1.000000	 15.000000	 -10.253092	 34.564117	 32.647373	 2
1462073504.383	 17.439795	 -1.000000	 15.000000	 -10.044971	 34.564117	 32.981396	 2
1462073504.402	 16.842632	 -1.000000	 15.000000	 -9.906227	 34.149307	 33.048203	 2
1462073504.423	 15.664175	 -1.000000	 15.000000	 -10.218405	 33.976471	 33.148407	 2
1462073504.442	 17.335787	 -1.000000	 15.000000	 -10.530584	 34.287582	 32.981400	 2
1462073504.462	 18.040846	 -1.000000	 15.000000	 -10.669331	 34.494995	 32.380161	 2
1462073504.484	 20.293545	 -1.000000	 15.000000	 -10.981508	 35.082642	 31.344694	 2
1462073504.512	 21.266727	 -1.000000	 15.000000	 -10.946823	 36.085129	 30.442837	 2
1462073504.532	 23.507380	 -1.000000	 15.000000	 -11.120256	 36.811050	 29.340569	 2
1462073504.551	 24.580723	 -1.000000	 15.000000	 -10.981512	 37.156723	 28.271702	 2
1462073504.573	 25.120937	 -1.000000	 15.000000	 -11.363062	 37.882675	 27.770670	 2
1462073504.592	 24.785561	 -1.000000	 15.000000	 -11.328377	 38.332047	 26.935619	 2
1462073504.613	 25.491961	 -1.000000	 15.000000	 -11.675241	 38.608597	 26.067163	 2
1462073504.634	 26.295420	 -1.000000	 15.000000	 -11.987419	 38.850571	 25.365719	 2
1462073504.652	 27.537458	 -1.000000	 15.000000	 -12.438343	 39.369095	 24.530666	 2
1462073504.673	 28.754787	 -1.000000	 15.000000	 -12.993326	 39.645645	 23.328190	 2
1462073504.692	 29.961916	 -1.000000	 15.000000	 -13.756430	 39.991333	 22.526541	 2
1462073504.713	 31.396366	 -1.000000	 15.000000	 -14.450161	 40.613556	 21.858498	 2
1462073504.734	 32.302593	 -1.000000	 15.000000	 -15.005146	 41.028366	 21.257259	 2
1462073504.754	 33.092365	 -1.000000	 15.000000	 -16.011055	 40.993805	 21.023445	 2
1462073504.774	 33.425854	 -1.000000	 15.000000	 -16.600725	 41.097504	 20.589216	 2
1462073504.794	 33.984371	 -1.000000	 15.000000	 -16.912903	 41.062927	 20.021378	 2
1462073504.815	 34.493374	 -1.000000	 15.000000	 -17.398514	 40.578964	 19.820965	 2
1462073504.834	 35.603851	 -1.000000	 15.000000	 -17.849438	 40.544388	 19.854368	 2
1462073504.855	 35.675827	 -1.000000	 15.000000	 -17.988182	 40.751801	 20.121588	 2
1462073504.874	 35.058270	 -1.000000	 15.000000	 -17.537260	 40.371552	 20.555817	 2
1462073504.895	 33.715382	 -1.000000	 15.000000	 -17.259766	 39.956726	 21.891901	 2
1462073504.916	 32.367588	 -1.000000	 15.000000	 -16.739470	 39.507355	 23.328192	 2
1462073504.935	 30.854212	 -1.000000	 15.000000	 -16.219173	 38.504883	 24.831287	 2
1462073504.957	 29.308519	 -1.000000	 15.000000	 -15.525442	 37.467834	 26.300978	 2
1462073504.987	 27.883348	 -1.000000	 15.000000	 -15.039833	 36.776459	 28.238302	 2
1462073504.998	 27.876553	 -1.000000	 15.000000	 -14.831713	 36.292496	 29.507580	 2
1462073505.017	 26.813524	 -1.000000	 15.000000	 -14.103294	 35.635696	 30.476240	 2
1462073505.046	 26.223930	 -1.000000	 15.000000	 -12.923956	 35.359146	 31.211088	 2
1462073505.058	 24.746040	 -1.000000	 15.000000	 -11.918049	 35.117172	 31.912533	 2
1462073505.078	 22.067116	 -1.000000	 15.000000	 -10.704021	 34.529526	 32.413567	 2
1462073505.106	 20.540829	 -1.000000	 15.000000	 -9.212502	 34.011002	 32.780991	 2
1462073505.119	 16.723248	 -1.000000	 15.000000	 -8.484087	 33.976440	 33.014805	 2
1462073505.137	 14.424028	 -1.000000	 15.000000	 -7.859728	 33.838150	 33.482433	 2
1462073505.165	 13.752395	 -1.000000	 15.000000	 -7.200684	 33.734467	 33.582642	 2
1462073505.177	 12.751463	 -1.000000	 15.000000	 -6.853818	 33.734467	 33.515831	 2
1462073505.197	 12.203105	 -1.000000	 15.000000	 -6.853818	 33.803589	 33.515831	 2
1462073505.225	 12.240851	 -1.000000	 15.000000	 -6.645698	 34.011017	 33.382225	 2
1462073505.238	 11.931692	 -1.000000	 15.000000	 -6.853815	 33.941879	 32.914597	 2
1462073505.258	 12.837612	 -1.000000	 15.000000	 -7.547546	 34.287567	 32.513771	 2
1462073505.285	 13.862957	 -1.000000	 15.000000	 -8.726885	 34.909790	 31.979340	 2
1462073505.298	 18.067398	 -1.000000	 15.000000	 -10.357153	 35.635727	 31.144285	 2
1462073505.318	 22.376299	 -1.000000	 15.000000	 -12.230225	 36.188812	 30.008612	 2
1462073505.344	 23.916334	 -1.000000	 15.000000	 -14.103298	 36.603622	 29.273764	 2
1462073505.359	 31.246397	 -1.000000	 15.000000	 -15.109205	 36.776474	 28.505518	 2
1462073505.380	 34.906792	 -1.000000	 15.000000	 -15.386698	 36.914734	 27.837475	 2
1462073505.405	 35.513870	 -1.000000	 15.000000	 -14.970459	 36.776459	 27.436647	 2
1462073505.419	 33.238567	 -1.000000	 15.000000	 -14.103298	 36.465347	 27.603662	 2
1462073505.440	 31.139524	 -1.000000	 15.000000	 -12.854582	 37.018448	 27.603662	 2
1462073505.463	 30.317123	 -1.000000	 15.000000	 -11.883364	 37.018448	 28.004486	 2
1462073505.480	 27.012873	 -1.000000	 15.000000	 -11.675241	 36.811035	 28.271706	 2
1462073505.501	 24.564558	 -1.000000	 15.000000	 -11.640553	 36.638199	 28.839539	 2
1462073505.523	 24.426338	 -1.000000	 15.000000	 -12.091476	 36.880188	 28.872940	 2
1462073505.553	 26.325764	 -1.000000	 15.000000	 -13.305504	 36.638214	 28.906343	 2
1462073505.567	 28.921530	 -1.000000	 15.000000	 -14.242039	 36.880188	 28.605724	 2
1462073505.583	 32.339554	 -1.000000	 15.000000	 -14.588902	 37.018463	 28.071291	 2
1462073505.604	 33.593544	 -1.000000	 15.000000	 -14.623592	 37.467834	 27.169432	 2
1462073505.625	 32.480549	 -1.000000	 15.000000	 -14.033922	 37.640686	 26.935619	 2
1462073505.644	 31.818604	 -1.000000	 15.000000	 -13.409569	 37.986359	 26.401186	 2
1462073505.663	 32.370338	 -1.000000	 15.000000	 -13.132076	 38.401184	 25.532730	 2
1462073505.684	 31.613241	 -1.000000	 15.000000	 -13.028017	 39.057968	 24.831285	 2
1462073505.706	 31.813732	 -1.000000	 15.000000	 -13.444254	 39.541916	 24.296852	 2
1462073505.725	 32.683311	 -1.000000	 15.000000	 -13.895178	 39.991318	 23.394997	 2
1462073505.744	 33.833157	 -1.000000	 15.000000	 -14.103294	 40.406128	 22.726955	 2
1462073505.764	 34.470448	 -1.000000	 15.000000	 -14.519537	 40.475266	 22.459740	 2
1462073505.785	 34.902088	 -1.000000	 15.000000	 -14.935774	 40.820938	 22.259327	 2
1462073505.805	 34.864563	 -1.000000	 15.000000	 -15.317326	 40.786377	 21.891901	 2
1462073505.825	 35.072227	 -1.000000	 15.000000	 -15.802935	 40.993790	 21.491076	 2
1462073505.845	 35.521454	 -1.000000	 15.000000	 -16.496666	 40.993790	 21.290663	 2
1462073505.865	 35.312199	 -1.000000	 15.000000	 -16.739470	 41.166626	 20.856436	 2
1462073505.886	 35.211357	 -1.000000	 15.000000	 -17.155708	 41.097504	 20.656023	 2
1462073505.906	 35.184074	 -1.000000	 15.000000	 -17.329138	 41.132065	 20.823034	 2
1462073505.926	 35.156540	 -1.000000	 15.000000	 -17.780062	 40.682678	 21.190456	 2
1462073505.946	 34.490978	 -1.000000	 15.000000	 -17.294453	 40.544418	 21.591284	 2
1462073505.966	 33.744293	 -1.000000	 15.000000	 -17.190393	 39.887634	 22.559944	 2
1462073505.987	 32.004154	 -1.000000	 15.000000	 -16.739470	 39.230820	 23.795824	 2
1462073506.007	 30.789505	 -1.000000	 15.000000	 -16.219173	 38.228348	 24.964897	 2
1462073506.032	 29.322952	 -1.000000	 15.000000	 -15.213266	 37.778946	 26.467991	 2
1462073506.047	 28.290354	 -1.000000	 15.000000	 -14.935774	 36.880188	 27.804073	 2
1462073506.069	 27.089560	 -1.000000	 15.000000	 -14.137985	 36.569077	 28.839537	 2
1462073506.091	 25.578533	 -1.000000	 15.000000	 -12.889269	 36.015991	 29.908403	 2
1462073506.109	 23.813969	 -1.000000	 15.000000	 -11.259001	 35.843155	 30.943869	 2
1462073506.133	 21.941221	 -1.000000	 15.000000	 -9.975597	 35.255493	 31.712116	 2
1462073506.151	 18.740814	 -1.000000	 15.000000	 -7.929098	 35.013519	 32.213150	 2
1462073506.169	 15.029962	 -1.000000	 15.000000	 -6.506949	 34.633270	 32.780983	 2
1462073506.189	 11.867929	 -1.000000	 15.000000	 -5.639789	 34.322144	 33.014801	 2
1462073506.217	 9.877274	 -1.000000	 15.000000	 -5.258237	 34.218430	 33.248611	 2
1462073506.228	 9.181507	 -1.000000	 15.000000	 -5.223551	 34.253006	 33.348824	 2
1462073506.248	 9.164416	 -1.000000	 15.000000	 -5.535727	 34.287567	 33.515831	 2
1462073506.277	 9.362959	 -1.000000	 15.000000	 -5.674472	 34.080154	 33.649437	 2
1462073506.289	 10.439019	 -1.000000	 15.000000	 -6.437574	 34.287567	 33.382221	 2
1462073506.310	 11.949186	 -1.000000	 15.000000	 -6.853812	 34.356705	 32.714180	 2
1462073506.337	 13.620767	 -1.000000	 15.000000	 -7.443485	 34.114716	 32.146347	 2
1462073506.350	 16.290401	 -1.000000	 15.000000	 -8.310648	 34.771515	 31.311293	 2
1462073506.370	 19.301664	 -1.000000	 15.000000	 -9.559364	 35.324600	 30.175621	 2
1462073506.391	 21.667316	 -1.000000	 15.000000	 -10.495901	 35.981384	 29.674591	 2
1462073506.410	 23.633081	 -1.000000	 15.000000	 -10.877457	 36.569046	 29.106756	 2
1462073506.430	 25.661585	 -1.000000	 15.000000	 -10.391844	 37.467834	 28.572321	 2
1462073506.456	 26.507690	 -1.000000	 15.000000	 -9.073755	 37.467834	 28.639124	 2
1462073506.472	 25.377823	 -1.000000	 15.000000	 -7.027248	 37.848099	 28.939743	 2
1462073506.491	 21.907681	 -1.000000	 15.000000	 -4.980744	 37.882660	 28.572321	 2
1462073506.515	 17.477587	 -1.000000	 15.000000	 -3.662656	 38.020935	 28.639124	 2
1462073506.542	 12.685385	 -1.000000	 15.000000	 -3.177046	 38.504883	 28.104692	 2
1462073506.560	 12.955978	 -1.000000	 15.000000	 -3.419852	 39.369095	 27.202835	 2
1462073506.583	 16.751593	 -1.000000	 15.000000	 -3.558600	 39.783905	 26.000360	 2
1462073506.606	 18.123646	 -1.000000	 15.000000	 -3.593287	 40.440720	 25.031700	 2
1462073506.621	 22.925390	 -1.000000	 15.000000	 -3.177049	 41.132080	 23.829224	 2
1462073506.641	 23.656866	 -1.000000	 15.000000	 -2.448631	 41.374054	 22.726955	 2
1462073506.664	 24.325287	 -1.000000	 15.000000	 -1.754902	 41.235779	 21.724892	 2
1462073506.682	 21.722864	 -1.000000	 15.000000	 -1.442722	 41.754303	 21.090252	 2
1462073506.705	 21.745256	 -1.000000	 15.000000	 -0.957112	 42.099991	 20.021381	 2
1462073506.724	 22.665661	 -1.000000	 15.000000	 -1.234606	 42.445679	 18.885708	 2
1462073506.744	 23.159357	 -1.000000	 15.000000	 -1.373350	 43.344452	 17.883646	 2
1462073506.766	 23.176390	 -1.000000	 15.000000	 -1.789587	 43.759262	 17.081997	 2
1462073506.784	 24.015854	 -1.000000	 15.000000	 -2.275198	 44.243240	 16.146736	 2
1462073506.813	 23.473799	 -1.000000	 15.000000	 -2.518002	 44.554352	 15.645702	 2
1462073506.827	 22.946232	 -1.000000	 15.000000	 -2.309880	 44.969177	 15.712509	 2
1462073506.843	 21.936874	 -1.000000	 15.000000	 -2.379256	 44.623489	 16.046528	 2
1462073506.873	 20.252399	 -1.000000	 15.000000	 -1.789587	 44.796326	 16.013130	 2
1462073506.885	 17.607666	 -1.000000	 15.000000	 -0.748992	 44.312363	 16.280346	 2
1462073506.904	 14.533008	 -1.000000	 15.000000	 0.673152	 44.070389	 16.714577	 2
1462073506.923	 12.798266	 -1.000000	 15.000000	 2.511537	 43.275314	 17.282410	 2
1462073506.944	 7.025241	 -1.000000	 15.000000	 5.321145	 42.895081	 17.649837	 2
1462073506.964	 1.565928	 -1.000000	 15.000000	 8.408246	 42.100021	 18.885712	 2
1462073506.984	 358.735870	 -1.000000	 15.000000	 11.391285	 41.201248	 19.420143	 2
1462073507.005	 350.690430	 -1.000000	 15.000000	 14.478386	 40.060486	 19.987978	 2
1462073507.024	 344.891418	 -1.000000	 15.000000	 17.738918	 39.023438	 19.987978	 2
1462073507.045	 342.090546	 -1.000000	 15.000000	 20.548527	 37.467865	 19.553749	 2
1462073507.065	 336.117828	 -1.000000	 15.000000	 23.184700	 35.601181	 18.217667	 2
1462073507.085	 331.775696	 -1.000000	 15.000000	 26.202425	 33.838196	 16.981792	 2
1462073507.106	 327.254639	 -1.000000	 15.000000	 29.289524	 31.383858	 15.211483	 2
1462073507.126	 322.616516	 -1.000000	 15.000000	 32.237877	 28.860374	 13.173950	 2
1462073507.146	 318.106354	 -1.000000	 15.000000	 35.290287	 26.509735	 11.303432	 2
1462073507.167	 311.995422	 -1.000000	 15.000000	 38.011574	 24.354080	 9.909943	 2
1462073507.186	 306.506866	 -1.000000	 15.000000	 40.266014	 21.761421	 7.137672	 2
1462073507.206	 303.203033	 -1.000000	 15.000000	 41.618675	 19.514465	 4.298603	 2
1462073507.227	 301.293579	 -1.000000	 15.000000	 42.971336	 17.267494	 0.925121	 2
1462073507.293	 297.977905	 -1.000000	 15.000000	 43.838425	 14.398277	 -2.247959	 2
1462073507.293	 295.523132	 -1.000000	 15.000000	 44.566788	 11.390793	 -5.087025	 2
1462073507.293	 292.888916	 -1.000000	 15.000000	 45.632862	 9.072456	 -6.986797	 2
1462073507.308	 290.815094	 -1.000000	 15.000000	 46.118431	 6.237816	 -9.191181	 2
1462073507.330	 288.797150	 -1.000000	 15.000000	 45.771595	 3.472305	 -10.994774	 2
1462073507.351	 287.142822	 -1.000000	 15.000000	 45.251343	 1.294472	 -13.232552	 2
1462073507.369	 285.820190	 -1.000000	 15.000000	 44.731087	 -0.952499	 -15.470337	 2
1462073507.389	 285.027832	 -1.000000	 15.000000	 43.343742	 -3.095764	 -17.607933	 2
1462073507.412	 284.388000	 -1.000000	 15.000000	 42.199177	 -4.927910	 -19.444916	 2
1462073507.429	 283.804840	 -1.000000	 15.000000	 41.366776	 -6.725494	 -20.981316	 2
1462073507.449	 283.112549	 -1.000000	 15.000000	 40.569046	 -8.903328	 -21.949905	 2
1462073507.470	 283.020264	 -1.000000	 15.000000	 39.563221	 -10.389793	 -22.718102	 2
1462073507.488	 283.046234	 -1.000000	 15.000000	 39.285751	 -11.703407	 -23.118904	 2
1462073507.508	 282.982300	 -1.000000	 15.000000	 39.008282	 -13.431847	 -23.386101	 2
1462073507.538	 282.813202	 -1.000000	 15.000000	 38.938915	 -14.676323	 -23.185707	 2
1462073507.567	 282.338867	 -1.000000	 15.000000	 38.834862	 -15.471405	 -22.818314	 2
1462073507.578	 282.712646	 -1.000000	 15.000000	 38.765495	 -16.439339	 -22.551109	 2
1462073507.599	 282.781189	 -1.000000	 15.000000	 38.488026	 -17.268982	 -22.617912	 2
1462073507.626	 283.029205	 -1.000000	 15.000000	 37.898407	 -17.303551	 -23.118912	 2
1462073507.639	 282.696991	 -1.000000	 15.000000	 36.927261	 -17.510963	 -24.054100	 2
1462073507.659	 282.616211	 -1.000000	 15.000000	 36.233589	 -17.649239	 -25.189697	 2
1462073507.686	 283.038757	 -1.000000	 15.000000	 36.371880	 -17.630203	 -26.123981	 2
1462073507.699	 282.997467	 -1.000000	 15.000000	 35.886292	 -17.768478	 -26.992336	 2
1462073507.720	 283.207184	 -1.000000	 15.000000	 35.539436	 -17.561066	 -27.259518	 2
1462073507.740	 283.020721	 -1.000000	 15.000000	 35.608810	 -17.491936	 -27.526707	 2
1462073507.760	 283.252838	 -1.000000	 15.000000	 35.331333	 -17.284523	 -27.927486	 2
1462073507.780	 283.094452	 -1.000000	 15.000000	 35.053856	 -16.938850	 -28.127872	 2
1462073507.805	 283.251282	 -1.000000	 15.000000	 35.053856	 -16.800575	 -28.461864	 2
1462073507.821	 283.544373	 -1.000000	 15.000000	 35.261963	 -16.662300	 -28.595463	 2
1462073507.841	 283.653229	 -1.000000	 15.000000	 35.331329	 -16.800575	 -28.461864	 2
1462073507.865	 283.451752	 -1.000000	 15.000000	 35.678181	 -16.869713	 -28.127872	 2
1462073507.881	 283.913757	 -1.000000	 10.000000	 35.951660	 -16.911049	 -27.909550	 2
1462073507.904	 284.130920	 -1.000000	 10.000000	 35.986343	 -16.738205	 -27.141392	 2
1462073507.926	 283.620392	 -1.000000	 10.000000	 36.021030	 -17.395004	 -26.707218	 2
1462073507.942	 284.263855	 -1.000000	 10.000000	 35.743546	 -17.464134	 -26.707218	 2
1462073507.964	 284.041351	 -1.000000	 10.000000	 35.847603	 -18.190079	 -26.607029	 2
1462073507.982	 283.906525	 -1.000000	 10.000000	 35.327324	 -18.293777	 -26.440037	 2
1462073508.003	 283.909119	 -1.000000	 10.000000	 35.570118	 -18.466621	 -26.740627	 2
1462073508.024	 284.229584	 -1.000000	 10.000000	 35.535435	 -18.155518	 -26.974415	 2
1462073508.045	 284.030884	 -1.000000	 10.000000	 35.466064	 -18.362923	 -26.774021	 2
1462073508.063	 284.166382	 -1.000000	 10.000000	 35.327324	 -17.671547	 -26.373241	 2
1462073508.084	 283.634247	 -1.000000	 10.000000	 35.986343	 -17.498695	 -25.939068	 2
1462073508.106	 283.397003	 -1.000000	 10.000000	 35.916973	 -17.844391	 -26.005863	 2
1462073508.135	 282.649292	 -1.000000	 10.000000	 36.021030	 -17.809822	 -25.905674	 2
1462073508.146	 282.407745	 -1.000000	 10.000000	 36.229137	 -17.602409	 -25.972469	 2
1462073508.167	 282.403778	 -1.000000	 10.000000	 36.194450	 -17.498695	 -26.206249	 2
1462073508.194	 282.617004	 -1.000000	 10.000000	 36.333191	 -17.498695	 -26.406643	 2
1462073508.208	 282.905518	 -1.000000	 10.000000	 36.367878	 -16.841896	 -25.972469	 2
1462073508.225	 283.248962	 -1.000000	 10.000000	 37.026897	 -16.530785	 -25.605091	 2
1462073508.254	 283.400238	 -1.000000	 10.000000	 36.992210	 -16.219666	 -25.504887	 2
1462073508.268	 282.916382	 -1.000000	 10.000000	 37.026897	 -16.254242	 -25.538280	 2
1462073508.286	 282.019989	 -1.000000	 10.000000	 36.922840	 -16.288811	 -25.371288	 2
1462073508.313	 280.841980	 -1.000000	 10.000000	 36.922840	 -16.911041	 -25.504887	 2
1462073508.329	 280.027527	 -1.000000	 10.000000	 36.229137	 -17.671547	 -25.705280	 2
1462073508.345	 279.299255	 -1.000000	 10.000000	 36.506618	 -18.501190	 -25.772076	 2
1462073508.373	 278.823486	 -1.000000	 10.000000	 36.437248	 -19.330826	 -25.905666	 2
1462073508.386	 278.706329	 -1.000000	 10.000000	 36.125080	 -19.918503	 -26.273045	 2
1462073508.407	 278.505096	 -1.000000	 10.000000	 36.055710	 -20.056778	 -26.339840	 2
1462073508.432	 277.447662	 -1.000000	 10.000000	 36.090393	 -20.644440	 -26.039249	 2
1462073508.456	 276.887299	 -1.000000	 10.000000	 35.535435	 -20.782707	 -25.838856	 2
1462073508.468	 276.056610	 -1.000000	 10.000000	 35.431381	 -21.093826	 -25.204288	 2
1462073508.492	 275.427368	 -1.000000	 10.000000	 35.327324	 -21.404945	 -24.703320	 2
1462073508.522	 274.457123	 -1.000000	 10.000000	 34.911102	 -22.165451	 -24.168949	 2
1462073508.528	 274.553741	 -1.000000	 10.000000	 34.807049	 -22.338287	 -24.269146	 2
1462073508.557	 274.510986	 -1.000000	 10.000000	 34.911102	 -22.787682	 -23.634586	 2
