% Compass data recorded with 'snsrlog'
% 
% 
% Label description:
% 	 0: Default Label
% 	 1: still_drop
% 	 2: walk_drop
% 	 3: other
% 	 4: dtw_same
% 	 5: dtw_diff
% 	 6: delete
% 	 7: steal
% 
% Column description:
% 	 1: Seconds.milliseconds since 1970
% 	 2: Magnetic heading in degrees starting at due north and continuing clockwise (e.g. east = 90) - negative values indicate invalid values
% 		 NOTE: True heading only provides valid values when GPS is activated at same time!
% 	 3: True heading in degrees starting at due north and continuing clockwise (e.g. east = 90) - negative values indicate invalid values
% 	 4: Error likelihood - negative values indicate invalid values
% 	 5: Geomagnetic data for the x-axis measured in microteslas
% 	 6: Geomagnetic data for the y-axis measured in microteslas
% 	 7: Geomagnetic data for the z-axis measured in microteslas
% 	 8: Label used for the current sample
% 
% 
1463629377.985	 248.263885	 -1.000000	 15.000000	 28.583199	 -20.267738	 -31.060760	 2
1463629378.005	 247.585876	 -1.000000	 15.000000	 28.539837	 -20.656677	 -30.991150	 2
1463629378.025	 246.940826	 -1.000000	 15.000000	 28.479130	 -20.993759	 -30.916016	 2
1463629378.046	 246.677643	 -1.000000	 15.000000	 27.854713	 -21.546906	 -31.183197	 2
1463629378.066	 246.394699	 -1.000000	 15.000000	 27.473129	 -21.719772	 -31.350220	 2
1463629378.085	 246.430069	 -1.000000	 15.000000	 27.264992	 -21.650620	 -31.684204	 2
1463629378.106	 244.306473	 -1.000000	 15.000000	 26.675266	 -21.062889	 -32.118408	 2
1463629378.126	 242.508667	 -1.000000	 15.000000	 25.981472	 -20.233154	 -33.053589	 2
1463629378.146	 243.416107	 -1.000000	 15.000000	 25.738644	 -19.230553	 -33.888611	 2
1463629378.166	 240.370865	 -1.000000	 15.000000	 25.808022	 -18.124229	 -34.489838	 2
1463629378.188	 241.200256	 -1.000000	 15.000000	 25.877403	 -17.087059	 -34.957458	 2
1463629378.207	 239.922241	 -1.000000	 15.000000	 26.120232	 -16.153595	 -35.124451	 2
1463629378.227	 240.305313	 -1.000000	 15.000000	 27.160919	 -15.323860	 -34.790466	 2
1463629378.249	 241.685120	 -1.000000	 15.000000	 28.305676	 -14.666992	 -33.955444	 2
1463629378.279	 242.389496	 -1.000000	 15.000000	 29.519814	 -14.148407	 -32.920044	 2
1463629378.288	 243.638016	 -1.000000	 15.000000	 31.219604	 -13.698975	 -31.283447	 2
1463629378.309	 244.494080	 -1.000000	 15.000000	 33.266293	 -13.871834	 -29.179199	 2
1463629378.338	 245.626068	 -1.000000	 15.000000	 34.862015	 -13.180389	 -26.974731	 2
1463629378.349	 246.859314	 -1.000000	 15.000000	 36.561806	 -12.108650	 -24.803711	 2
1463629378.368	 248.009689	 -1.000000	 15.000000	 38.088150	 -11.002327	 -22.866486	 2
1463629378.397	 249.777115	 -1.000000	 15.000000	 39.059460	 -8.858833	 -21.463684	 2
1463629378.408	 251.869263	 -1.000000	 15.000000	 40.100147	 -6.300476	 -20.328064	 2
1463629378.429	 253.793915	 -1.000000	 15.000000	 41.002079	 -3.949539	 -19.125641	 2
1463629378.457	 256.059021	 -1.000000	 15.000000	 41.730560	 -1.564041	 -17.956635	 2
1463629378.469	 258.419250	 -1.000000	 15.000000	 42.285595	 0.510300	 -16.219818	 2
1463629378.489	 260.009216	 -1.000000	 15.000000	 42.944698	 2.135193	 -14.315979	 2
1463629378.516	 261.802826	 -1.000000	 15.000000	 43.118145	 4.174973	 -12.078156	 2
1463629378.531	 263.727844	 -1.000000	 15.000000	 43.187527	 5.903595	 -9.272522	 2
1463629378.550	 266.704773	 -1.000000	 15.000000	 42.875317	 7.874222	 -5.698669	 2
1463629378.576	 271.272095	 -1.000000	 15.000000	 41.973385	 10.709152	 -2.091431	 2
1463629378.590	 277.080719	 -1.000000	 15.000000	 40.724560	 13.889816	 1.716217	 2
1463629378.610	 283.200562	 -1.000000	 15.000000	 38.781944	 16.517319	 4.722290	 2
1463629378.635	 289.978943	 -1.000000	 15.000000	 36.978081	 19.836288	 6.993530	 2
1463629378.650	 295.845978	 -1.000000	 15.000000	 34.827324	 22.602081	 8.663544	 2
1463629378.671	 300.365753	 -1.000000	 15.000000	 32.780640	 24.987579	 10.233368	 2
1463629378.695	 304.063141	 -1.000000	 15.000000	 30.387058	 26.750778	 11.201965	 2
1463629378.711	 307.788605	 -1.000000	 15.000000	 28.617886	 28.859695	 12.504578	 2
1463629378.731	 312.028839	 -1.000000	 15.000000	 26.328373	 30.450027	 14.308197	 2
1463629378.754	 316.132324	 -1.000000	 15.000000	 24.420444	 31.729202	 15.677597	 2
1463629378.772	 319.563568	 -1.000000	 15.000000	 23.171616	 32.420654	 16.746429	 2
1463629378.792	 322.473114	 -1.000000	 15.000000	 22.269684	 32.697235	 18.149231	 2
1463629378.816	 325.106720	 -1.000000	 15.000000	 21.922787	 32.420654	 19.017639	 2
1463629378.838	 324.722046	 -1.000000	 15.000000	 22.408440	 31.521774	 19.017639	 2
1463629378.864	 322.419556	 -1.000000	 15.000000	 23.240990	 30.622894	 19.218033	 2
1463629378.874	 320.823975	 -1.000000	 15.000000	 24.524509	 29.827728	 18.984238	 2
1463629378.895	 317.336395	 -1.000000	 15.000000	 26.397747	 28.997986	 18.115829	 2
1463629378.914	 312.974854	 -1.000000	 15.000000	 28.201607	 27.891663	 17.047012	 2
1463629378.934	 308.158203	 -1.000000	 15.000000	 30.005470	 26.370483	 16.445816	 2
1463629378.954	 303.049225	 -1.000000	 15.000000	 31.982780	 25.022156	 15.276794	 2
1463629378.978	 296.800995	 -1.000000	 15.000000	 33.231606	 23.915833	 14.942780	 2
1463629379.001	 294.220093	 -1.000000	 15.000000	 33.856018	 22.878662	 15.076401	 2
1463629379.013	 293.672272	 -1.000000	 15.000000	 34.168224	 22.636658	 15.310211	 2
1463629379.035	 293.907104	 -1.000000	 15.000000	 34.272293	 22.740372	 15.744415	 2
1463629379.054	 295.808746	 -1.000000	 15.000000	 33.509121	 23.362671	 16.946838	 2
1463629379.074	 298.072021	 -1.000000	 15.000000	 32.260296	 23.915833	 17.815247	 2
1463629379.096	 301.209351	 -1.000000	 15.000000	 30.733955	 25.229584	 18.616852	 2
1463629379.114	 305.176453	 -1.000000	 15.000000	 28.964783	 26.577911	 19.785873	 2
1463629379.134	 310.233948	 -1.000000	 15.000000	 26.675270	 28.168243	 20.854706	 2
1463629379.163	 315.580322	 -1.000000	 15.000000	 24.524513	 29.412842	 21.656311	 2
1463629379.175	 323.627655	 -1.000000	 15.000000	 22.859409	 30.519150	 21.990326	 2
1463629379.195	 325.692017	 -1.000000	 15.000000	 21.541203	 31.348892	 22.391129	 2
1463629379.216	 329.592468	 -1.000000	 15.000000	 20.639271	 32.386063	 22.257538	 2
1463629379.235	 335.438690	 -1.000000	 15.000000	 19.806721	 33.008362	 22.190735	 2
1463629379.279	 336.742584	 -1.000000	 15.000000	 19.459824	 33.354095	 21.656342	 2
1463629379.287	 338.885132	 -1.000000	 15.000000	 19.112930	 34.183838	 21.589539	 2
1463629379.317	 340.043335	 -1.000000	 15.000000	 19.286381	 34.633286	 21.355728	 2
1463629379.317	 340.456726	 -1.000000	 15.000000	 19.633276	 34.564133	 21.288925	 2
1463629379.337	 341.691895	 -1.000000	 15.000000	 20.778034	 34.114685	 20.787933	 2
1463629379.356	 340.980530	 -1.000000	 15.000000	 22.477821	 33.596100	 20.620941	 2
1463629379.376	 339.852295	 -1.000000	 15.000000	 24.246990	 32.870071	 20.053131	 2
1463629379.396	 337.862122	 -1.000000	 15.000000	 25.357059	 32.178619	 20.119934	 2
1463629379.426	 332.826721	 -1.000000	 15.000000	 25.391747	 31.798309	 20.687729	 2
1463629379.444	 331.846313	 -1.000000	 15.000000	 24.316368	 32.178604	 21.723160	 2
1463629379.466	 332.256561	 -1.000000	 15.000000	 22.616581	 32.835495	 22.424576	 2
1463629379.486	 336.748657	 -1.000000	 15.000000	 20.882101	 33.803513	 22.558167	 2
1463629379.506	 340.895447	 -1.000000	 15.000000	 19.321066	 34.736984	 22.123962	 2
1463629379.526	 342.375824	 -1.000000	 15.000000	 18.661964	 35.462997	 21.489349	 2
1463629379.546	 344.286224	 -1.000000	 15.000000	 18.488516	 36.258163	 20.587540	 2
1463629379.567	 346.428955	 -1.000000	 15.000000	 18.106930	 37.122482	 19.685730	 2
1463629379.587	 347.552124	 -1.000000	 15.000000	 17.586584	 38.055923	 19.451920	 2
1463629379.607	 347.362762	 -1.000000	 15.000000	 16.580587	 39.196823	 19.084503	 2
1463629379.629	 348.763489	 -1.000000	 15.000000	 15.054241	 40.441422	 18.416519	 2
1463629379.650	 350.084320	 -1.000000	 15.000000	 13.111624	 41.478592	 17.748505	 2
1463629379.669	 352.078979	 -1.000000	 15.000000	 10.822109	 42.377487	 17.013687	 2
1463629379.691	 354.469635	 -1.000000	 15.000000	 8.636663	 43.034363	 16.646271	 2
1463629379.719	 357.534119	 -1.000000	 15.000000	 6.000253	 43.794952	 16.312271	 2
1463629379.730	 0.540344	 -1.000000	 15.000000	 3.294464	 44.278961	 16.512680	 2
1463629379.749	 3.646992	 -1.000000	 15.000000	 0.623364	 44.659256	 16.612885	 2
1463629379.778	 6.824467	 -1.000000	 15.000000	 -1.874290	 44.797531	 17.548080	 2
1463629379.790	 9.223553	 -1.000000	 15.000000	 -4.129114	 44.762970	 18.316299	 2
1463629379.809	 10.669652	 -1.000000	 15.000000	 -4.961667	 43.933228	 19.785904	 2
1463629379.837	 10.894487	 -1.000000	 15.000000	 -5.135114	 43.138062	 21.422516	 2
1463629379.849	 9.717588	 -1.000000	 15.000000	 -5.065735	 42.100891	 23.426544	 2
1463629379.869	 7.948211	 -1.000000	 15.000000	 -5.377942	 41.305725	 24.662369	 2
1463629379.897	 7.446280	 -1.000000	 15.000000	 -6.488009	 40.406845	 25.731171	 2
1463629379.910	 9.540224	 -1.000000	 15.000000	 -8.326560	 40.164841	 26.566177	 2
1463629379.930	 13.828483	 -1.000000	 15.000000	 -10.754834	 39.611679	 27.234192	 2
1463629379.951	 19.199163	 -1.000000	 15.000000	 -13.460624	 38.989365	 27.902206	 2
1463629379.980	 23.886173	 -1.000000	 15.000000	 -15.680758	 37.744766	 28.837418	 2
1463629379.990	 27.065441	 -1.000000	 15.000000	 -17.345860	 36.292725	 30.106628	 2
1463629380.014	 31.641487	 -1.000000	 15.000000	 -19.392544	 34.736969	 30.874847	 2
1463629380.031	 35.486965	 -1.000000	 15.000000	 -21.612679	 33.492355	 31.142059	 2
1463629380.051	 38.426579	 -1.000000	 15.000000	 -23.728748	 32.282333	 30.641052	 2
1463629380.071	 41.700115	 -1.000000	 15.000000	 -26.157017	 31.452591	 30.307037	 2
1463629380.092	 47.226929	 -1.000000	 15.000000	 -28.550602	 30.726562	 29.204819	 2
1463629380.112	 54.802608	 -1.000000	 15.000000	 -30.597294	 30.207993	 28.102600	 2
1463629380.132	 61.769005	 -1.000000	 15.000000	 -31.880806	 29.758545	 27.334381	 2
1463629380.152	 66.483002	 -1.000000	 15.000000	 -33.545906	 29.896835	 26.265564	 2
1463629380.172	 68.854485	 -1.000000	 15.000000	 -34.378460	 30.104263	 24.528717	 2
1463629380.192	 71.355797	 -1.000000	 15.000000	 -35.106941	 30.968567	 22.958893	 2
1463629380.213	 73.941269	 -1.000000	 15.000000	 -35.592594	 31.590866	 21.890106	 2
1463629380.235	 77.092682	 -1.000000	 15.000000	 -36.529217	 32.178604	 20.787872	 2
1463629380.255	 77.121834	 -1.000000	 15.000000	 -36.043564	 32.870056	 20.320282	 2
1463629380.275	 75.283119	 -1.000000	 15.000000	 -36.008873	 33.803513	 20.487274	 2
1463629380.295	 75.388458	 -1.000000	 15.000000	 -35.800735	 34.494965	 20.687653	 2
1463629380.315	 75.942070	 -1.000000	 15.000000	 -35.211010	 34.875259	 20.721054	 2
1463629380.334	 75.276535	 -1.000000	 15.000000	 -34.343769	 35.739578	 20.821259	 2
1463629380.355	 74.117599	 -1.000000	 15.000000	 -33.788738	 36.016159	 21.088470	 2
1463629380.374	 73.599350	 -1.000000	 15.000000	 -33.164326	 36.569321	 20.954865	 2
1463629380.394	 73.138023	 -1.000000	 15.000000	 -33.233704	 36.638474	 20.487274	 2
1463629380.424	 72.423622	 -1.000000	 15.000000	 -33.094944	 37.399063	 20.086456	 2
1463629380.445	 73.810585	 -1.000000	 15.000000	 -32.643978	 37.571930	 19.919464	 2
1463629380.463	 74.869942	 -1.000000	 15.000000	 -32.054253	 38.920258	 19.418472	 2
1463629380.483	 75.114113	 -1.000000	 15.000000	 -31.187016	 39.853714	 19.184677	 2
1463629380.503	 69.248268	 -1.000000	 15.000000	 -29.452534	 41.167465	 19.184677	 2
1463629380.523	 63.627228	 -1.000000	 15.000000	 -27.856815	 42.204636	 18.984283	 2
1463629380.544	 62.977760	 -1.000000	 15.000000	 -26.365162	 43.691238	 18.216080	 2
1463629380.564	 55.742302	 -1.000000	 15.000000	 -25.497921	 44.348114	 17.447861	 2
1463629380.584	 52.236851	 -1.000000	 15.000000	 -23.832817	 44.970413	 16.846649	 2
1463629380.605	 51.656429	 -1.000000	 15.000000	 -22.722752	 45.523575	 16.445831	 2
1463629380.626	 48.178288	 -1.000000	 15.000000	 -21.786129	 46.318741	 16.145233	 2
1463629380.645	 45.821739	 -1.000000	 15.000000	 -20.641373	 46.699036	 15.777817	 2
1463629380.665	 44.975395	 -1.000000	 15.000000	 -19.253788	 47.597931	 15.644226	 2
1463629380.686	 39.778076	 -1.000000	 15.000000	 -18.525307	 48.254807	 15.276825	 2
1463629380.705	 36.711891	 -1.000000	 15.000000	 -17.796822	 49.119110	 14.709000	 2
1463629380.726	 36.331135	 -1.000000	 15.000000	 -17.345860	 49.706833	 14.074371	 2
1463629380.746	 33.231487	 -1.000000	 15.000000	 -17.449928	 50.294556	 13.172577	 2
1463629380.767	 31.982115	 -1.000000	 15.000000	 -17.380547	 50.225403	 12.504547	 2
1463629380.786	 32.387070	 -1.000000	 15.000000	 -17.727444	 50.640274	 11.702942	 2
1463629380.806	 30.870144	 -1.000000	 15.000000	 -17.692757	 50.467407	 11.268738	 2
1463629380.834	 30.492748	 -1.000000	 15.000000	 -17.449928	 50.363693	 11.569351	 2
1463629380.847	 28.475159	 -1.000000	 15.000000	 -16.582687	 50.190826	 12.805161	 2
1463629380.867	 25.767265	 -1.000000	 15.000000	 -15.160413	 50.225403	 14.575409	 2
1463629380.887	 22.511574	 -1.000000	 15.000000	 -13.634070	 49.879684	 16.913437	 2
1463629380.918	 19.136307	 -1.000000	 15.000000	 -12.350553	 49.637680	 19.552063	 2
1463629380.931	 16.229698	 -1.000000	 15.000000	 -11.413934	 48.842514	 22.057098	 2
1463629380.949	 14.785001	 -1.000000	 15.000000	 -11.171105	 48.047348	 24.562119	 2
1463629380.978	 15.362078	 -1.000000	 15.000000	 -11.899589	 46.837326	 26.131943	 2
1463629380.989	 17.676575	 -1.000000	 15.000000	 -10.988857	 44.386826	 29.297455	 2
1463629381.009	 20.715706	 -1.000000	 15.000000	 -12.168003	 43.349884	 30.901031	 2
1463629381.038	 24.278687	 -1.000000	 15.000000	 -13.208427	 42.520325	 32.170502	 2
1463629381.049	 26.523058	 -1.000000	 15.000000	 -13.659281	 40.964905	 33.339783	 2
1463629381.068	 28.167793	 -1.000000	 15.000000	 -14.526299	 39.824280	 35.043549	 2
1463629381.096	 29.074286	 -1.000000	 15.000000	 -14.560978	 38.752747	 36.146027	 2
1463629381.110	 29.141285	 -1.000000	 15.000000	 -14.387575	 37.404724	 37.382095	 2
1463629381.129	 29.184156	 -1.000000	 15.000000	 -13.693960	 36.229523	 38.183868	 2
1463629381.157	 28.849804	 -1.000000	 15.000000	 -13.520554	 36.125824	 38.551361	 2
1463629381.169	 27.203997	 -1.000000	 15.000000	 -12.896299	 35.780182	 38.952255	 2
1463629381.190	 25.770313	 -1.000000	 15.000000	 -12.792255	 35.953018	 38.918854	 2
1463629381.216	 25.314877	 -1.000000	 15.000000	 -12.896297	 36.264099	 38.618164	 2
1463629381.231	 26.222364	 -1.000000	 15.000000	 -14.144804	 36.748001	 38.016846	 2
1463629381.253	 27.652477	 -1.000000	 15.000000	 -15.219908	 37.335602	 37.315277	 2
1463629381.276	 30.057976	 -1.000000	 15.000000	 -16.745865	 38.510803	 35.979004	 2
1463629381.290	 32.873245	 -1.000000	 15.000000	 -18.063734	 39.478622	 34.976761	 2
1463629381.311	 35.843910	 -1.000000	 15.000000	 -19.034796	 40.100784	 34.241776	 2
1463629381.335	 37.593426	 -1.000000	 15.000000	 -19.173519	 40.722961	 33.506805	 2
1463629381.351	 37.223213	 -1.000000	 15.000000	 -19.312241	 41.345123	 33.039093	 2
1463629381.371	 36.591927	 -1.000000	 15.000000	 -18.618624	 41.552505	 33.373184	 2
1463629381.393	 36.183620	 -1.000000	 15.000000	 -17.855648	 41.759903	 33.573624	 2
1463629381.415	 35.463871	 -1.000000	 15.000000	 -17.092670	 42.243805	 33.506805	 2
1463629381.441	 33.344124	 -1.000000	 15.000000	 -15.948206	 42.416611	 34.341995	 2
1463629381.462	 30.429222	 -1.000000	 15.000000	 -15.219913	 41.967285	 35.043549	 2
1463629381.486	 28.839804	 -1.000000	 15.000000	 -14.734381	 41.345123	 35.110367	 2
1463629381.508	 28.061930	 -1.000000	 15.000000	 -14.491613	 40.550125	 35.811935	 2
1463629381.522	 28.071926	 -1.000000	 15.000000	 -14.387569	 40.100784	 35.978973	 2
1463629381.541	 29.448654	 -1.000000	 15.000000	 -14.769058	 39.997086	 35.477844	 2
1463629381.564	 30.085503	 -1.000000	 15.000000	 -14.838419	 40.619247	 34.943314	 2
1463629381.585	 29.860901	 -1.000000	 15.000000	 -14.560974	 41.517929	 34.275162	 2
1463629381.604	 29.587269	 -1.000000	 15.000000	 -14.526295	 42.935089	 33.039078	 2
1463629381.624	 30.344944	 -1.000000	 15.000000	 -14.560978	 44.144852	 31.936630	 2
1463629381.648	 28.293737	 -1.000000	 15.000000	 -14.873104	 45.008972	 30.900986	 2
1463629381.672	 27.597855	 -1.000000	 15.000000	 -15.219913	 45.838516	 30.099197	 2
1463629381.683	 28.376480	 -1.000000	 15.000000	 -15.878845	 46.426117	 28.996735	 2
1463629381.704	 28.654739	 -1.000000	 15.000000	 -16.607141	 46.668060	 28.228363	 2
1463629381.723	 29.567993	 -1.000000	 15.000000	 -17.162033	 47.082840	 27.426575	 2
1463629381.743	 30.217361	 -1.000000	 15.000000	 -17.474159	 47.670456	 26.725006	 2
1463629381.764	 30.389023	 -1.000000	 15.000000	 -17.439480	 48.050659	 26.223907	 2
1463629381.788	 30.051018	 -1.000000	 15.000000	 -17.647566	 48.534576	 25.689392	 2
1463629381.810	 30.206326	 -1.000000	 15.000000	 -17.647566	 49.087616	 25.154877	 2
1463629381.833	 28.455978	 -1.000000	 15.000000	 -17.820969	 49.329575	 24.787399	 2
1463629381.844	 27.554705	 -1.000000	 15.000000	 -18.202456	 49.571518	 24.419907	 2
1463629381.864	 28.038555	 -1.000000	 15.000000	 -18.687986	 49.640656	 23.684937	 2
1463629381.886	 27.137030	 -1.000000	 15.000000	 -18.965433	 49.709778	 23.618134	 2
1463629381.905	 26.698380	 -1.000000	 15.000000	 -19.034792	 49.640656	 23.818573	 2
1463629381.926	 26.261641	 -1.000000	 15.000000	 -18.722670	 49.329575	 24.586929	 2
1463629381.950	 24.450645	 -1.000000	 15.000000	 -17.543524	 48.914795	 25.388733	 2
1463629381.974	 22.287514	 -1.000000	 15.000000	 -16.156294	 48.154358	 27.059097	 2
1463629381.984	 20.683893	 -1.000000	 15.000000	 -14.456934	 47.359360	 29.431030	 2
1463629382.006	 17.728916	 -1.000000	 15.000000	 -12.826939	 45.942200	 31.736160	 2
1463629382.029	 16.713308	 -1.000000	 15.000000	 -11.821196	 44.732452	 34.041290	 2
1463629382.047	 15.555099	 -1.000000	 15.000000	 -11.786514	 43.177017	 36.480057	 2
1463629382.068	 15.784022	 -1.000000	 15.000000	 -12.272045	 42.070953	 38.150421	 2
1463629382.089	 17.521700	 -1.000000	 15.000000	 -13.035021	 41.034012	 39.019012	 2
1463629382.112	 19.418665	 -1.000000	 15.000000	 -13.173744	 40.273590	 39.954422	 2
1463629382.126	 20.123970	 -1.000000	 15.000000	 -12.306726	 39.202087	 40.589172	 2
1463629382.148	 19.194635	 -1.000000	 15.000000	 -10.780773	 38.718170	 41.257339	 2
1463629382.169	 16.964134	 -1.000000	 15.000000	 -9.046736	 37.957748	 41.858688	 2
1463629382.189	 13.385161	 -1.000000	 15.000000	 -7.035254	 37.335587	 42.593658	 2
1463629382.209	 10.332562	 -1.000000	 15.000000	 -5.960149	 36.955353	 42.894333	 2
1463629382.230	 8.494511	 -1.000000	 15.000000	 -5.613340	 36.886230	 42.961136	 2
1463629382.248	 7.617844	 -1.000000	 15.000000	 -5.543980	 36.609726	 43.094772	 2
1463629382.268	 7.584952	 -1.000000	 15.000000	 -5.613340	 36.471466	 42.760681	 2
1463629382.297	 7.714630	 -1.000000	 15.000000	 -6.029510	 36.402344	 42.560226	 2
1463629382.311	 8.566076	 -1.000000	 15.000000	 -6.896532	 36.851685	 41.925507	 2
1463629382.330	 9.969851	 -1.000000	 15.000000	 -7.832909	 37.577545	 41.223938	 2
1463629382.358	 12.299356	 -1.000000	 15.000000	 -9.220139	 38.337982	 39.887604	 2
1463629382.370	 14.965228	 -1.000000	 15.000000	 -10.503325	 39.686020	 38.985626	 2
1463629382.389	 17.317802	 -1.000000	 15.000000	 -11.578428	 40.204483	 38.417679	 2
1463629382.418	 18.651426	 -1.000000	 15.000000	 -11.821194	 40.722961	 38.384262	 2
1463629382.440	 18.480227	 -1.000000	 15.000000	 -11.127577	 40.861221	 38.317444	 2
1463629382.459	 17.827129	 -1.000000	 15.000000	 -9.913752	 40.550125	 39.019012	 2
1463629382.480	 16.618095	 -1.000000	 15.000000	 -8.249077	 40.066223	 39.687180	 2
1463629382.506	 14.294538	 -1.000000	 15.000000	 -7.243332	 39.893402	 39.653778	 2
1463629382.518	 11.462749	 -1.000000	 15.000000	 -6.549720	 39.409485	 40.188278	 2
1463629382.539	 9.070402	 -1.000000	 15.000000	 -6.341638	 38.718201	 40.589172	 2
1463629382.566	 8.556779	 -1.000000	 15.000000	 -6.306956	 38.268845	 40.889832	 2
1463629382.579	 8.999697	 -1.000000	 15.000000	 -7.104614	 37.335602	 41.390930	 2
1463629382.599	 9.040515	 -1.000000	 15.000000	 -7.451422	 36.782562	 42.259521	 2
1463629382.626	 9.189213	 -1.000000	 15.000000	 -7.694185	 36.678864	 42.092484	 2
1463629382.640	 11.861717	 -1.000000	 15.000000	 -7.936947	 36.851700	 41.858612	 2
1463629382.660	 12.568840	 -1.000000	 15.000000	 -8.006310	 37.681259	 41.524536	 2
1463629382.685	 13.150020	 -1.000000	 15.000000	 -7.624821	 38.960159	 40.488892	 2
1463629382.700	 12.233907	 -1.000000	 15.000000	 -7.104610	 40.169922	 39.185989	 2
1463629382.721	 11.725041	 -1.000000	 15.000000	 -7.000570	 41.034042	 38.217163	 2
1463629382.745	 12.366966	 -1.000000	 15.000000	 -7.347376	 42.416611	 37.281769	 2
1463629382.761	 12.648758	 -1.000000	 15.000000	 -8.040993	 43.038788	 35.878647	 2
1463629382.781	 13.688718	 -1.000000	 15.000000	 -8.769289	 43.349869	 35.043457	 2
1463629382.805	 14.714421	 -1.000000	 15.000000	 -9.740349	 43.902908	 34.174866	 2
1463629382.821	 16.282810	 -1.000000	 15.000000	 -10.433964	 44.525070	 33.239456	 2
1463629382.842	 17.068836	 -1.000000	 15.000000	 -10.676731	 44.559631	 32.270660	 2
1463629382.862	 17.531385	 -1.000000	 15.000000	 -10.676731	 45.043533	 31.535675	 2
1463629382.882	 18.025814	 -1.000000	 15.000000	 -11.058220	 45.631134	 31.034576	 2
1463629382.902	 18.080143	 -1.000000	 15.000000	 -11.439709	 46.080475	 30.199387	 2
1463629382.922	 17.944656	 -1.000000	 15.000000	 -11.717155	 46.495255	 29.330795	 2
1463629382.944	 18.586014	 -1.000000	 15.000000	 -12.514812	 46.875458	 29.030121	 2
1463629382.965	 18.826876	 -1.000000	 15.000000	 -13.312468	 46.702652	 29.130341	 2
1463629382.984	 19.076717	 -1.000000	 15.000000	 -13.381830	 46.633530	 28.796249	 2
1463629383.004	 19.216267	 -1.000000	 15.000000	 -13.485874	 46.322433	 29.030121	 2
1463629383.025	 18.645731	 -1.000000	 15.000000	 -12.792259	 45.700287	 29.497818	 2
1463629383.043	 17.429220	 -1.000000	 15.000000	 -11.925241	 45.181808	 30.667084	 2
1463629383.065	 16.178341	 -1.000000	 15.000000	 -10.676735	 44.836182	 32.070221	 2
1463629383.084	 14.052401	 -1.000000	 15.000000	 -9.740355	 43.902939	 33.974472	 2
1463629383.105	 12.677861	 -1.000000	 15.000000	 -8.977377	 42.727737	 35.845306	 2
1463629383.124	 12.852902	 -1.000000	 15.000000	 -9.532269	 41.137756	 37.849762	 2
1463629383.144	 13.433444	 -1.000000	 15.000000	 -10.607372	 39.582336	 38.885376	 2
1463629383.165	 15.401029	 -1.000000	 15.000000	 -12.133326	 37.992355	 39.486725	 2
1463629383.185	 16.350601	 -1.000000	 15.000000	 -13.451195	 36.609756	 40.088043	 2
1463629383.206	 19.762413	 -1.000000	 15.000000	 -14.040766	 35.399994	 40.923233	 2
1463629383.225	 20.731997	 -1.000000	 15.000000	 -13.520554	 34.743256	 41.691605	 2
1463629383.249	 19.588263	 -1.000000	 15.000000	 -11.994600	 33.568069	 42.760651	 2
1463629383.273	 16.838909	 -1.000000	 15.000000	 -10.399286	 32.876770	 43.495636	 2
1463629383.286	 13.508753	 -1.000000	 15.000000	 -8.665251	 32.461990	 44.163773	 2
1463629383.306	 12.581300	 -1.000000	 15.000000	 -7.936954	 32.427429	 44.397598	 2
1463629383.326	 8.984076	 -1.000000	 15.000000	 -7.069933	 32.392868	 44.163742	 2
1463629383.346	 7.917266	 -1.000000	 15.000000	 -7.104614	 32.911331	 43.796265	 2
1463629383.366	 8.109328	 -1.000000	 15.000000	 -7.278017	 33.498932	 43.428772	 2
1463629383.386	 8.690679	 -1.000000	 15.000000	 -8.214396	 33.948273	 42.660400	 2
1463629383.408	 9.844014	 -1.000000	 15.000000	 -8.838650	 34.639557	 41.925430	 2
1463629383.427	 11.184008	 -1.000000	 15.000000	 -10.191202	 35.641922	 41.023422	 2
1463629383.458	 14.165178	 -1.000000	 15.000000	 -11.162260	 36.955399	 39.820755	 2
1463629383.482	 16.608629	 -1.000000	 15.000000	 -12.306726	 38.234314	 38.718292	 2
1463629383.505	 18.394548	 -1.000000	 15.000000	 -13.208427	 39.132996	 37.983337	 2
1463629383.516	 19.437397	 -1.000000	 15.000000	 -13.520554	 39.513199	 37.148132	 2
1463629383.537	 20.345886	 -1.000000	 15.000000	 -13.451195	 39.858856	 37.148132	 2
1463629383.557	 22.527714	 -1.000000	 15.000000	 -13.104385	 39.582336	 37.415405	 2
1463629383.588	 22.014957	 -1.000000	 15.000000	 -11.751835	 39.409531	 37.983337	 2
1463629383.601	 19.540682	 -1.000000	 15.000000	 -10.260557	 39.029297	 38.551254	 2
1463629383.620	 16.502422	 -1.000000	 15.000000	 -9.185453	 38.718216	 39.186020	 2
1463629383.648	 14.232233	 -1.000000	 15.000000	 -8.942688	 38.407135	 39.419891	 2
1463629383.659	 12.584691	 -1.000000	 15.000000	 -8.595881	 37.784973	 39.687119	 2
1463629383.679	 12.285140	 -1.000000	 15.000000	 -9.254816	 37.128235	 39.653732	 2
1463629383.707	 12.460417	 -1.000000	 15.000000	 -9.844389	 37.024536	 39.553497	 2
1463629383.720	 13.408141	 -1.000000	 15.000000	 -10.121838	 37.231934	 39.353073	 2
1463629383.740	 15.063729	 -1.000000	 15.000000	 -9.983116	 37.231934	 39.018997	 2
1463629383.768	 16.663851	 -1.000000	 15.000000	 -10.052479	 38.268875	 38.551285	 2
1463629383.780	 15.971558	 -1.000000	 15.000000	 -9.705671	 38.960159	 37.749512	 2
1463629383.801	 16.395090	 -1.000000	 15.000000	 -9.601631	 39.962555	 36.847519	 2
1463629383.828	 16.397423	 -1.000000	 15.000000	 -9.636311	 41.103180	 35.945511	 2
1463629383.840	 15.803537	 -1.000000	 15.000000	 -9.913757	 42.001862	 35.143738	 2
1463629383.860	 16.253477	 -1.000000	 15.000000	 -10.468649	 42.554901	 34.074677	 2
1463629383.887	 16.769329	 -1.000000	 15.000000	 -10.850138	 43.073395	 33.439941	 2
1463629383.900	 18.047356	 -1.000000	 15.000000	 -11.266306	 43.626434	 32.304077	 2
1463629383.921	 19.267109	 -1.000000	 15.000000	 -11.925238	 43.660995	 31.335251	 2
1463629383.947	 19.973917	 -1.000000	 15.000000	 -12.306726	 43.972076	 30.366440	 2
1463629383.960	 21.000879	 -1.000000	 15.000000	 -12.480129	 44.283142	 29.197174	 2
1463629383.981	 21.577267	 -1.000000	 15.000000	 -12.930983	 44.663376	 28.228363	 2
1463629384.006	 22.216393	 -1.000000	 15.000000	 -13.451195	 45.181824	 27.526794	 2
1463629384.021	 21.966497	 -1.000000	 15.000000	 -14.110128	 45.354660	 27.025681	 2
1463629384.041	 21.948244	 -1.000000	 15.000000	 -14.352892	 45.942261	 26.524582	 2
1463629384.066	 21.686739	 -1.000000	 15.000000	 -14.040766	 46.045929	 26.758423	 2
1463629384.082	 21.221018	 -1.000000	 15.000000	 -13.936722	 46.011368	 26.992279	 2
1463629384.102	 20.629328	 -1.000000	 15.000000	 -13.520552	 45.458344	 27.660446	 2
1463629384.125	 19.615608	 -1.000000	 15.000000	 -12.410767	 44.974442	 28.529037	 2
1463629384.142	 18.020153	 -1.000000	 15.000000	 -11.439709	 43.868378	 29.932144	 2
1463629384.162	 16.523045	 -1.000000	 15.000000	 -10.642050	 42.589493	 31.769547	 2
1463629384.185	 15.478925	 -1.000000	 15.000000	 -9.636311	 41.172318	 33.874222	 2
1463629384.204	 13.723761	 -1.000000	 15.000000	 -9.358864	 39.444077	 36.212753	 2
1463629384.225	 13.028934	 -1.000000	 15.000000	 -9.462904	 38.026932	 37.849731	 2
1463629384.248	 13.409178	 -1.000000	 15.000000	 -9.670986	 36.644333	 39.186035	 2
1463629384.265	 13.705719	 -1.000000	 15.000000	 -10.329920	 35.849335	 40.154861	 2
1463629384.286	 16.358194	 -1.000000	 15.000000	 -10.538002	 34.812393	 40.689362	 2
1463629384.305	 15.770037	 -1.000000	 15.000000	 -9.566942	 33.637207	 41.557953	 2
1463629384.325	 14.622560	 -1.000000	 15.000000	 -8.145033	 32.565704	 42.393143	 2
1463629384.346	 10.115418	 -1.000000	 15.000000	 -6.931208	 31.425064	 43.161530	 2
1463629384.365	 6.408642	 -1.000000	 15.000000	 -5.925468	 30.215286	 43.529007	 2
1463629384.389	 5.230513	 -1.000000	 15.000000	 -4.989090	 29.765961	 43.963303	 2
1463629384.411	 3.151492	 -1.000000	 15.000000	 -4.815683	 30.007919	 43.729477	 2
1463629384.434	 3.208271	 -1.000000	 15.000000	 -5.093128	 30.768341	 43.595856	 2
1463629384.458	 4.081533	 -1.000000	 15.000000	 -5.439936	 31.667023	 43.395386	 2
1463629384.482	 4.974560	 -1.000000	 15.000000	 -6.306953	 32.462021	 42.894287	 2
1463629384.505	 6.296378	 -1.000000	 15.000000	 -7.624821	 33.153305	 42.159317	 2
1463629384.514	 8.404106	 -1.000000	 15.000000	 -8.977371	 34.155685	 40.923233	 2
1463629384.535	 10.874613	 -1.000000	 15.000000	 -10.329922	 34.674149	 39.820770	 2
1463629384.556	 13.743582	 -1.000000	 15.000000	 -12.376085	 34.985245	 39.119202	 2
1463629384.575	 15.968560	 -1.000000	 15.000000	 -13.173744	 35.227203	 38.684906	 2
1463629384.596	 17.614145	 -1.000000	 15.000000	 -13.347149	 35.607422	 38.317429	 2
1463629384.621	 18.870436	 -1.000000	 15.000000	 -12.896299	 35.365448	 38.484482	 2
1463629384.635	 18.827951	 -1.000000	 15.000000	 -12.098644	 35.261765	 38.851974	 2
1463629384.656	 18.035280	 -1.000000	 15.000000	 -10.503328	 35.192627	 38.718353	 2
1463629384.677	 15.833569	 -1.000000	 15.000000	 -9.324183	 35.192627	 39.119232	 2
1463629384.696	 12.338305	 -1.000000	 15.000000	 -8.630568	 34.846985	 39.453308	 2
1463629384.717	 11.584694	 -1.000000	 15.000000	 -8.318439	 34.743286	 39.753983	 2
1463629384.736	 10.935083	 -1.000000	 15.000000	 -8.734610	 34.328522	 39.820801	 2
1463629384.757	 10.411517	 -1.000000	 15.000000	 -8.942696	 33.706345	 40.221695	 2
1463629384.777	 10.599585	 -1.000000	 15.000000	 -9.740351	 33.326126	 40.321899	 2
1463629384.796	 11.988032	 -1.000000	 15.000000	 -10.329922	 33.084183	 40.221695	 2
1463629384.817	 14.081323	 -1.000000	 15.000000	 -10.884813	 33.360703	 39.820801	 2
1463629384.837	 15.506270	 -1.000000	 15.000000	 -10.954176	 33.844604	 39.085831	 2
1463629384.857	 16.787144	 -1.000000	 15.000000	 -11.196938	 35.261765	 37.782944	 2
1463629384.879	 17.194986	 -1.000000	 15.000000	 -10.850130	 36.782608	 36.513458	 2
1463629384.901	 17.800596	 -1.000000	 15.000000	 -11.092896	 38.199768	 35.210571	 2
1463629384.920	 17.759501	 -1.000000	 15.000000	 -11.058216	 39.133026	 34.108109	 2
1463629384.940	 18.482611	 -1.000000	 15.000000	 -11.613110	 40.239090	 33.306320	 2
1463629384.968	 19.172358	 -1.000000	 15.000000	 -12.480129	 40.342789	 32.537949	 2
1463629384.981	 20.785452	 -1.000000	 15.000000	 -13.243107	 40.481049	 31.669357	 2
1463629385.000	 21.590338	 -1.000000	 15.000000	 -13.798000	 40.895828	 31.001190	 2
1463629385.028	 22.972658	 -1.000000	 15.000000	 -14.595661	 41.068665	 30.366440	 2
1463629385.039	 23.971914	 -1.000000	 15.000000	 -14.907789	 41.034103	 29.531250	 2
1463629385.060	 23.978649	 -1.000000	 15.000000	 -15.011831	 41.967361	 28.963318	 2
1463629385.087	 24.683601	 -1.000000	 15.000000	 -15.636086	 42.382141	 28.094711	 2
1463629385.100	 24.449184	 -1.000000	 15.000000	 -16.086935	 42.624084	 27.259537	 2
1463629385.120	 24.914068	 -1.000000	 15.000000	 -16.607143	 42.935181	 26.424347	 2
1463629385.147	 25.403643	 -1.000000	 15.000000	 -16.988632	 43.107986	 25.990051	 2
1463629385.160	 26.045490	 -1.000000	 15.000000	 -17.404802	 42.693222	 25.789581	 2
1463629385.180	 25.863497	 -1.000000	 15.000000	 -16.953953	 42.243881	 26.290695	 2
1463629385.206	 24.781328	 -1.000000	 15.000000	 -15.913528	 41.967361	 27.426559	 2
1463629385.221	 23.254696	 -1.000000	 15.000000	 -14.699701	 41.172363	 28.863068	 2
1463629385.241	 22.110598	 -1.000000	 15.000000	 -13.820651	 39.490158	 30.873489	 2
1463629385.266	 20.568218	 -1.000000	 15.000000	 -12.190536	 38.142303	 33.244980	 2
1463629385.281	 18.552517	 -1.000000	 15.000000	 -11.600921	 36.725311	 35.215652	 2
1463629385.302	 18.390146	 -1.000000	 15.000000	 -12.259904	 35.031830	 36.651917	 2
1463629385.325	 18.551830	 -1.000000	 15.000000	 -12.814836	 33.580276	 38.121582	 2
1463629385.342	 20.173088	 -1.000000	 15.000000	 -13.300405	 32.889084	 38.589188	 2
1463629385.362	 22.014803	 -1.000000	 15.000000	 -13.785968	 32.128723	 38.923218	 2
1463629385.385	 21.867867	 -1.000000	 15.000000	 -13.439134	 31.437531	 39.591248	 2
1463629385.403	 20.498230	 -1.000000	 15.000000	 -12.121167	 30.538925	 40.593292	 2
1463629385.423	 18.044506	 -1.000000	 15.000000	 -10.941937	 30.469818	 41.194534	 2
1463629385.443	 14.728844	 -1.000000	 15.000000	 -9.762702	 29.985947	 41.662140	 2
1463629385.465	 13.513963	 -1.000000	 15.000000	 -8.791568	 29.294739	 42.062973	 2
1463629385.486	 9.814049	 -1.000000	 15.000000	 -8.236636	 29.087387	 42.196564	 2
1463629385.505	 8.699697	 -1.000000	 15.000000	 -7.959168	 29.156525	 42.062973	 2
1463629385.525	 8.464502	 -1.000000	 15.000000	 -7.577651	 29.121933	 41.628754	 2
1463629385.546	 7.646538	 -1.000000	 15.000000	 -7.612338	 29.709503	 41.261322	 2
1463629385.572	 8.055090	 -1.000000	 15.000000	 -8.201957	 30.435272	 40.760330	 2
1463629385.585	 8.907833	 -1.000000	 15.000000	 -8.930305	 31.230164	 40.058884	 2
1463629385.605	 11.992940	 -1.000000	 15.000000	 -10.491057	 32.232437	 38.956635	 2
1463629385.624	 14.851432	 -1.000000	 15.000000	 -11.566239	 32.958221	 38.121597	 2
1463629385.645	 15.810503	 -1.000000	 15.000000	 -12.259904	 33.165573	 37.520370	 2
1463629385.666	 19.056459	 -1.000000	 15.000000	 -12.329268	 33.718552	 37.052765	 2
1463629385.686	 18.223692	 -1.000000	 15.000000	 -11.739652	 34.167847	 37.019363	 2
1463629385.706	 17.266668	 -1.000000	 15.000000	 -10.144217	 34.167847	 37.219757	 2
1463629385.733	 14.688319	 -1.000000	 15.000000	 -8.999669	 34.133301	 37.386749	 2
1463629385.746	 12.910934	 -1.000000	 15.000000	 -7.716388	 34.306091	 37.486938	 2
1463629385.766	 12.018318	 -1.000000	 15.000000	 -6.710570	 34.271545	 37.787567	 2
1463629385.786	 9.670992	 -1.000000	 15.000000	 -6.190322	 34.029617	 37.687378	 2
1463629385.807	 8.504935	 -1.000000	 15.000000	 -6.225006	 33.718567	 37.854370	 2
1463629385.828	 8.630880	 -1.000000	 15.000000	 -7.126770	 33.303833	 38.121582	 2
1463629385.846	 8.330466	 -1.000000	 15.000000	 -8.063220	 32.578064	 38.488998	 2
1463629385.874	 9.565248	 -1.000000	 15.000000	 -9.277139	 31.714035	 38.655991	 2
1463629385.887	 10.174145	 -1.000000	 15.000000	 -10.421687	 31.472122	 38.822998	 2
1463629385.907	 16.107645	 -1.000000	 15.000000	 -11.392823	 31.610367	 38.555771	 2
1463629385.927	 18.040222	 -1.000000	 15.000000	 -11.774337	 32.128769	 37.520309	 2
1463629385.948	 19.187801	 -1.000000	 15.000000	 -12.155854	 32.992783	 36.351288	 2
1463629385.968	 19.726028	 -1.000000	 15.000000	 -12.225221	 34.236984	 35.349228	 2
1463629385.988	 20.013214	 -1.000000	 15.000000	 -11.947753	 35.342941	 34.480804	 2
1463629386.008	 20.365602	 -1.000000	 15.000000	 -11.739652	 36.172394	 33.679153	 2
1463629386.036	 19.125908	 -1.000000	 15.000000	 -11.150039	 37.036423	 33.378555	 2
1463629386.051	 19.073528	 -1.000000	 15.000000	 -11.115352	 37.693085	 33.144714	 2
1463629386.079	 18.608397	 -1.000000	 15.000000	 -10.941934	 38.211487	 32.777313	 2
1463629386.091	 19.082115	 -1.000000	 15.000000	 -11.323449	 38.591644	 32.142685	 2
1463629386.110	 19.119816	 -1.000000	 15.000000	 -10.941934	 39.110077	 31.708466	 2
1463629386.138	 19.329590	 -1.000000	 15.000000	 -11.254081	 39.490234	 31.407852	 2
1463629386.153	 19.153185	 -1.000000	 15.000000	 -11.323449	 39.697601	 31.140625	 2
1463629386.177	 18.841896	 -1.000000	 15.000000	 -11.288766	 40.077774	 30.372391	 2
1463629386.198	 18.221457	 -1.000000	 15.000000	 -11.045983	 40.388824	 29.737762	 2
1463629386.210	 18.382689	 -1.000000	 15.000000	 -11.739648	 40.250580	 28.936127	 2
1463629386.230	 18.541563	 -1.000000	 15.000000	 -12.051799	 40.354248	 28.568710	 2
1463629386.258	 18.731487	 -1.000000	 15.000000	 -12.017116	 40.527069	 27.934097	 2
1463629386.270	 18.535849	 -1.000000	 15.000000	 -11.566234	 40.354248	 28.167908	 2
1463629386.292	 18.181675	 -1.000000	 15.000000	 -11.115352	 39.974091	 28.735733	 2
1463629386.317	 16.933691	 -1.000000	 15.000000	 -10.005486	 39.766724	 29.804581	 2
1463629386.338	 15.019958	 -1.000000	 15.000000	 -8.444737	 38.695343	 30.973633	 2
1463629386.351	 13.308365	 -1.000000	 15.000000	 -7.438922	 37.762207	 32.543488	 2
1463629386.377	 12.149740	 -1.000000	 15.000000	 -7.057405	 36.759933	 33.779327	 2
1463629386.391	 11.600786	 -1.000000	 15.000000	 -7.092087	 35.481201	 34.948380	 2
1463629386.412	 11.337890	 -1.000000	 15.000000	 -7.126770	 34.617172	 35.716629	 2
1463629386.436	 11.857440	 -1.000000	 15.000000	 -7.716388	 34.167877	 36.150833	 2
1463629386.452	 12.347129	 -1.000000	 15.000000	 -7.612338	 33.303864	 36.518250	 2
1463629386.482	 12.445003	 -1.000000	 15.000000	 -7.369554	 32.578094	 37.286484	 2
1463629386.507	 11.582512	 -1.000000	 15.000000	 -7.022721	 31.817749	 38.021301	 2
1463629386.525	 11.046658	 -1.000000	 15.000000	 -6.675888	 31.126526	 38.622513	 2
1463629386.547	 9.033813	 -1.000000	 15.000000	 -6.051587	 30.227936	 39.290558	 2
1463629386.570	 7.408854	 -1.000000	 15.000000	 -5.808803	 29.847763	 39.791565	 2
1463629386.585	 7.046978	 -1.000000	 15.000000	 -5.704754	 29.605835	 39.891769	 2
1463629386.603	 4.709935	 -1.000000	 15.000000	 -5.531339	 29.433044	 39.991959	 2
1463629386.623	 4.262004	 -1.000000	 15.000000	 -5.878172	 29.502151	 40.192383	 2
1463629386.642	 5.269213	 -1.000000	 15.000000	 -6.814623	 29.605835	 39.824966	 2
1463629386.663	 6.187641	 -1.000000	 15.000000	 -8.063220	 29.882339	 39.357346	 2
1463629386.686	 9.136177	 -1.000000	 15.000000	 -9.450555	 30.020584	 38.756119	 2
1463629386.710	 12.171325	 -1.000000	 15.000000	 -10.629785	 30.988281	 37.420074	 2
1463629386.733	 13.896784	 -1.000000	 15.000000	 -11.982436	 31.990555	 36.251022	 2
1463629386.745	 17.804724	 -1.000000	 15.000000	 -12.572051	 32.647217	 35.416000	 2
1463629386.764	 19.943670	 -1.000000	 15.000000	 -13.022933	 33.096497	 35.048569	 2
1463629386.785	 20.386147	 -1.000000	 15.000000	 -12.884200	 33.303864	 34.647766	 2
1463629386.805	 21.033035	 -1.000000	 15.000000	 -13.022933	 32.958252	 35.048569	 2
1463629386.825	 19.626354	 -1.000000	 15.000000	 -12.329267	 32.336166	 35.382599	 2
1463629386.845	 18.807964	 -1.000000	 15.000000	 -11.670283	 32.094238	 36.017227	 2
1463629386.865	 17.456713	 -1.000000	 15.000000	 -10.733834	 31.852310	 35.983841	 2
1463629386.886	 15.992988	 -1.000000	 15.000000	 -10.144217	 32.301605	 36.150833	 2
1463629386.905	 15.522346	 -1.000000	 15.000000	 -9.450555	 32.785477	 36.217621	 2
1463629386.926	 13.629913	 -1.000000	 15.000000	 -9.069037	 33.027405	 36.251022	 2
1463629386.945	 13.847437	 -1.000000	 15.000000	 -9.242457	 33.131073	 35.950439	 2
1463629386.966	 14.407050	 -1.000000	 15.000000	 -9.866755	 33.614929	 35.750046	 2
1463629386.986	 15.082386	 -1.000000	 15.000000	 -10.040172	 33.787720	 35.315826	 2
1463629387.006	 16.677811	 -1.000000	 15.000000	 -10.005486	 34.029633	 35.148834	 2
1463629387.026	 16.899319	 -1.000000	 15.000000	 -9.554603	 34.548065	 34.848206	 2
1463629387.046	 16.893559	 -1.000000	 15.000000	 -8.930303	 35.239288	 34.447403	 2
1463629387.067	 15.332524	 -1.000000	 15.000000	 -7.785754	 35.550339	 34.079987	 2
1463629387.087	 14.577689	 -1.000000	 15.000000	 -6.710574	 35.792267	 34.046585	 2
1463629387.116	 11.467813	 -1.000000	 15.000000	 -5.600708	 36.276108	 33.445374	 2
1463629387.127	 10.432473	 -1.000000	 15.000000	 -5.288557	 36.794525	 32.543533	 2
1463629387.147	 10.044421	 -1.000000	 15.000000	 -4.317424	 37.347504	 31.741913	 2
1463629387.167	 8.606637	 -1.000000	 15.000000	 -3.485022	 37.693115	 31.341095	 2
1463629387.187	 8.128395	 -1.000000	 15.000000	 -3.207555	 38.453445	 30.539459	 2
1463629387.208	 7.941190	 -1.000000	 15.000000	 -2.583258	 39.006424	 29.804626	 2
1463629387.228	 6.490416	 -1.000000	 15.000000	 -1.473392	 39.213791	 29.403809	 2
1463629387.249	 6.137812	 -1.000000	 15.000000	 -1.126561	 39.490265	 29.136597	 2
1463629387.271	 4.872785	 -1.000000	 15.000000	 -0.363529	 40.043243	 28.735779	 2
1463629387.290	 3.221281	 -1.000000	 15.000000	 0.989121	 40.077805	 28.301575	 2
1463629387.311	 1.612920	 -1.000000	 15.000000	 2.029621	 39.939590	 27.967545	 2
1463629387.339	 359.936707	 -1.000000	 15.000000	 3.174170	 40.181503	 27.733734	 2
1463629387.351	 358.133270	 -1.000000	 15.000000	 4.422771	 40.457977	 27.399704	 2
1463629387.370	 356.062622	 -1.000000	 15.000000	 5.844788	 40.492538	 26.765106	 2
1463629387.397	 353.840759	 -1.000000	 15.000000	 7.301486	 40.285187	 26.631500	 2
1463629387.409	 351.706757	 -1.000000	 15.000000	 8.931601	 40.250641	 26.664902	 2
1463629387.430	 349.686127	 -1.000000	 15.000000	 10.353617	 39.593979	 26.898712	 2
1463629387.457	 346.835052	 -1.000000	 15.000000	 12.365248	 38.695404	 26.765121	 2
1463629387.479	 344.367401	 -1.000000	 15.000000	 13.787260	 37.969635	 26.932144	 2
1463629387.500	 342.319672	 -1.000000	 15.000000	 15.139908	 37.589462	 27.032349	 2
1463629387.520	 340.064575	 -1.000000	 15.000000	 16.457874	 37.174728	 26.497940	 2
1463629387.547	 338.653564	 -1.000000	 15.000000	 17.949257	 36.932800	 25.796509	 2
1463629387.560	 336.760101	 -1.000000	 15.000000	 19.301907	 36.829117	 25.562698	 2
1463629387.580	 335.332397	 -1.000000	 15.000000	 20.758606	 36.690857	 24.827866	 2
1463629387.606	 334.243713	 -1.000000	 15.000000	 22.041889	 36.379807	 24.059647	 2
1463629387.620	 332.028595	 -1.000000	 15.000000	 23.567955	 35.826843	 23.258011	 2
1463629387.641	 329.695251	 -1.000000	 15.000000	 25.128704	 35.031937	 22.556564	 2
1463629387.666	 327.968201	 -1.000000	 15.000000	 26.689453	 34.306152	 21.587952	 2
1463629387.681	 324.717712	 -1.000000	 15.000000	 28.180836	 33.234787	 21.086929	 2
1463629387.701	 321.427856	 -1.000000	 15.000000	 29.949684	 32.094269	 20.185120	 2
1463629387.725	 318.759338	 -1.000000	 15.000000	 31.891949	 30.573608	 19.717499	 2
1463629387.742	 313.954803	 -1.000000	 15.000000	 33.834213	 29.329407	 19.049484	 2
1463629387.762	 309.924042	 -1.000000	 15.000000	 35.464329	 27.497681	 18.682068	 2
1463629387.785	 307.398590	 -1.000000	 15.000000	 37.510647	 26.011566	 18.314651	 2
1463629387.802	 302.441528	 -1.000000	 15.000000	 39.522278	 24.007034	 17.579834	 2
1463629387.822	 298.823334	 -1.000000	 15.000000	 41.048344	 22.002502	 16.978622	 2
1463629387.842	 295.036133	 -1.000000	 15.000000	 42.296947	 19.168518	 16.711395	 2
1463629387.863	 292.050262	 -1.000000	 15.000000	 43.996426	 16.438217	 16.143555	 2
1463629387.885	 286.706451	 -1.000000	 15.000000	 45.383759	 13.327759	 15.208328	 2
1463629387.905	 282.456573	 -1.000000	 15.000000	 46.528309	 10.320969	 14.774109	 2
1463629387.925	 279.516998	 -1.000000	 15.000000	 47.430073	 7.417847	 14.039276	 2
1463629387.946	 274.635010	 -1.000000	 15.000000	 48.227787	 4.687546	 12.669846	 2
1463629387.966	 270.550171	 -1.000000	 15.000000	 49.025505	 1.888107	 10.765961	 2
1463629387.986	 267.692902	 -1.000000	 15.000000	 49.788536	 -0.531143	 8.828674	 2
1463629388.008	 261.220184	 -1.000000	 15.000000	 50.076103	 -2.824310	 6.974457	 2
1463629388.023	 257.606018	 -1.000000	 15.000000	 50.388214	 -5.485474	 4.402496	 2
1463629388.044	 255.035141	 -1.000000	 15.000000	 50.665642	 -7.490005	 1.596710	 2
1463629388.064	 253.123871	 -1.000000	 15.000000	 50.596291	 -9.356285	 -0.875092	 2
1463629388.084	 251.499985	 -1.000000	 15.000000	 50.353539	 -11.464485	 -3.380249	 2
1463629388.104	 249.926819	 -1.000000	 15.000000	 50.249496	 -13.088844	 -5.351013	 2
1463629388.126	 249.978317	 -1.000000	 15.000000	 49.937393	 -14.920563	 -6.987732	 2
1463629388.149	 249.695297	 -1.000000	 15.000000	 49.451889	 -16.302971	 -8.390594	 2
1463629388.165	 248.723236	 -1.000000	 15.000000	 48.619598	 -17.547157	 -9.793488	 2
1463629388.186	 249.235077	 -1.000000	 15.000000	 47.648590	 -18.722221	 -10.661926	 2
1463629388.205	 249.508728	 -1.000000	 10.000000	 46.968082	 -19.673141	 -11.819092	 2
1463629388.225	 249.190811	 -1.000000	 10.000000	 46.031746	 -20.122437	 -13.388916	 2
1463629388.246	 249.807968	 -1.000000	 10.000000	 45.303490	 -21.193855	 -14.758331	 2
1463629388.266	 249.919281	 -1.000000	 10.000000	 44.436516	 -22.127007	 -16.127777	 2
1463629388.286	 249.709122	 -1.000000	 10.000000	 43.465508	 -22.610863	 -17.864594	 2
1463629388.307	 250.724701	 -1.000000	 10.000000	 42.425140	 -22.749107	 -19.200623	 2
1463629388.325	 251.274323	 -1.000000	 10.000000	 42.113029	 -23.129280	 -20.102417	 2
1463629388.347	 251.273254	 -1.000000	 10.000000	 41.523491	 -23.302094	 -20.737030	 2
1463629388.366	 252.431778	 -1.000000	 10.000000	 41.211380	 -23.267540	 -21.171234	 2
1463629388.389	 252.383102	 -1.000000	 10.000000	 41.315414	 -23.785965	 -21.271423	 2
1463629388.407	 252.970764	 -1.000000	 10.000000	 41.176701	 -24.338951	 -21.137817	 2
1463629388.428	 253.255005	 -1.000000	 10.000000	 40.829910	 -24.684570	 -21.071014	 2
1463629388.448	 253.574142	 -1.000000	 10.000000	 40.725868	 -24.995613	 -21.104431	 2
1463629388.479	 253.833374	 -1.000000	 10.000000	 40.587151	 -25.410355	 -21.371643	 2
1463629388.491	 254.065491	 -1.000000	 10.000000	 40.136326	 -25.583160	 -21.605438	 2
1463629388.512	 254.410141	 -1.000000	 10.000000	 39.962933	 -25.617722	 -22.039642	 2
1463629388.539	 254.878159	 -1.000000	 10.000000	 39.650818	 -25.444916	 -22.473846	 2
1463629388.550	 255.701675	 -1.000000	 10.000000	 39.858894	 -25.030174	 -22.741058	 2
1463629388.570	 256.377411	 -1.000000	 10.000000	 39.893574	 -24.650017	 -22.640869	 2
1463629388.598	 257.469971	 -1.000000	 10.000000	 40.205688	 -24.062462	 -23.208679	 2
1463629388.611	 257.957825	 -1.000000	 10.000000	 40.517796	 -23.544037	 -23.442474	 2
1463629388.631	 258.309662	 -1.000000	 10.000000	 40.760548	 -23.232979	 -23.743042	 2
1463629388.657	 258.902100	 -1.000000	 10.000000	 40.691189	 -22.818237	 -23.676239	 2
1463629388.671	 259.548492	 -1.000000	 10.000000	 40.587154	 -22.921921	 -23.442474	 2
1463629388.691	 260.371552	 -1.000000	 10.000000	 40.656509	 -22.783669	 -22.974854	 2
1463629388.718	 261.120911	 -1.000000	 10.000000	 40.448433	 -22.645424	 -23.175262	 2
1463629388.737	 260.948730	 -1.000000	 10.000000	 40.344398	 -22.679977	 -22.874664	 2
1463629388.757	 260.128265	 -1.000000	 10.000000	 40.344398	 -22.956482	 -22.941467	 2
1463629388.776	 259.435608	 -1.000000	 10.000000	 40.379082	 -22.852798	 -23.242035	 2
1463629388.792	 258.746979	 -1.000000	 10.000000	 39.997612	 -22.887360	 -23.475861	 2
