% Accelerometer data recorded with 'snsrlog'
% 
% Sampling frequency: 100 Hz
% 
% Label description:
% 	 0: Default Label
% 	 1: still_drop
% 	 2: walk_drop
% 	 3: other
% 	 4: dtw_same
% 	 5: dtw_diff
% 	 6: delete
% 
% Column description:
% 	 1: Seconds.milliseconds since 1970
% 	 2: Number of skipped measurements
% 	 3: Acceleration value in x-direction
% 	 4: Acceleration value in y-direction
% 	 5: Acceleration value in z-direction
% 	 6: Label used for the current sample
% 
% 
1462172438.928	 0	 0.156158	 -0.088181	 -0.963821	 5
1462172438.938	 0	 0.160950	 -0.092972	 -0.951920	 5
1462172438.948	 0	 0.161163	 -0.096909	 -0.936554	 5
1462172438.958	 0	 0.168610	 -0.103043	 -0.927597	 5
1462172438.968	 1	 0.176086	 -0.115479	 -0.923370	 5
1462172438.988	 1	 0.169479	 -0.127975	 -0.937912	 5
1462172438.998	 1	 0.165176	 -0.133621	 -0.940826	 5
1462172439.008	 1	 0.163589	 -0.140091	 -0.955627	 5
1462172439.018	 1	 0.162094	 -0.146957	 -0.959351	 5
1462172439.028	 1	 0.156570	 -0.144592	 -0.962906	 5
1462172439.038	 1	 0.152573	 -0.141998	 -0.967423	 5
1462172439.048	 1	 0.153793	 -0.141281	 -0.974548	 5
1462172439.058	 1	 0.160049	 -0.137390	 -0.984039	 5
1462172439.068	 1	 0.165924	 -0.133743	 -0.989670	 5
1462172439.078	 1	 0.169952	 -0.127472	 -0.984375	 5
1462172439.088	 1	 0.174774	 -0.125244	 -0.984253	 5
1462172439.098	 1	 0.178589	 -0.121658	 -0.975388	 5
1462172439.108	 1	 0.183746	 -0.115799	 -0.971848	 5
1462172439.118	 1	 0.191849	 -0.115509	 -0.968460	 5
1462172439.128	 1	 0.194061	 -0.115250	 -0.965057	 5
1462172439.138	 1	 0.193497	 -0.116089	 -0.970734	 5
1462172439.148	 1	 0.186310	 -0.113815	 -0.976334	 5
1462172439.158	 1	 0.188416	 -0.110641	 -0.973068	 5
1462172439.168	 1	 0.191635	 -0.108322	 -0.965897	 5
1462172439.178	 2	 0.200943	 -0.108032	 -0.956360	 5
1462172439.198	 2	 0.216095	 -0.117065	 -0.942978	 5
1462172439.208	 2	 0.214417	 -0.125092	 -0.940536	 5
1462172439.218	 2	 0.210968	 -0.133987	 -0.938446	 5
1462172439.228	 2	 0.205124	 -0.137680	 -0.945358	 5
1462172439.238	 2	 0.199036	 -0.138260	 -0.943497	 5
1462172439.248	 2	 0.194839	 -0.136200	 -0.938812	 5
1462172439.258	 2	 0.201004	 -0.133469	 -0.947617	 5
1462172439.268	 2	 0.202103	 -0.136383	 -0.957397	 5
1462172439.278	 2	 0.200821	 -0.138290	 -0.960419	 5
1462172439.288	 2	 0.200439	 -0.136063	 -0.962448	 5
1462172439.298	 2	 0.193008	 -0.138245	 -0.969254	 5
1462172439.308	 2	 0.185974	 -0.136047	 -0.973068	 5
1462172439.318	 2	 0.178680	 -0.131760	 -0.982620	 5
1462172439.328	 2	 0.180954	 -0.130402	 -0.989563	 5
1462172439.338	 2	 0.180954	 -0.121887	 -0.982697	 5
1462172439.348	 2	 0.187256	 -0.115784	 -0.976990	 5
1462172439.358	 2	 0.194122	 -0.111191	 -0.970001	 5
1462172439.368	 2	 0.191833	 -0.110489	 -0.958755	 5
1462172439.378	 2	 0.185181	 -0.114151	 -0.949173	 5
1462172439.388	 2	 0.178162	 -0.118561	 -0.942184	 5
1462172439.398	 2	 0.172531	 -0.122391	 -0.941101	 5
1462172439.408	 2	 0.170364	 -0.124878	 -0.938522	 5
1462172439.418	 2	 0.164627	 -0.131088	 -0.933868	 5
1462172439.428	 2	 0.165207	 -0.136887	 -0.933273	 5
1462172439.438	 2	 0.166412	 -0.143005	 -0.933151	 5
1462172439.448	 2	 0.163269	 -0.149490	 -0.929565	 5
1462172439.458	 2	 0.157776	 -0.154877	 -0.936676	 5
1462172439.468	 2	 0.155548	 -0.154526	 -0.950973	 5
1462172439.478	 2	 0.149551	 -0.148422	 -0.957062	 5
1462172439.488	 2	 0.143021	 -0.141800	 -0.967560	 5
1462172439.498	 2	 0.135406	 -0.136810	 -0.975830	 5
1462172439.508	 3	 0.131729	 -0.133865	 -0.980896	 5
1462172439.528	 3	 0.131470	 -0.133133	 -0.984741	 5
1462172439.538	 3	 0.129562	 -0.134171	 -0.979813	 5
1462172439.548	 3	 0.132431	 -0.135712	 -0.975830	 5
1462172439.568	 3	 0.138489	 -0.133469	 -0.975906	 5
1462172439.558	 3	 0.138336	 -0.135605	 -0.977844	 5
1462172439.578	 3	 0.134857	 -0.132324	 -0.972076	 5
1462172439.588	 3	 0.136703	 -0.136948	 -0.973633	 5
1462172439.598	 3	 0.134888	 -0.145676	 -0.972137	 5
1462172439.608	 3	 0.129623	 -0.145340	 -0.965637	 5
1462172439.618	 3	 0.122299	 -0.144730	 -0.967896	 5
1462172439.628	 3	 0.119247	 -0.147797	 -0.968399	 5
1462172439.638	 3	 0.115219	 -0.148315	 -0.965805	 5
1462172439.648	 3	 0.110382	 -0.147125	 -0.961761	 5
1462172439.658	 3	 0.110352	 -0.150681	 -0.960876	 5
1462172439.668	 3	 0.104065	 -0.149536	 -0.963638	 5
1462172439.678	 3	 0.108093	 -0.147812	 -0.962448	 5
1462172439.688	 3	 0.110580	 -0.147446	 -0.963150	 5
1462172439.698	 3	 0.112030	 -0.150406	 -0.964600	 5
1462172439.708	 3	 0.108612	 -0.147354	 -0.966278	 5
1462172439.718	 3	 0.111053	 -0.144791	 -0.966843	 5
1462172439.728	 3	 0.106476	 -0.145325	 -0.971878	 5
1462172439.738	 3	 0.097183	 -0.142197	 -0.978287	 5
1462172439.748	 3	 0.093475	 -0.143326	 -0.986771	 5
1462172439.758	 3	 0.094894	 -0.142883	 -0.982544	 5
1462172439.768	 3	 0.096573	 -0.142303	 -0.983566	 5
1462172439.778	 3	 0.103073	 -0.143204	 -0.976715	 5
1462172439.788	 3	 0.109161	 -0.141632	 -0.976166	 5
1462172439.798	 3	 0.116913	 -0.143387	 -0.976746	 5
1462172439.808	 3	 0.112549	 -0.141556	 -0.972199	 5
1462172439.818	 3	 0.111893	 -0.141647	 -0.965179	 5
1462172439.828	 3	 0.112000	 -0.142975	 -0.963532	 5
1462172439.838	 3	 0.108521	 -0.148575	 -0.961029	 5
1462172439.848	 3	 0.104126	 -0.149002	 -0.957748	 5
1462172439.858	 3	 0.107315	 -0.150192	 -0.953537	 5
1462172439.868	 3	 0.113724	 -0.151688	 -0.955154	 5
1462172439.878	 3	 0.113129	 -0.148636	 -0.956436	 5
1462172439.888	 3	 0.114456	 -0.143936	 -0.964142	 5
1462172439.898	 3	 0.119125	 -0.143417	 -0.968414	 5
1462172439.908	 3	 0.121872	 -0.144058	 -0.974411	 5
1462172439.918	 3	 0.114899	 -0.142105	 -0.975357	 5
1462172439.928	 3	 0.113205	 -0.139725	 -0.976486	 5
1462172439.938	 3	 0.109085	 -0.140732	 -0.976624	 5
1462172439.948	 3	 0.110184	 -0.140594	 -0.969101	 5
1462172439.958	 3	 0.110443	 -0.141739	 -0.967392	 5
1462172439.968	 3	 0.110458	 -0.142715	 -0.965378	 5
1462172439.978	 3	 0.106674	 -0.145905	 -0.968780	 5
1462172439.988	 3	 0.107224	 -0.142502	 -0.970902	 5
1462172439.998	 3	 0.106613	 -0.138016	 -0.976700	 5
1462172440.008	 3	 0.101837	 -0.138229	 -0.980621	 5
1462172440.018	 3	 0.103333	 -0.132172	 -0.985703	 5
1462172440.028	 3	 0.102173	 -0.131439	 -0.975998	 5
1462172440.038	 3	 0.106338	 -0.134476	 -0.966293	 5
1462172440.048	 3	 0.114578	 -0.138367	 -0.956543	 5
1462172440.058	 3	 0.119110	 -0.140335	 -0.943924	 5
1462172440.068	 3	 0.120453	 -0.144135	 -0.933228	 5
1462172440.078	 3	 0.123444	 -0.143478	 -0.923874	 5
1462172440.088	 3	 0.126022	 -0.145920	 -0.921646	 5
1462172440.098	 3	 0.126541	 -0.151291	 -0.928635	 5
1462172440.108	 3	 0.122437	 -0.149841	 -0.935272	 5
1462172440.118	 3	 0.124023	 -0.149338	 -0.946838	 5
1462172440.128	 3	 0.124359	 -0.146851	 -0.958710	 5
1462172440.138	 3	 0.126114	 -0.143265	 -0.966354	 5
1462172440.148	 3	 0.122711	 -0.138504	 -0.977310	 5
1462172440.158	 3	 0.118103	 -0.135986	 -0.987701	 5
1462172440.168	 3	 0.109146	 -0.133377	 -0.997620	 5
1462172440.178	 3	 0.111084	 -0.133270	 -1.002747	 5
1462172440.188	 3	 0.105438	 -0.138153	 -1.000153	 5
1462172440.198	 3	 0.102325	 -0.138245	 -0.998398	 5
1462172440.208	 3	 0.096054	 -0.142761	 -1.002441	 5
1462172440.218	 3	 0.092087	 -0.142670	 -1.004105	 5
1462172440.228	 3	 0.084885	 -0.138351	 -1.005966	 5
1462172440.238	 3	 0.084869	 -0.135269	 -1.009750	 5
1462172440.248	 3	 0.093277	 -0.131424	 -1.010071	 5
1462172440.258	 3	 0.096771	 -0.131256	 -1.003860	 5
1462172440.268	 3	 0.100067	 -0.133011	 -0.993744	 5
1462172440.278	 3	 0.105820	 -0.138565	 -0.981232	 5
1462172440.288	 3	 0.111465	 -0.141022	 -0.971420	 5
1462172440.298	 3	 0.112823	 -0.146713	 -0.968536	 5
1462172440.308	 3	 0.106979	 -0.143677	 -0.963989	 5
1462172440.318	 3	 0.096848	 -0.140060	 -0.960754	 5
1462172440.328	 3	 0.102386	 -0.141525	 -0.969162	 5
1462172440.338	 3	 0.102570	 -0.150803	 -0.973312	 5
1462172440.348	 3	 0.102173	 -0.149567	 -0.965836	 5
1462172440.358	 3	 0.103729	 -0.145767	 -0.960709	 5
1462172440.368	 3	 0.105850	 -0.145905	 -0.960739	 5
1462172440.378	 3	 0.109497	 -0.145798	 -0.955292	 5
1462172440.388	 3	 0.106506	 -0.142975	 -0.953705	 5
1462172440.398	 3	 0.105515	 -0.145172	 -0.961884	 5
1462172440.408	 3	 0.105103	 -0.148163	 -0.957336	 5
1462172440.418	 3	 0.100601	 -0.142593	 -0.964554	 5
1462172440.428	 3	 0.095413	 -0.142059	 -0.959915	 5
1462172440.438	 3	 0.091431	 -0.144730	 -0.960999	 5
1462172440.448	 3	 0.091248	 -0.144104	 -0.953842	 5
1462172440.458	 3	 0.091156	 -0.148331	 -0.959885	 5
1462172440.468	 3	 0.085846	 -0.151398	 -0.960251	 5
1462172440.478	 3	 0.086044	 -0.150635	 -0.967697	 5
1462172440.488	 3	 0.087677	 -0.148483	 -0.970184	 5
1462172440.498	 3	 0.091843	 -0.148499	 -0.977386	 5
1462172440.508	 3	 0.093094	 -0.148346	 -0.976288	 5
1462172440.518	 3	 0.091003	 -0.145248	 -0.973755	 5
1462172440.528	 3	 0.089355	 -0.147659	 -0.975891	 5
1462172440.538	 3	 0.086212	 -0.150604	 -0.971512	 5
1462172440.548	 3	 0.085236	 -0.149841	 -0.966202	 5
1462172440.558	 3	 0.089859	 -0.148819	 -0.967010	 5
1462172440.568	 3	 0.091324	 -0.149261	 -0.966385	 5
1462172440.578	 3	 0.088669	 -0.148804	 -0.964859	 5
1462172440.588	 3	 0.046661	 -0.049667	 -1.000610	 5
1462172440.598	 3	 0.116348	 -0.249283	 -0.900818	 5
1462172440.608	 3	 0.081863	 -0.188904	 -0.997269	 5
1462172440.618	 3	 0.079147	 -0.100677	 -0.992767	 5
1462172440.628	 3	 0.081955	 -0.149124	 -0.960907	 5
1462172440.638	 3	 0.093124	 -0.149445	 -0.982773	 5
1462172440.648	 3	 0.097900	 -0.144211	 -0.971481	 5
1462172440.658	 3	 0.096054	 -0.146103	 -0.971558	 5
1462172440.668	 3	 0.091843	 -0.144089	 -0.967331	 5
1462172440.678	 3	 0.084335	 -0.108780	 -0.986130	 5
1462172440.688	 3	 0.114838	 -0.210052	 -0.920395	 5
1462172440.698	 3	 0.095169	 -0.149719	 -0.976257	 5
1462172440.708	 3	 0.097473	 -0.134857	 -0.950134	 5
1462172440.718	 3	 0.098999	 -0.164520	 -0.949890	 5
1462172440.728	 3	 0.095291	 -0.157761	 -0.958923	 5
1462172440.738	 3	 0.091354	 -0.156845	 -0.950989	 5
1462172440.748	 3	 0.085419	 -0.155472	 -0.964142	 5
1462172440.758	 3	 0.081161	 -0.148880	 -0.964844	 5
1462172440.768	 3	 0.073257	 -0.117477	 -0.974609	 5
1462172440.778	 3	 0.108856	 -0.197479	 -0.937103	 5
1462172440.788	 3	 0.094177	 -0.160965	 -0.971802	 5
1462172440.798	 3	 0.094284	 -0.130127	 -0.964035	 5
1462172440.808	 3	 0.090378	 -0.159500	 -0.955276	 5
1462172440.818	 3	 0.087662	 -0.158081	 -0.972672	 5
1462172440.828	 3	 0.088821	 -0.151947	 -0.962357	 5
1462172440.838	 3	 0.086288	 -0.157761	 -0.967972	 5
1462172440.848	 3	 0.088226	 -0.159637	 -0.966339	 5
1462172440.858	 3	 0.095596	 -0.159286	 -0.960876	 5
1462172440.868	 3	 0.096481	 -0.162369	 -0.962189	 5
1462172440.878	 3	 0.096222	 -0.162857	 -0.965073	 5
1462172440.888	 3	 0.093857	 -0.158890	 -0.965805	 5
1462172440.898	 3	 0.088745	 -0.156799	 -0.961517	 5
1462172440.908	 3	 0.085968	 -0.143356	 -0.967300	 5
1462172440.918	 3	 0.100418	 -0.128418	 -0.991623	 5
1462172440.928	 3	 0.100922	 -0.242508	 -0.929550	 5
1462172440.938	 3	 0.085571	 -0.126312	 -1.004120	 5
1462172440.948	 3	 0.090088	 -0.141891	 -0.956772	 5
1462172440.958	 3	 0.087448	 -0.164978	 -0.983994	 5
1462172440.968	 3	 0.096756	 -0.155624	 -0.971710	 5
1462172440.978	 3	 0.094376	 -0.156235	 -0.966217	 5
1462172440.988	 3	 0.089386	 -0.164658	 -0.975311	 5
1462172440.998	 3	 0.089462	 -0.161774	 -0.972366	 5
1462172441.008	 3	 0.089844	 -0.160873	 -0.968201	 5
1462172441.018	 3	 0.091782	 -0.163010	 -0.966537	 5
1462172441.028	 3	 0.092865	 -0.160782	 -0.959824	 5
1462172441.038	 3	 0.097031	 -0.157028	 -0.962845	 5
1462172441.048	 3	 0.095261	 -0.157135	 -0.965927	 5
1462172441.058	 3	 0.095093	 -0.151306	 -0.965866	 5
1462172441.068	 3	 0.098480	 -0.146317	 -0.965729	 5
1462172441.078	 3	 0.086868	 -0.084473	 -0.985153	 5
1462172441.088	 3	 0.106552	 -0.223465	 -0.930954	 5
1462172441.098	 3	 0.098816	 -0.173004	 -0.965088	 5
1462172441.108	 3	 0.107071	 -0.117584	 -0.965530	 5
1462172441.118	 3	 0.103073	 -0.164444	 -0.977783	 5
1462172441.128	 3	 0.092300	 -0.155029	 -0.985947	 5
1462172441.138	 3	 0.094421	 -0.143173	 -0.983200	 5
1462172441.148	 3	 0.093140	 -0.150040	 -0.984100	 5
1462172441.158	 3	 0.091797	 -0.150223	 -0.981750	 5
1462172441.168	 3	 0.088409	 -0.149246	 -0.977417	 5
1462172441.178	 3	 0.091888	 -0.149490	 -0.974640	 5
1462172441.188	 3	 0.093597	 -0.152283	 -0.966644	 5
1462172441.198	 3	 0.096725	 -0.156113	 -0.962799	 5
1462172441.208	 3	 0.093918	 -0.157959	 -0.962982	 5
1462172441.218	 3	 0.091064	 -0.154999	 -0.965073	 5
1462172441.228	 3	 0.090179	 -0.149368	 -0.967407	 5
1462172441.238	 3	 0.084778	 -0.149017	 -0.967422	 5
1462172441.248	 3	 0.077103	 -0.141296	 -0.968185	 5
1462172441.258	 3	 0.083893	 -0.121445	 -0.983109	 5
1462172441.268	 3	 0.087280	 -0.226624	 -0.935608	 5
1462172441.278	 3	 0.077148	 -0.130615	 -0.982239	 5
1462172441.288	 3	 0.074280	 -0.144165	 -0.962677	 5
1462172441.298	 3	 0.070465	 -0.165390	 -0.965134	 5
1462172441.308	 3	 0.082245	 -0.148987	 -0.962814	 5
1462172441.318	 3	 0.081024	 -0.157669	 -0.963547	 5
1462172441.328	 3	 0.080521	 -0.159287	 -0.962204	 5
1462172441.338	 3	 0.083878	 -0.154190	 -0.957687	 5
1462172441.348	 3	 0.091522	 -0.155869	 -0.959793	 5
1462172441.358	 3	 0.094299	 -0.158539	 -0.958862	 5
1462172441.368	 3	 0.095566	 -0.156235	 -0.957916	 5
1462172441.378	 3	 0.094208	 -0.158691	 -0.957428	 5
1462172441.388	 3	 0.089096	 -0.156281	 -0.962143	 5
1462172441.398	 3	 0.086700	 -0.155075	 -0.965302	 5
1462172441.408	 3	 0.087234	 -0.152222	 -0.977921	 5
1462172441.418	 3	 0.082947	 -0.153488	 -0.981064	 5
1462172441.428	 3	 0.081985	 -0.151016	 -0.986145	 5
1462172441.438	 3	 0.084930	 -0.151443	 -0.982635	 5
1462172441.448	 3	 0.087448	 -0.149658	 -0.984695	 5
1462172441.458	 3	 0.088287	 -0.151581	 -0.978790	 5
1462172441.468	 3	 0.089600	 -0.150040	 -0.976929	 5
1462172441.478	 3	 0.096756	 -0.153351	 -0.971237	 5
1462172441.488	 3	 0.098541	 -0.153229	 -0.967987	 5
1462172441.498	 3	 0.093018	 -0.154160	 -0.963181	 5
1462172441.508	 3	 0.086807	 -0.156326	 -0.965057	 5
1462172441.518	 3	 0.083923	 -0.156296	 -0.968430	 5
1462172441.528	 3	 0.080811	 -0.153595	 -0.970322	 5
1462172441.538	 3	 0.083603	 -0.154068	 -0.967041	 5
1462172441.548	 4	 0.087540	 -0.150269	 -0.969086	 5
1462172441.568	 4	 0.081635	 -0.147812	 -0.971680	 5
1462172441.578	 4	 0.078400	 -0.148453	 -0.978928	 5
1462172441.588	 4	 0.075165	 -0.149826	 -0.974228	 5
1462172441.598	 4	 0.072144	 -0.148834	 -0.970856	 5
1462172441.608	 4	 0.079880	 -0.149368	 -0.969543	 5
1462172441.618	 4	 0.084610	 -0.149277	 -0.965118	 5
1462172441.628	 4	 0.085129	 -0.146866	 -0.961853	 5
1462172441.638	 4	 0.083069	 -0.145157	 -0.964508	 5
1462172441.648	 4	 0.077652	 -0.145966	 -0.962967	 5
1462172441.658	 4	 0.075974	 -0.145142	 -0.969803	 5
1462172441.668	 4	 0.075150	 -0.146835	 -0.966965	 5
1462172441.678	 4	 0.075073	 -0.146454	 -0.968887	 5
1462172441.688	 4	 0.077774	 -0.147400	 -0.970703	 5
1462172441.698	 4	 0.081192	 -0.150604	 -0.971741	 5
1462172441.708	 4	 0.075012	 -0.149490	 -0.970596	 5
1462172441.718	 4	 0.074310	 -0.147217	 -0.967743	 5
1462172441.728	 4	 0.072861	 -0.146759	 -0.968338	 5
1462172441.738	 4	 0.080856	 -0.150681	 -0.969788	 5
1462172441.748	 4	 0.088776	 -0.151306	 -0.967514	 5
1462172441.758	 5	 0.091019	 -0.149429	 -0.969162	 5
1462172441.778	 5	 0.084488	 -0.154251	 -0.975616	 5
1462172441.788	 5	 0.074646	 -0.152878	 -0.974365	 5
1462172441.798	 5	 0.068695	 -0.155212	 -0.976410	 5
1462172441.808	 5	 0.065521	 -0.155548	 -0.980057	 5
1462172441.818	 5	 0.066162	 -0.155014	 -0.981995	 5
1462172441.828	 5	 0.071304	 -0.154511	 -0.985138	 5
1462172441.838	 5	 0.077255	 -0.154938	 -0.984634	 5
1462172441.848	 5	 0.076340	 -0.151794	 -0.981583	 5
1462172441.858	 5	 0.077332	 -0.150894	 -0.978516	 5
1462172441.868	 5	 0.076920	 -0.150528	 -0.978027	 5
1462172441.878	 5	 0.073486	 -0.153137	 -0.977753	 5
1462172441.888	 5	 0.075394	 -0.154083	 -0.974686	 5
1462172441.898	 5	 0.071991	 -0.152466	 -0.970932	 5
1462172441.908	 5	 0.072586	 -0.154953	 -0.965286	 5
1462172441.928	 6	 0.076874	 -0.151291	 -0.958389	 5
1462172441.938	 7	 0.084885	 -0.153214	 -0.953339	 5
1462172441.958	 7	 0.087906	 -0.159393	 -0.958893	 5
1462172441.968	 7	 0.081116	 -0.155869	 -0.960922	 5
1462172441.978	 7	 0.080215	 -0.152298	 -0.966003	 5
1462172441.988	 7	 0.075439	 -0.149185	 -0.975510	 5
1462172441.998	 7	 0.069229	 -0.150620	 -0.982895	 5
1462172442.008	 7	 0.065582	 -0.145416	 -0.983231	 5
1462172442.018	 7	 0.070526	 -0.149216	 -0.982330	 5
1462172442.028	 7	 0.070343	 -0.150620	 -0.976044	 5
1462172442.038	 7	 0.076324	 -0.152588	 -0.970184	 5
1462172442.048	 7	 0.075836	 -0.152405	 -0.962601	 5
1462172442.058	 7	 0.074539	 -0.153748	 -0.960342	 5
1462172442.068	 7	 0.074615	 -0.155609	 -0.962753	 5
1462172442.078	 7	 0.073456	 -0.153275	 -0.965363	 5
1462172442.088	 7	 0.068100	 -0.153000	 -0.966476	 5
1462172442.098	 7	 0.067291	 -0.150986	 -0.967026	 5
1462172442.108	 7	 0.066528	 -0.154083	 -0.965317	 5
1462172442.118	 7	 0.064697	 -0.157166	 -0.966827	 5
1462172442.128	 7	 0.062012	 -0.156982	 -0.965241	 5
1462172442.138	 7	 0.057785	 -0.157623	 -0.970123	 5
1462172442.148	 7	 0.065262	 -0.162079	 -0.968628	 5
1462172442.158	 7	 0.057236	 -0.154785	 -0.972031	 5
1462172442.168	 7	 0.062775	 -0.155991	 -0.971985	 5
1462172442.178	 7	 0.065826	 -0.153641	 -0.967957	 5
1462172442.188	 7	 0.065216	 -0.155716	 -0.966293	 5
1462172442.198	 7	 0.064606	 -0.157822	 -0.967224	 5
1462172442.208	 7	 0.065125	 -0.159378	 -0.967377	 5
1462172442.218	 7	 0.064102	 -0.161575	 -0.962509	 5
1462172442.228	 7	 0.068085	 -0.161560	 -0.963196	 5
1462172442.238	 7	 0.070618	 -0.160828	 -0.961197	 5
1462172442.248	 7	 0.070297	 -0.154968	 -0.959213	 5
1462172442.258	 7	 0.066025	 -0.154465	 -0.962677	 5
1462172442.268	 7	 0.060608	 -0.157654	 -0.966461	 5
1462172442.278	 7	 0.060745	 -0.157562	 -0.964996	 5
1462172442.288	 7	 0.063766	 -0.160156	 -0.965042	 5
1462172442.298	 7	 0.068695	 -0.161911	 -0.961411	 5
1462172442.308	 7	 0.068100	 -0.161835	 -0.962265	 5
1462172442.318	 7	 0.069473	 -0.160736	 -0.965973	 5
1462172442.328	 7	 0.071686	 -0.160507	 -0.967606	 5
1462172442.338	 7	 0.069626	 -0.159821	 -0.967102	 5
1462172442.348	 7	 0.068085	 -0.162109	 -0.968567	 5
1462172442.358	 7	 0.071472	 -0.166733	 -0.970978	 5
1462172442.368	 7	 0.071671	 -0.164474	 -0.973709	 5
1462172442.378	 7	 0.068726	 -0.162079	 -0.973770	 5
1462172442.388	 7	 0.067093	 -0.160736	 -0.980606	 5
1462172442.398	 7	 0.063385	 -0.155716	 -0.982193	 5
1462172442.408	 7	 0.066513	 -0.158981	 -0.982666	 5
1462172442.418	 7	 0.070099	 -0.159515	 -0.974197	 5
1462172442.428	 7	 0.071030	 -0.159119	 -0.969238	 5
1462172442.438	 7	 0.073181	 -0.160156	 -0.972229	 5
1462172442.448	 7	 0.066895	 -0.159210	 -0.972641	 5
1462172442.458	 7	 0.064163	 -0.156708	 -0.970383	 5
1462172442.468	 7	 0.067368	 -0.154846	 -0.973206	 5
1462172442.478	 7	 0.067169	 -0.154800	 -0.968887	 5
1462172442.488	 7	 0.066711	 -0.155396	 -0.968628	 5
1462172442.498	 7	 0.061966	 -0.154770	 -0.969284	 5
1462172442.508	 7	 0.063110	 -0.157425	 -0.967392	 5
1462172442.518	 7	 0.058884	 -0.156265	 -0.966660	 5
1462172442.528	 7	 0.062851	 -0.160538	 -0.965286	 5
1462172442.538	 7	 0.066422	 -0.159241	 -0.962402	 5
1462172442.548	 7	 0.069748	 -0.158264	 -0.960358	 5
1462172442.558	 7	 0.073334	 -0.156860	 -0.958679	 5
1462172442.568	 7	 0.070740	 -0.155029	 -0.956802	 5
1462172442.578	 7	 0.070694	 -0.154572	 -0.960739	 5
1462172442.588	 7	 0.071152	 -0.155533	 -0.958786	 5
1462172442.598	 7	 0.074860	 -0.155441	 -0.963928	 5
1462172442.608	 7	 0.071243	 -0.156708	 -0.968658	 5
1462172442.618	 7	 0.067108	 -0.155930	 -0.966766	 5
1462172442.628	 7	 0.069290	 -0.157791	 -0.966156	 5
1462172442.638	 7	 0.072495	 -0.158264	 -0.966766	 5
1462172442.648	 7	 0.070236	 -0.159531	 -0.967590	 5
1462172442.658	 7	 0.068893	 -0.158981	 -0.973969	 5
1462172442.668	 7	 0.068375	 -0.158493	 -0.978180	 5
1462172442.678	 7	 0.066910	 -0.151535	 -0.978058	 5
1462172442.688	 7	 0.070023	 -0.152344	 -0.981400	 5
1462172442.698	 7	 0.073288	 -0.154739	 -0.973694	 5
1462172442.708	 7	 0.072311	 -0.154877	 -0.966736	 5
1462172442.718	 7	 0.072021	 -0.156616	 -0.960724	 5
1462172442.728	 7	 0.072403	 -0.158569	 -0.956207	 5
1462172442.738	 7	 0.071930	 -0.158630	 -0.954514	 5
1462172442.748	 7	 0.073380	 -0.159409	 -0.953217	 5
1462172442.758	 7	 0.076370	 -0.156433	 -0.950409	 5
1462172442.768	 7	 0.079208	 -0.156708	 -0.955627	 5
1462172442.778	 7	 0.078201	 -0.160233	 -0.954163	 5
1462172442.788	 7	 0.071060	 -0.156113	 -0.958008	 5
1462172442.798	 7	 0.072235	 -0.154312	 -0.970840	 5
1462172442.808	 7	 0.059021	 -0.151245	 -0.985397	 5
1462172442.818	 7	 0.052399	 -0.146469	 -0.990891	 5
1462172442.828	 7	 0.051743	 -0.146729	 -1.000549	 5
1462172442.838	 7	 0.051590	 -0.144806	 -0.993988	 5
1462172442.848	 7	 0.056366	 -0.146759	 -0.994324	 5
1462172442.858	 7	 0.061188	 -0.149643	 -0.991196	 5
1462172442.868	 7	 0.062576	 -0.146759	 -0.986664	 5
1462172442.878	 7	 0.066040	 -0.150818	 -0.980789	 5
1462172442.888	 7	 0.065643	 -0.152725	 -0.975357	 5
1462172442.898	 7	 0.060104	 -0.151306	 -0.969757	 5
1462172442.908	 7	 0.061523	 -0.155029	 -0.966797	 5
1462172442.918	 7	 0.057251	 -0.155533	 -0.962723	 5
1462172442.928	 7	 0.051651	 -0.154968	 -0.962845	 5
1462172442.938	 7	 0.050034	 -0.158829	 -0.964096	 5
1462172442.948	 7	 0.047256	 -0.159683	 -0.962875	 5
1462172442.958	 7	 0.045410	 -0.160980	 -0.967316	 5
1462172442.968	 7	 0.050125	 -0.160767	 -0.964508	 5
1462172442.978	 7	 0.049988	 -0.160980	 -0.969330	 5
1462172442.988	 7	 0.051453	 -0.159271	 -0.973450	 5
1462172442.998	 7	 0.049469	 -0.155350	 -0.972198	 5
1462172443.008	 7	 0.049667	 -0.153610	 -0.969574	 5
1462172443.018	 7	 0.053162	 -0.154739	 -0.968063	 5
1462172443.028	 7	 0.060181	 -0.153229	 -0.967377	 5
1462172443.038	 7	 0.064941	 -0.154999	 -0.963760	 5
1462172443.048	 7	 0.064102	 -0.153366	 -0.963577	 5
1462172443.058	 7	 0.062256	 -0.152634	 -0.972244	 5
1462172443.068	 7	 0.061951	 -0.151566	 -0.974213	 5
1462172443.078	 7	 0.064285	 -0.151199	 -0.975067	 5
1462172443.088	 7	 0.063324	 -0.149307	 -0.974091	 5
1462172443.098	 7	 0.064423	 -0.150925	 -0.976120	 5
1462172443.108	 7	 0.063156	 -0.150162	 -0.970520	 5
1462172443.118	 7	 0.063477	 -0.151352	 -0.972809	 5
1462172443.128	 7	 0.066254	 -0.155365	 -0.972977	 5
1462172443.138	 7	 0.067627	 -0.156509	 -0.967316	 5
1462172443.148	 7	 0.073807	 -0.157745	 -0.967239	 5
1462172443.158	 7	 0.076645	 -0.157410	 -0.964752	 5
1462172443.168	 7	 0.072922	 -0.157700	 -0.966629	 5
1462172443.178	 7	 0.072784	 -0.160812	 -0.969299	 5
1462172443.188	 7	 0.071854	 -0.158737	 -0.971939	 5
1462172443.198	 7	 0.067627	 -0.160141	 -0.973328	 5
1462172443.208	 7	 0.060806	 -0.157135	 -0.974106	 5
1462172443.218	 7	 0.062347	 -0.155334	 -0.973206	 5
1462172443.228	 7	 0.063660	 -0.155975	 -0.973312	 5
1462172443.238	 7	 0.062378	 -0.154938	 -0.971741	 5
1462172443.248	 7	 0.063202	 -0.157181	 -0.971283	 5
1462172443.258	 7	 0.061340	 -0.154663	 -0.972382	 5
1462172443.268	 7	 0.062302	 -0.152191	 -0.974411	 5
1462172443.278	 7	 0.063431	 -0.151688	 -0.983322	 5
1462172443.288	 7	 0.064209	 -0.150345	 -0.998535	 5
1462172443.298	 7	 0.074417	 -0.151199	 -0.996689	 5
1462172443.308	 7	 0.073318	 -0.156235	 -0.990219	 5
1462172443.318	 7	 0.071869	 -0.161728	 -0.981216	 5
1462172443.328	 7	 0.076019	 -0.163391	 -0.973892	 5
1462172443.338	 7	 0.080826	 -0.167633	 -0.967957	 5
1462172443.348	 7	 0.076569	 -0.164566	 -0.957108	 5
1462172443.358	 7	 0.072891	 -0.163422	 -0.956253	 5
1462172443.368	 7	 0.076981	 -0.159882	 -0.961929	 5
1462172443.378	 7	 0.072037	 -0.167175	 -0.944229	 5
1462172443.388	 7	 0.064590	 -0.159958	 -0.956696	 5
1462172443.398	 7	 0.064301	 -0.157623	 -0.955963	 5
1462172443.408	 7	 0.063354	 -0.160522	 -0.961182	 5
1462172443.418	 7	 0.060974	 -0.156708	 -0.973282	 5
1462172443.428	 7	 0.044418	 -0.164993	 -0.967804	 5
1462172443.438	 7	 0.118515	 -0.157928	 -0.956085	 5
1462172443.448	 7	 0.030991	 -0.146622	 -0.982452	 5
1462172443.458	 7	 0.086411	 -0.177505	 -0.939575	 5
1462172443.468	 7	 0.068756	 -0.154465	 -0.979752	 5
1462172443.478	 7	 0.057388	 -0.160049	 -0.967316	 5
1462172443.488	 7	 0.073456	 -0.156876	 -0.966171	 5
1462172443.498	 7	 0.063812	 -0.144669	 -0.988129	 5
1462172443.508	 7	 0.068466	 -0.150589	 -0.978378	 5
1462172443.518	 7	 0.070084	 -0.146820	 -0.986588	 5
1462172443.528	 7	 0.069839	 -0.148926	 -0.987961	 5
1462172443.538	 7	 0.069839	 -0.155624	 -0.979553	 5
1462172443.548	 7	 0.064667	 -0.155960	 -0.976990	 5
1462172443.558	 7	 0.064590	 -0.158890	 -0.973465	 5
1462172443.568	 7	 0.066208	 -0.162888	 -0.969055	 5
1462172443.578	 7	 0.069031	 -0.160599	 -0.968124	 5
1462172443.588	 7	 0.071472	 -0.157486	 -0.966339	 5
1462172443.598	 7	 0.073669	 -0.156845	 -0.966141	 5
1462172443.608	 7	 0.073318	 -0.154037	 -0.963577	 5
1462172443.618	 7	 0.071014	 -0.154755	 -0.957687	 5
1462172443.628	 7	 0.075836	 -0.158051	 -0.949570	 5
1462172443.638	 7	 0.079330	 -0.165787	 -0.951416	 5
1462172443.648	 7	 0.080734	 -0.171753	 -0.950684	 5
1462172443.658	 7	 0.080627	 -0.165298	 -0.958313	 5
1462172443.668	 7	 0.075867	 -0.164307	 -0.970154	 5
1462172443.678	 7	 0.066757	 -0.156799	 -0.977081	 5
1462172443.688	 7	 0.065842	 -0.154129	 -0.985748	 5
1462172443.698	 7	 0.061249	 -0.150406	 -0.984451	 5
1462172443.708	 7	 0.062149	 -0.153107	 -0.981384	 5
1462172443.718	 7	 0.068710	 -0.157059	 -0.980133	 5
1462172443.728	 7	 0.069809	 -0.161743	 -0.979721	 5
1462172443.738	 7	 0.068390	 -0.160721	 -0.970825	 5
1462172443.748	 7	 0.068237	 -0.161224	 -0.971664	 5
1462172443.758	 7	 0.069275	 -0.161392	 -0.975479	 5
1462172443.768	 7	 0.068893	 -0.161926	 -0.970581	 5
1462172443.778	 7	 0.068588	 -0.159439	 -0.963638	 5
1462172443.788	 7	 0.066605	 -0.162994	 -0.960281	 5
1462172443.798	 7	 0.068253	 -0.160706	 -0.957184	 5
1462172443.808	 7	 0.068359	 -0.162247	 -0.956253	 5
1462172443.818	 7	 0.056320	 -0.159119	 -0.954269	 5
1462172443.828	 7	 0.052719	 -0.160980	 -0.953812	 5
1462172443.838	 7	 0.058105	 -0.161591	 -0.954865	 5
1462172443.848	 7	 0.057785	 -0.158340	 -0.955078	 5
1462172443.858	 7	 0.059418	 -0.157120	 -0.955994	 5
1462172443.868	 7	 0.060898	 -0.155792	 -0.960754	 5
1462172443.878	 7	 0.065323	 -0.149735	 -0.964157	 5
1462172443.888	 7	 0.071747	 -0.147186	 -0.964966	 5
1462172443.898	 7	 0.069031	 -0.147430	 -0.969101	 5
1462172443.908	 7	 0.065125	 -0.150482	 -0.966415	 5
1462172443.918	 7	 0.064102	 -0.152069	 -0.969009	 5
1462172443.928	 7	 0.064117	 -0.160416	 -0.970566	 5
1462172443.938	 7	 0.066467	 -0.160080	 -0.970581	 5
1462172443.948	 7	 0.066803	 -0.161865	 -0.977646	 5
1462172443.958	 7	 0.069214	 -0.164124	 -0.980011	 5
1462172443.968	 7	 0.071609	 -0.165558	 -0.980560	 5
1462172443.978	 7	 0.071945	 -0.162888	 -0.977661	 5
1462172443.988	 7	 0.077377	 -0.163284	 -0.970917	 5
1462172443.998	 7	 0.082718	 -0.165970	 -0.970444	 5
1462172444.008	 7	 0.085541	 -0.167603	 -0.967880	 5
1462172444.018	 7	 0.078522	 -0.164932	 -0.967957	 5
1462172444.028	 7	 0.071991	 -0.164673	 -0.969269	 5
1462172444.038	 7	 0.069321	 -0.163223	 -0.970932	 5
1462172444.048	 7	 0.072174	 -0.167175	 -0.973343	 5
1462172444.058	 7	 0.075714	 -0.170914	 -0.968765	 5
1462172444.068	 7	 0.066727	 -0.175003	 -0.967270	 5
1462172444.078	 7	 0.064026	 -0.173691	 -0.962982	 5
1462172444.088	 7	 0.061356	 -0.174881	 -0.964233	 5
1462172444.098	 7	 0.064224	 -0.172058	 -0.960724	 5
1462172444.108	 7	 0.073380	 -0.170334	 -0.964432	 5
1462172444.118	 7	 0.075394	 -0.170700	 -0.963837	 5
1462172444.128	 7	 0.071747	 -0.166290	 -0.961792	 5
1462172444.138	 7	 0.066238	 -0.166367	 -0.965515	 5
1462172444.148	 7	 0.067230	 -0.165863	 -0.965332	 5
1462172444.158	 7	 0.063553	 -0.165695	 -0.966751	 5
1462172444.168	 7	 0.061401	 -0.163879	 -0.965286	 5
1462172444.178	 7	 0.067017	 -0.163727	 -0.970383	 5
1462172444.188	 7	 0.065704	 -0.163834	 -0.974091	 5
1462172444.198	 7	 0.059814	 -0.161865	 -0.967682	 5
1462172444.208	 7	 0.059738	 -0.163544	 -0.971374	 5
1462172444.218	 7	 0.061325	 -0.165512	 -0.969055	 5
1462172444.228	 7	 0.060349	 -0.165848	 -0.962036	 5
1462172444.238	 7	 0.061234	 -0.169022	 -0.964813	 5
1462172444.248	 7	 0.061249	 -0.170349	 -0.964676	 5
1462172444.258	 7	 0.060730	 -0.169235	 -0.962067	 5
1462172444.268	 7	 0.064087	 -0.170731	 -0.964935	 5
1462172444.278	 7	 0.064499	 -0.171021	 -0.966324	 5
1462172444.288	 7	 0.059021	 -0.167740	 -0.969910	 5
1462172444.298	 7	 0.056564	 -0.165375	 -0.974854	 5
1462172444.308	 7	 0.054413	 -0.166336	 -0.977127	 5
1462172444.318	 7	 0.054443	 -0.167038	 -0.977798	 5
1462172444.328	 7	 0.054153	 -0.167862	 -0.971512	 5
1462172444.338	 7	 0.057587	 -0.169250	 -0.966599	 5
1462172444.348	 7	 0.060913	 -0.169464	 -0.959076	 5
1462172444.358	 7	 0.058365	 -0.168945	 -0.955566	 5
1462172444.368	 7	 0.058701	 -0.169083	 -0.954483	 5
1462172444.378	 7	 0.060242	 -0.166840	 -0.952576	 5
1462172444.388	 7	 0.065155	 -0.165955	 -0.957153	 5
1462172444.398	 7	 0.065018	 -0.162460	 -0.958511	 5
1462172444.408	 7	 0.060944	 -0.158096	 -0.964233	 5
1462172444.418	 7	 0.064011	 -0.158478	 -0.966782	 5
1462172444.428	 7	 0.065109	 -0.156876	 -0.964737	 5
1462172444.438	 7	 0.068298	 -0.158875	 -0.964661	 5
1462172444.448	 7	 0.071884	 -0.159576	 -0.957352	 5
1462172444.458	 7	 0.076584	 -0.157318	 -0.957962	 5
1462172444.468	 7	 0.075302	 -0.158722	 -0.960480	 5
1462172444.478	 7	 0.073044	 -0.157089	 -0.965241	 5
1462172444.488	 7	 0.070755	 -0.157898	 -0.975113	 5
1462172444.498	 7	 0.065002	 -0.155930	 -0.982712	 5
1462172444.508	 7	 0.060455	 -0.148788	 -0.988724	 5
1462172444.518	 7	 0.051743	 -0.148193	 -0.985825	 5
1462172444.528	 7	 0.051254	 -0.149307	 -0.977997	 5
1462172444.538	 7	 0.051239	 -0.151169	 -0.971130	 5
1462172444.548	 8	 0.054382	 -0.152786	 -0.967728	 5
1462172444.568	 8	 0.054794	 -0.155487	 -0.955032	 5
1462172444.578	 8	 0.045807	 -0.159012	 -0.959244	 5
1462172444.588	 8	 0.037918	 -0.158844	 -0.958557	 5
1462172444.598	 8	 0.033722	 -0.158432	 -0.960892	 5
1462172444.608	 8	 0.032654	 -0.158905	 -0.966110	 5
1462172444.618	 8	 0.025162	 -0.157333	 -0.963959	 5
1462172444.628	 8	 0.021744	 -0.158279	 -0.965286	 5
1462172444.638	 8	 0.014740	 -0.154343	 -0.967514	 5
1462172444.648	 8	 0.010071	 -0.151642	 -0.973450	 5
1462172444.658	 8	 0.000488	 -0.146500	 -0.969360	 5
1462172444.668	 8	 -0.012329	 -0.141388	 -0.968079	 5
1462172444.678	 8	 -0.025665	 -0.141876	 -0.964035	 5
1462172444.688	 8	 -0.039322	 -0.139740	 -0.962326	 5
1462172444.698	 8	 -0.057602	 -0.139038	 -0.963394	 5
1462172444.708	 8	 -0.077377	 -0.148438	 -0.972488	 5
1462172444.718	 8	 -0.101669	 -0.157654	 -0.970077	 5
1462172444.728	 8	 -0.133255	 -0.167191	 -0.971375	 5
1462172444.738	 8	 -0.159088	 -0.181747	 -0.968643	 5
1462172444.748	 8	 -0.185089	 -0.190262	 -0.958191	 5
1462172444.758	 8	 -0.211914	 -0.194550	 -0.936020	 5
1462172444.768	 8	 -0.236969	 -0.193329	 -0.936676	 5
1462172444.778	 8	 -0.258194	 -0.191132	 -0.946060	 5
1462172444.788	 8	 -0.276794	 -0.176254	 -0.980362	 5
1462172444.798	 8	 -0.306259	 -0.160172	 -1.016922	 5
1462172444.808	 8	 -0.344727	 -0.149261	 -1.053787	 5
1462172444.818	 8	 -0.383179	 -0.154449	 -1.073517	 5
1462172444.828	 8	 -0.424088	 -0.163361	 -1.084412	 5
1462172444.838	 8	 -0.478165	 -0.168518	 -1.064041	 5
1462172444.848	 8	 -0.526413	 -0.182098	 -1.043564	 5
1462172444.858	 8	 -0.577942	 -0.195221	 -1.038391	 5
1462172444.868	 8	 -0.621490	 -0.191788	 -1.043655	 5
1462172444.878	 8	 -0.658356	 -0.184647	 -1.061401	 5
1462172444.888	 8	 -0.700058	 -0.166306	 -1.082581	 5
1462172444.898	 9	 -0.737717	 -0.142822	 -1.105530	 5
1462172444.918	 9	 -0.799683	 -0.072205	 -1.132431	 5
1462172444.928	 9	 -0.813278	 -0.027802	 -1.117294	 5
1462172444.938	 9	 -0.795578	 0.013062	 -1.121628	 5
1462172444.948	 9	 -0.763885	 0.057678	 -1.119675	 5
1462172444.958	 10	 -0.709045	 0.103531	 -1.114029	 5
1462172444.978	 10	 -0.651291	 0.169510	 -1.154877	 5
1462172444.988	 10	 -0.618851	 0.212891	 -1.168533	 5
1462172444.998	 10	 -0.570969	 0.250473	 -1.177612	 5
1462172445.008	 10	 -0.503601	 0.304016	 -1.177978	 5
1462172445.018	 10	 -0.412735	 0.353943	 -1.181763	 5
1462172445.028	 10	 -0.328690	 0.385025	 -1.192902	 5
1462172445.038	 10	 -0.253860	 0.390656	 -1.213287	 5
1462172445.048	 10	 -0.187531	 0.404327	 -1.229248	 5
1462172445.058	 10	 -0.113647	 0.433853	 -1.241226	 5
1462172445.068	 10	 -0.034332	 0.446808	 -1.252014	 5
1462172445.078	 10	 0.020752	 0.432343	 -1.274109	 5
1462172445.088	 10	 0.067215	 0.435638	 -1.289017	 5
1462172445.098	 10	 0.137177	 0.454300	 -1.273804	 5
1462172445.108	 10	 0.234070	 0.453506	 -1.252197	 5
1462172445.118	 10	 0.322678	 0.431625	 -1.252487	 5
1462172445.128	 10	 0.408035	 0.404526	 -1.242584	 5
1462172445.138	 10	 0.506012	 0.371277	 -1.218933	 5
1462172445.148	 10	 0.593842	 0.339752	 -1.196320	 5
1462172445.158	 10	 0.667038	 0.297623	 -1.172531	 5
1462172445.168	 10	 0.680237	 0.243362	 -1.172073	 5
1462172445.178	 10	 0.668900	 0.200806	 -1.173416	 5
1462172445.188	 10	 0.661194	 0.187469	 -1.161072	 5
1462172445.198	 10	 0.647934	 0.164246	 -1.150940	 5
1462172445.208	 10	 0.632187	 0.138748	 -1.143524	 5
1462172445.218	 10	 0.615921	 0.133102	 -1.127014	 5
1462172445.228	 10	 0.597565	 0.116196	 -1.095932	 5
1462172445.238	 10	 0.618317	 0.106659	 -1.039932	 5
1462172445.248	 10	 0.592026	 0.074554	 -1.031464	 5
1462172445.258	 10	 0.547638	 0.069077	 -0.974884	 5
1462172445.268	 10	 0.516022	 0.061447	 -0.940323	 5
1462172445.278	 10	 0.480499	 0.027374	 -0.920410	 5
1462172445.288	 10	 0.426880	 0.023849	 -0.890823	 5
1462172445.298	 10	 0.372192	 0.015472	 -0.848267	 5
1462172445.308	 10	 0.341797	 -0.012543	 -0.813324	 5
1462172445.318	 10	 0.310226	 -0.027802	 -0.778213	 5
1462172445.328	 10	 0.285995	 -0.035172	 -0.746262	 5
1462172445.338	 10	 0.274139	 -0.048523	 -0.729431	 5
1462172445.348	 10	 0.250549	 -0.072205	 -0.733627	 5
1462172445.358	 10	 0.211548	 -0.069519	 -0.758179	 5
1462172445.368	 10	 0.170883	 -0.057282	 -0.785156	 5
1462172445.378	 10	 0.143005	 -0.058640	 -0.817474	 5
1462172445.388	 10	 0.108887	 -0.058640	 -0.841598	 5
1462172445.398	 10	 0.078354	 -0.046768	 -0.843307	 5
1462172445.408	 10	 0.074677	 -0.035965	 -0.843719	 5
1462172445.418	 10	 0.085602	 -0.018845	 -0.843475	 5
1462172445.428	 10	 0.098145	 0.006897	 -0.849289	 5
1462172445.438	 10	 0.125839	 0.064972	 -0.860168	 5
1462172445.448	 10	 0.170120	 0.125351	 -0.893341	 5
1462172445.458	 10	 0.206268	 0.174820	 -0.945129	 5
1462172445.468	 10	 0.207336	 0.236603	 -1.014954	 5
1462172445.478	 10	 0.195511	 0.293350	 -1.073303	 5
1462172445.488	 10	 0.167709	 0.321304	 -1.116730	 5
1462172445.498	 10	 0.123596	 0.335968	 -1.132248	 5
1462172445.508	 10	 0.078308	 0.335663	 -1.132523	 5
1462172445.518	 10	 0.049637	 0.309982	 -1.119369	 5
1462172445.528	 10	 0.034668	 0.292892	 -1.099152	 5
1462172445.538	 10	 0.022812	 0.284836	 -1.082459	 5
1462172445.548	 10	 0.025055	 0.284317	 -1.089722	 5
1462172445.558	 10	 0.027420	 0.299011	 -1.106674	 5
1462172445.568	 10	 0.037079	 0.321152	 -1.146454	 5
1462172445.578	 10	 0.035843	 0.349838	 -1.201553	 5
1462172445.588	 10	 0.022125	 0.399658	 -1.247055	 5
1462172445.598	 10	 0.014633	 0.455963	 -1.279465	 5
1462172445.608	 10	 0.011230	 0.501846	 -1.284836	 5
1462172445.618	 10	 -0.015015	 0.520599	 -1.282516	 5
1462172445.628	 10	 -0.068405	 0.525040	 -1.275803	 5
1462172445.638	 10	 -0.155945	 0.516525	 -1.252014	 5
1462172445.648	 10	 -0.253815	 0.478485	 -1.231766	 5
1462172445.658	 10	 -0.361496	 0.427292	 -1.209015	 5
1462172445.668	 10	 -0.477814	 0.371124	 -1.200699	 5
1462172445.678	 10	 -0.591843	 0.324539	 -1.203812	 5
1462172445.688	 10	 -0.700623	 0.292984	 -1.208908	 5
1462172445.698	 10	 -0.791016	 0.268906	 -1.221664	 5
1462172445.708	 10	 -0.930359	 0.216324	 -1.216949	 5
1462172445.718	 10	 -1.044388	 0.237625	 -1.189575	 5
1462172445.728	 10	 -1.082153	 0.221222	 -1.149780	 5
1462172445.738	 10	 -1.062103	 0.156357	 -1.117645	 5
1462172445.748	 10	 -1.010727	 0.101776	 -1.102493	 5
1462172445.758	 10	 -0.959320	 0.022934	 -1.093674	 5
1462172445.768	 10	 -0.910843	 -0.020828	 -1.056900	 5
1462172445.778	 10	 -0.855820	 -0.047913	 -1.007034	 5
1462172445.788	 10	 -0.795441	 -0.076996	 -0.949890	 5
1462172445.798	 10	 -0.667542	 -0.105438	 -0.856384	 5
1462172445.808	 10	 -0.585983	 -0.108200	 -0.831223	 5
1462172445.818	 10	 -0.512924	 -0.095718	 -0.822586	 5
1462172445.828	 10	 -0.443649	 -0.072113	 -0.804367	 5
1462172445.838	 10	 -0.391495	 -0.041489	 -0.811417	 5
1462172445.848	 10	 -0.336075	 -0.013763	 -0.854721	 5
1462172445.858	 10	 -0.271576	 0.009628	 -0.889282	 5
1462172445.868	 10	 -0.227554	 0.036514	 -0.931366	 5
1462172445.878	 10	 -0.212112	 0.081787	 -0.963303	 5
1462172445.888	 10	 -0.207626	 0.093491	 -0.980591	 5
1462172445.898	 10	 -0.189056	 0.108200	 -0.997498	 5
1462172445.908	 10	 -0.163528	 0.114517	 -1.012329	 5
1462172445.918	 10	 -0.123138	 0.095062	 -1.032730	 5
1462172445.928	 10	 -0.093918	 0.077835	 -1.047852	 5
1462172445.938	 10	 -0.083496	 0.066803	 -1.041138	 5
1462172445.948	 10	 -0.092896	 0.057480	 -1.023010	 5
1462172445.958	 10	 -0.098160	 0.044479	 -1.016327	 5
1462172445.968	 10	 -0.118881	 0.023483	 -1.007278	 5
1462172445.978	 10	 -0.141251	 0.001328	 -1.011383	 5
1462172445.988	 10	 -0.143250	 -0.004684	 -1.022156	 5
1462172445.998	 10	 -0.144562	 -0.004227	 -1.016098	 5
1462172446.008	 10	 -0.132050	 -0.004059	 -1.024445	 5
1462172446.018	 10	 -0.111298	 -0.000275	 -1.032364	 5
1462172446.028	 10	 -0.094711	 0.002289	 -1.039520	 5
1462172446.038	 10	 -0.089127	 0.006592	 -1.036301	 5
1462172446.048	 10	 -0.082306	 0.014725	 -1.029541	 5
1462172446.058	 10	 -0.062424	 0.019196	 -1.028046	 5
1462172446.068	 10	 -0.054672	 0.022995	 -1.020767	 5
1462172446.078	 10	 -0.049057	 0.033417	 -1.015961	 5
1462172446.088	 10	 -0.048767	 0.041748	 -1.011047	 5
1462172446.098	 10	 -0.036865	 0.051987	 -1.007980	 5
1462172446.108	 10	 -0.029755	 0.058945	 -1.010376	 5
1462172446.118	 10	 -0.013077	 0.059143	 -1.003326	 5
1462172446.128	 10	 -0.004120	 0.061081	 -0.999496	 5
1462172446.138	 10	 0.007370	 0.062027	 -0.990768	 5
1462172446.148	 10	 0.007370	 0.064163	 -0.980637	 5
1462172446.158	 10	 0.008438	 0.064667	 -0.981567	 5
1462172446.168	 10	 0.010590	 0.061996	 -0.981659	 5
1462172446.178	 10	 0.009750	 0.063568	 -0.985153	 5
1462172446.188	 10	 0.011047	 0.059631	 -0.979233	 5
1462172446.208	 10	 0.001846	 0.044357	 -0.970001	 5
1462172446.198	 10	 0.006165	 0.055237	 -0.971954	 5
1462172446.218	 10	 0.006744	 0.040634	 -0.969223	 5
1462172446.228	 10	 0.007889	 0.046661	 -0.980469	 5
1462172446.238	 10	 0.011063	 0.035995	 -1.006149	 5
1462172446.248	 10	 0.011673	 0.048325	 -0.996033	 5
1462172446.258	 10	 0.012115	 0.038651	 -0.996384	 5
1462172446.268	 10	 0.008057	 0.035385	 -0.997498	 5
1462172446.278	 10	 0.005630	 0.038757	 -0.992920	 5
1462172446.288	 10	 0.008011	 0.033508	 -1.004517	 5
1462172446.298	 10	 0.004593	 0.042740	 -1.011078	 5
