% Compass data recorded with 'snsrlog'
% 
% 
% Label description:
% 	 0: Default Label
% 	 1: still_drop
% 	 2: walk_drop
% 	 3: other
% 	 4: dtw_same
% 	 5: dtw_diff
% 	 6: delete
% 
% Column description:
% 	 1: Seconds.milliseconds since 1970
% 	 2: Magnetic heading in degrees starting at due north and continuing clockwise (e.g. east = 90) - negative values indicate invalid values
% 		 NOTE: True heading only provides valid values when GPS is activated at same time!
% 	 3: True heading in degrees starting at due north and continuing clockwise (e.g. east = 90) - negative values indicate invalid values
% 	 4: Error likelihood - negative values indicate invalid values
% 	 5: Geomagnetic data for the x-axis measured in microteslas
% 	 6: Geomagnetic data for the y-axis measured in microteslas
% 	 7: Geomagnetic data for the z-axis measured in microteslas
% 	 8: Label used for the current sample
% 
% 
1462090018.077	 159.818680	 -1.000000	 15.000000	 -4.800924	 -33.434933	 -7.906429	 1
1462090018.097	 159.816513	 -1.000000	 15.000000	 -4.931012	 -33.564579	 -8.115181	 1
1462090018.125	 159.824509	 -1.000000	 15.000000	 -4.696857	 -33.746086	 -8.140232	 1
1462090018.137	 159.838394	 -1.000000	 15.000000	 -4.523411	 -33.780659	 -8.040031	 1
1462090018.157	 159.845596	 -1.000000	 15.000000	 -4.731550	 -33.918953	 -7.906429	 1
1462090018.185	 159.837723	 -1.000000	 15.000000	 -5.009068	 -33.849812	 -8.440842	 1
1462090018.197	 159.835266	 -1.000000	 15.000000	 -4.870311	 -33.780670	 -8.374046	 1
1462090018.217	 159.829788	 -1.000000	 15.000000	 -5.043760	 -33.953533	 -8.340645	 1
1462090018.244	 159.820770	 -1.000000	 15.000000	 -5.217207	 -34.126396	 -8.374046	 1
1462090018.258	 159.810638	 -1.000000	 15.000000	 -5.251896	 -34.160969	 -8.407444	 1
1462090018.279	 159.807816	 -1.000000	 15.000000	 -5.147828	 -34.333832	 -8.106838	 1
1462090018.304	 159.804092	 -1.000000	 15.000000	 -5.321275	 -34.160969	 -7.605831	 1
1462090018.319	 159.788116	 -1.000000	 15.000000	 -5.598789	 -33.884392	 -7.806236	 1
1462090018.339	 159.772476	 -1.000000	 15.000000	 -5.460032	 -33.469524	 -7.806236	 1
1462090018.364	 159.760941	 -1.000000	 15.000000	 -5.425343	 -33.296661	 -7.438828	 1
1462090018.380	 159.742966	 -1.000000	 15.000000	 -5.529410	 -33.054657	 -7.472225	 1
1462090018.400	 159.722046	 -1.000000	 15.000000	 -5.425343	 -33.296661	 -8.173637	 1
1462090018.423	 159.714783	 -1.000000	 15.000000	 -5.043757	 -33.123798	 -7.939835	 1
1462090018.440	 159.843430	 -1.000000	 15.000000	 -5.043757	 -33.469524	 -7.806236	 1
1462090018.461	 160.874313	 -1.000000	 15.000000	 -4.766239	 -34.091827	 -7.939835	 1
1462090018.480	 162.080002	 -1.000000	 15.000000	 -4.419343	 -34.299263	 -7.873032	 1
1462090018.503	 162.961853	 -1.000000	 15.000000	 -4.280582	 -34.644989	 -7.271824	 1
1462090018.524	 162.787796	 -1.000000	 15.000000	 -4.211204	 -34.990715	 -7.138218	 1
1462090018.543	 161.865585	 -1.000000	 15.000000	 -4.315272	 -35.163582	 -7.171616	 1
1462090018.563	 162.192505	 -1.000000	 15.000000	 -4.072447	 -34.921577	 -7.004612	 1
1462090018.584	 164.414597	 -1.000000	 15.000000	 -3.552104	 -35.025291	 -7.505619	 1
1462090018.602	 166.522552	 -1.000000	 15.000000	 -3.031760	 -34.921577	 -7.939823	 1
1462090018.624	 168.306030	 -1.000000	 15.000000	 -2.164521	 -34.956146	 -8.040024	 1
1462090018.644	 170.609085	 -1.000000	 15.000000	 -0.985075	 -34.679573	 -8.240425	 1
1462090018.662	 170.944962	 -1.000000	 15.000000	 -0.811625	 -34.160980	 -8.741432	 1
1462090018.682	 170.094376	 -1.000000	 15.000000	 -0.811625	 -33.953545	 -8.674629	 1
1462090018.704	 168.346268	 -1.000000	 15.000000	 -0.707557	 -33.780682	 -9.108833	 1
1462090018.724	 166.433929	 -1.000000	 15.000000	 -0.811625	 -33.607819	 -9.943844	 1
1462090018.743	 166.075989	 -1.000000	 15.000000	 -0.499418	 -33.227520	 -10.845657	 1
1462090018.764	 166.983856	 -1.000000	 15.000000	 0.333132	 -32.950947	 -11.914474	 1
1462090018.783	 169.608246	 -1.000000	 15.000000	 2.102304	 -32.224922	 -13.083488	 1
1462090018.806	 173.154327	 -1.000000	 15.000000	 4.148992	 -31.222321	 -14.118904	 1
1462090018.824	 172.555420	 -1.000000	 15.000000	 6.403817	 -30.150574	 -14.820320	 1
1462090018.844	 172.705856	 -1.000000	 15.000000	 8.901470	 -29.459122	 -15.287933	 1
1462090018.864	 177.244873	 -1.000000	 15.000000	 11.780709	 -28.871391	 -14.853729	 1
1462090018.884	 175.080765	 -1.000000	 15.000000	 14.486498	 -27.834221	 -13.918518	 1
1462090018.904	 174.752625	 -1.000000	 15.000000	 17.469805	 -26.797050	 -12.716095	 1
1462090018.926	 179.847946	 -1.000000	 15.000000	 20.522491	 -25.690727	 -11.046066	 1
1462090018.945	 178.082962	 -1.000000	 15.000000	 23.471107	 -23.650955	 -8.741432	 1
1462090018.965	 180.556366	 -1.000000	 15.000000	 26.246277	 -21.507462	 -6.470200	 1
1462090018.985	 186.205750	 -1.000000	 15.000000	 28.743931	 -19.363968	 -3.931767	 1
1462090019.005	 186.102127	 -1.000000	 15.000000	 30.651859	 -16.840187	 -1.493526	 1
1462090019.026	 189.055618	 -1.000000	 15.000000	 32.178200	 -13.936104	 0.577297	 1
1462090019.046	 192.804764	 -1.000000	 15.000000	 33.531094	 -11.481461	 2.815132	 1
1462090019.066	 199.724136	 -1.000000	 15.000000	 34.363647	 -8.508232	 4.618755	 1
1462090019.086	 205.459259	 -1.000000	 15.000000	 34.433025	 -5.673294	 5.687572	 1
1462090019.117	 211.910736	 -1.000000	 15.000000	 34.745232	 -2.803787	 7.190594	 1
1462090019.128	 218.856689	 -1.000000	 15.000000	 34.710545	 -0.418289	 8.292809	 1
1462090019.149	 225.349792	 -1.000000	 15.000000	 34.294270	 1.725197	 8.693615	 1
1462090019.177	 230.903732	 -1.000000	 15.000000	 34.051441	 2.796944	 8.727013	 1
1462090019.189	 235.597031	 -1.000000	 15.000000	 34.016750	 3.592110	 8.760414	 1
1462090019.208	 238.461868	 -1.000000	 15.000000	 34.016750	 3.799545	 8.226006	 1
1462090019.236	 239.676178	 -1.000000	 15.000000	 34.086132	 4.145271	 7.357594	 1
1462090019.249	 239.915314	 -1.000000	 15.000000	 34.051441	 3.695831	 6.856586	 1
1462090019.268	 239.872345	 -1.000000	 15.000000	 34.016754	 3.522964	 6.889988	 1
1462090019.296	 239.090057	 -1.000000	 15.000000	 34.086132	 2.969803	 6.622784	 1
1462090019.308	 237.859955	 -1.000000	 15.000000	 33.600479	 2.762375	 6.489185	 1
1462090019.328	 237.119705	 -1.000000	 15.000000	 33.531097	 2.001778	 6.889992	 1
1462090019.355	 236.386826	 -1.000000	 15.000000	 33.600475	 1.448624	 7.223991	 1
1462090019.368	 235.333740	 -1.000000	 15.000000	 33.912682	 1.068321	 7.457798	 1
1462090019.389	 234.041473	 -1.000000	 15.000000	 33.877995	 0.688026	 7.825203	 1
1462090019.415	 232.345734	 -1.000000	 15.000000	 34.224888	 -0.141708	 8.226006	 1
1462090019.429	 230.816605	 -1.000000	 15.000000	 34.190201	 -0.452858	 8.660210	 1
1462090019.449	 229.415329	 -1.000000	 15.000000	 34.120823	 -0.660294	 8.660210	 1
1462090019.475	 228.423340	 -1.000000	 15.000000	 33.843304	 -1.144302	 8.459808	 1
1462090019.489	 228.569397	 -1.000000	 15.000000	 33.982063	 -1.075165	 8.727013	 1
1462090019.510	 229.014175	 -1.000000	 15.000000	 34.051441	 -0.936874	 8.727013	 1
1462090019.534	 229.108719	 -1.000000	 15.000000	 34.086132	 -0.971451	 8.493214	 1
1462090019.550	 229.198532	 -1.000000	 15.000000	 34.155510	 -0.556580	 8.359612	 1
1462090019.571	 229.755676	 -1.000000	 15.000000	 34.190201	 -0.107132	 8.593414	 1
1462090019.594	 230.417542	 -1.000000	 15.000000	 33.947372	 0.065720	 9.094421	 1
1462090019.612	 231.120010	 -1.000000	 15.000000	 33.565784	 0.307724	 9.461826	 1
1462090019.631	 232.605209	 -1.000000	 15.000000	 33.565784	 0.307724	 10.196636	 1
1462090019.654	 234.208466	 -1.000000	 15.000000	 33.461720	 0.342300	 10.497242	 1
1462090019.671	 235.747498	 -1.000000	 15.000000	 33.565784	 0.653458	 10.597446	 1
1462090019.694	 236.781509	 -1.000000	 15.000000	 33.635166	 0.860893	 10.463844	 1
1462090019.713	 237.846054	 -1.000000	 15.000000	 33.669853	 1.172050	 10.630848	 1
1462090019.733	 239.245117	 -1.000000	 15.000000	 33.427029	 1.690636	 10.931450	 1
1462090019.755	 241.021957	 -1.000000	 15.000000	 33.427029	 1.828934	 11.666264	 1
1462090019.773	 242.636078	 -1.000000	 15.000000	 33.357651	 1.898079	 12.200668	 1
1462090019.793	 243.902954	 -1.000000	 15.000000	 33.322960	 2.140083	 12.568077	 1
1462090019.813	 244.499542	 -1.000000	 15.000000	 33.322960	 2.209229	 12.634876	 1
1462090019.833	 245.067841	 -1.000000	 15.000000	 33.114822	 2.485809	 12.501274	 1
1462090019.859	 245.252792	 -1.000000	 15.000000	 32.767925	 2.762383	 12.300869	 1
1462090019.874	 245.321503	 -1.000000	 15.000000	 32.733234	 2.935249	 12.000267	 1
1462090019.893	 246.462784	 -1.000000	 15.000000	 32.559788	 3.108109	 11.766460	 1
1462090019.913	 247.287949	 -1.000000	 15.000000	 32.698547	 3.453842	 12.100468	 1
1462090019.933	 248.619125	 -1.000000	 15.000000	 32.698547	 3.453842	 12.434471	 1
1462090019.954	 249.983368	 -1.000000	 15.000000	 32.837307	 3.730415	 12.701675	 1
1462090019.974	 251.361633	 -1.000000	 15.000000	 32.629169	 3.937851	 13.302883	 1
1462090019.994	 252.864517	 -1.000000	 15.000000	 32.525101	 4.110703	 13.870689	 1
1462090020.014	 254.243683	 -1.000000	 15.000000	 32.316963	 3.834122	 14.271496	 1
1462090020.035	 255.399323	 -1.000000	 15.000000	 32.178207	 4.525581	 14.538700	 1
1462090020.054	 255.960571	 -1.000000	 15.000000	 32.074135	 4.698441	 14.705700	 1
1462090020.075	 256.286682	 -1.000000	 15.000000	 32.004753	 4.905876	 14.238094	 1
1462090020.095	 256.377411	 -1.000000	 15.000000	 31.970066	 5.631905	 13.870689	 1
1462090020.115	 257.125183	 -1.000000	 15.000000	 31.727238	 6.219635	 13.503284	 1
1462090020.136	 258.315216	 -1.000000	 15.000000	 31.623165	 6.323349	 13.336281	 1
1462090020.156	 259.186493	 -1.000000	 15.000000	 31.310959	 6.911079	 13.369682	 1
1462090020.176	 261.086975	 -1.000000	 15.000000	 31.137512	 7.291374	 14.004295	 1
1462090020.196	 262.309937	 -1.000000	 15.000000	 30.790615	 6.876511	 14.405098	 1
1462090020.217	 263.576935	 -1.000000	 15.000000	 30.721237	 7.083939	 15.073112	 1
1462090020.236	 264.096466	 -1.000000	 15.000000	 30.755928	 6.980232	 15.507317	 1
1462090020.259	 264.042450	 -1.000000	 15.000000	 30.929379	 6.530792	 16.008324	 1
1462090020.281	 264.470306	 -1.000000	 15.000000	 30.790619	 6.530792	 16.609531	 1
1462090020.298	 264.820343	 -1.000000	 15.000000	 30.929379	 6.323357	 17.077137	 1
1462090020.319	 263.920837	 -1.000000	 15.000000	 30.860001	 6.115921	 17.210735	 1
1462090020.340	 264.395996	 -1.000000	 15.000000	 30.617172	 5.943062	 17.644943	 1
1462090020.358	 264.911072	 -1.000000	 15.000000	 30.235584	 5.977631	 18.145950	 1
1462090020.378	 264.318542	 -1.000000	 15.000000	 30.062138	 5.459045	 18.379753	 1
1462090020.407	 264.612000	 -1.000000	 15.000000	 29.888691	 5.493622	 18.546757	 1
1462090020.419	 265.037811	 -1.000000	 15.000000	 29.437721	 5.389900	 19.314968	 1
1462090020.438	 265.410339	 -1.000000	 15.000000	 29.194893	 5.078751	 20.016380	 1
1462090020.466	 265.611237	 -1.000000	 15.000000	 29.125515	 4.871315	 20.216782	 1
1462090020.478	 265.945709	 -1.000000	 15.000000	 28.743931	 5.182465	 20.851391	 1
1462090020.499	 266.793274	 -1.000000	 15.000000	 28.154209	 5.493622	 21.352398	 1
1462090020.526	 266.563721	 -1.000000	 15.000000	 28.431725	 5.908493	 21.085194	 1
1462090020.540	 265.968048	 -1.000000	 15.000000	 28.535797	 6.288788	 20.650986	 1
1462090020.563	 265.239075	 -1.000000	 15.000000	 28.743931	 6.357925	 20.049778	 1
1462090020.585	 261.721588	 -1.000000	 15.000000	 29.749931	 6.185066	 18.279552	 1
1462090020.600	 257.320221	 -1.000000	 15.000000	 30.929379	 5.839340	 16.542728	 1
1462090020.622	 252.270233	 -1.000000	 15.000000	 31.727238	 5.320755	 14.438499	 1
1462090020.645	 247.309692	 -1.000000	 15.000000	 32.663857	 4.456451	 11.933464	 1
1462090020.661	 241.775818	 -1.000000	 15.000000	 33.565788	 4.041580	 9.862633	 1
1462090020.681	 237.844131	 -1.000000	 15.000000	 33.808613	 3.799576	 8.226006	 1
1462090020.710	 234.403809	 -1.000000	 15.000000	 33.808613	 3.453850	 7.090389	 1
1462090020.734	 231.450516	 -1.000000	 15.000000	 33.669857	 2.969833	 6.422382	 1
1462090020.750	 229.694931	 -1.000000	 15.000000	 33.912685	 3.557564	 6.255379	 1
1462090020.771	 229.030853	 -1.000000	 15.000000	 33.739235	 3.937859	 6.288780	 1
1462090020.793	 230.129318	 -1.000000	 15.000000	 33.773926	 4.249008	 7.123791	 1
1462090020.811	 230.906281	 -1.000000	 15.000000	 34.086132	 4.560165	 7.491196	 1
1462090020.831	 231.967484	 -1.000000	 15.000000	 34.155510	 5.251617	 7.892002	 1
1462090020.854	 233.205200	 -1.000000	 15.000000	 33.843304	 5.562767	 8.192604	 1
1462090020.871	 234.514603	 -1.000000	 15.000000	 33.496407	 5.977646	 8.326210	 1
1462090020.894	 235.661652	 -1.000000	 15.000000	 33.149513	 6.323372	 8.125805	 1
1462090020.913	 237.578018	 -1.000000	 15.000000	 32.837307	 7.049393	 8.292809	 1
1462090020.933	 239.193878	 -1.000000	 15.000000	 32.767929	 7.533401	 8.226006	 1
1462090020.954	 240.953644	 -1.000000	 15.000000	 32.767929	 7.671700	 8.359608	 1
1462090020.974	 242.416397	 -1.000000	 15.000000	 32.490414	 7.879135	 8.359608	 1
1462090020.994	 242.867584	 -1.000000	 15.000000	 32.663860	 8.051994	 8.125805	 1
1462090021.017	 242.972977	 -1.000000	 15.000000	 32.559788	 7.948280	 8.025604	 1
1462090021.033	 242.663757	 -1.000000	 15.000000	 32.351650	 7.740837	 7.825203	 1
1462090021.053	 242.763611	 -1.000000	 15.000000	 32.282272	 8.155708	 7.825203	 1
1462090021.074	 242.774185	 -1.000000	 15.000000	 32.421028	 8.293999	 7.691597	 1
1462090021.093	 243.052338	 -1.000000	 15.000000	 32.421028	 8.155708	 7.557995	 1
1462090021.114	 243.271484	 -1.000000	 15.000000	 32.108826	 8.121140	 7.591393	 1
1462090021.134	 243.855194	 -1.000000	 15.000000	 32.143513	 8.708870	 7.758400	 1
1462090021.155	 243.761536	 -1.000000	 15.000000	 32.212894	 8.432297	 7.424397	 1
1462090021.174	 243.793884	 -1.000000	 15.000000	 32.490410	 8.293999	 7.691597	 1
1462090021.194	 244.148254	 -1.000000	 15.000000	 32.351654	 8.570587	 8.226006	 1
1462090021.214	 244.306702	 -1.000000	 15.000000	 32.455723	 8.743454	 7.992207	 1
1462090021.235	 244.477310	 -1.000000	 15.000000	 32.663860	 8.466873	 8.192608	 1
1462090021.254	 245.497803	 -1.000000	 15.000000	 32.733238	 8.605171	 8.593414	 1
1462090021.274	 246.098969	 -1.000000	 15.000000	 32.698551	 8.847183	 8.560017	 1
1462090021.295	 246.075989	 -1.000000	 15.000000	 32.490410	 8.778046	 8.426414	 1
1462090021.315	 246.807709	 -1.000000	 15.000000	 32.629169	 8.916328	 8.760414	 1
1462090021.336	 247.642151	 -1.000000	 15.000000	 32.247581	 9.020035	 8.860619	 1
1462090021.356	 247.420944	 -1.000000	 15.000000	 31.970066	 9.227470	 8.526611	 1
1462090021.376	 247.601059	 -1.000000	 15.000000	 31.657856	 9.123749	 8.493210	 1
1462090021.395	 248.444763	 -1.000000	 15.000000	 31.727238	 9.400322	 8.827217	 1
1462090021.416	 248.860107	 -1.000000	 15.000000	 31.727238	 9.469467	 8.960819	 1
1462090021.437	 249.259872	 -1.000000	 15.000000	 31.900684	 9.434891	 9.127819	 1
1462090021.458	 250.530579	 -1.000000	 15.000000	 32.039444	 9.504044	 9.729027	 1
1462090021.481	 250.647507	 -1.000000	 15.000000	 32.108822	 9.434906	 10.063034	 1
1462090021.499	 250.659729	 -1.000000	 15.000000	 32.351650	 9.123749	 9.762428	 1
1462090021.519	 250.718918	 -1.000000	 15.000000	 32.247581	 9.089180	 9.795830	 1
1462090021.539	 250.770996	 -1.000000	 15.000000	 32.143513	 9.054611	 9.762428	 1
1462090021.558	 250.773529	 -1.000000	 15.000000	 31.796619	 9.123749	 9.294823	 1
1462090021.578	 250.794525	 -1.000000	 15.000000	 31.831306	 9.089180	 9.328224	 1
1462090021.600	 250.842896	 -1.000000	 15.000000	 31.519100	 9.331192	 9.361626	 1
1462090021.620	 250.862564	 -1.000000	 15.000000	 31.761929	 9.227486	 9.261421	 1
1462090021.638	 250.887756	 -1.000000	 15.000000	 31.657860	 9.538643	 9.161221	 1
1462090021.667	 250.940582	 -1.000000	 15.000000	 32.004757	 9.469498	 9.428425	 1
1462090021.678	 250.982330	 -1.000000	 15.000000	 32.282276	 9.953506	 9.228020	 1
1462090021.699	 251.041183	 -1.000000	 15.000000	 32.733238	 9.780647	 9.528625	 1
1462090021.729	 252.078186	 -1.000000	 15.000000	 32.559788	 9.884369	 9.562023	 1
1462090021.756	 253.026001	 -1.000000	 15.000000	 32.733234	 9.918938	 9.929432	 1
1462090021.768	 253.772705	 -1.000000	 15.000000	 32.629166	 9.676933	 10.230034	 1
1462090021.788	 254.247375	 -1.000000	 15.000000	 32.663853	 9.434929	 10.463840	 1
1462090021.815	 254.533905	 -1.000000	 15.000000	 32.108822	 9.504074	 10.330238	 1
1462090021.830	 254.783920	 -1.000000	 15.000000	 32.178200	 9.711502	 10.397041	 1
1462090021.849	 254.229980	 -1.000000	 15.000000	 31.900684	 9.573212	 9.996235	 1
1462090021.876	 254.203873	 -1.000000	 15.000000	 31.796619	 9.953506	 9.896034	 1
1462090021.889	 253.865143	 -1.000000	 15.000000	 31.727238	 9.953506	 9.695629	 1
1462090021.909	 253.858414	 -1.000000	 15.000000	 32.039448	 9.988083	 9.729031	 1
1462090021.934	 253.826767	 -1.000000	 15.000000	 32.074135	 9.676926	 9.428429	 1
1462090021.950	 253.802719	 -1.000000	 15.000000	 32.316959	 9.711494	 9.595428	 1
1462090021.970	 253.748642	 -1.000000	 15.000000	 32.282272	 9.746063	 9.094421	 1
1462090021.994	 253.682480	 -1.000000	 15.000000	 32.663857	 9.849777	 8.994221	 1
1462090022.010	 253.602875	 -1.000000	 15.000000	 32.594475	 9.780632	 8.727013	 1
1462090022.030	 253.553909	 -1.000000	 15.000000	 32.247578	 9.849777	 9.061020	 1
1462090022.050	 253.498520	 -1.000000	 15.000000	 32.490406	 9.746063	 9.027618	 1
1462090022.071	 253.464111	 -1.000000	 15.000000	 32.525097	 9.573196	 9.395023	 1
1462090022.091	 253.473846	 -1.000000	 15.000000	 31.692543	 9.434906	 9.862633	 1
1462090022.111	 253.487549	 -1.000000	 15.000000	 31.692543	 9.780632	 9.862633	 1
1462090022.133	 253.480103	 -1.000000	 15.000000	 32.108822	 9.918915	 9.595425	 1
1462090022.154	 253.480331	 -1.000000	 15.000000	 31.900684	 9.918915	 9.662228	 1
1462090022.173	 253.478973	 -1.000000	 15.000000	 32.074131	 9.607758	 9.762432	 1
1462090022.193	 253.467255	 -1.000000	 15.000000	 32.178204	 9.918915	 9.528629	 1
1462090022.214	 253.454773	 -1.000000	 15.000000	 32.108826	 9.988052	 9.461830	 1
1462090022.233	 253.191589	 -1.000000	 15.000000	 32.039444	 9.642326	 9.595432	 1
1462090022.253	 253.168320	 -1.000000	 15.000000	 32.108826	 9.365753	 9.261425	 1
1462090022.273	 253.126816	 -1.000000	 15.000000	 32.178204	 9.365753	 8.927422	 1
1462090022.294	 253.074203	 -1.000000	 15.000000	 32.282272	 8.847160	 8.894020	 1
1462090022.313	 253.026672	 -1.000000	 15.000000	 32.351650	 8.639725	 9.027618	 1
1462090022.334	 252.980606	 -1.000000	 15.000000	 32.143513	 8.847160	 8.960815	 1
1462090022.353	 252.947830	 -1.000000	 15.000000	 32.039444	 8.812592	 9.261421	 1
1462090022.374	 252.910110	 -1.000000	 15.000000	 32.074131	 8.708870	 9.161217	 1
1462090022.394	 252.865509	 -1.000000	 15.000000	 32.074131	 8.708870	 9.027615	 1
1462090022.414	 252.827728	 -1.000000	 15.000000	 31.831306	 8.674286	 9.127815	 1
1462090022.434	 252.774185	 -1.000000	 15.000000	 32.386341	 8.605148	 8.927414	 1
1462090022.456	 252.725357	 -1.000000	 15.000000	 32.178204	 8.950874	 8.860615	 1
1462090022.475	 251.253937	 -1.000000	 15.000000	 32.143513	 9.262032	 9.094414	 1
1462090022.495	 251.270050	 -1.000000	 15.000000	 32.594479	 9.711472	 9.395023	 1
1462090022.515	 250.371094	 -1.000000	 15.000000	 32.906685	 9.538605	 9.094418	 1
1462090022.536	 250.371017	 -1.000000	 15.000000	 32.455723	 9.642326	 8.994217	 1
1462090022.555	 250.355515	 -1.000000	 15.000000	 32.525101	 9.434891	 8.593410	 1
1462090022.575	 250.336578	 -1.000000	 15.000000	 32.282272	 9.262032	 8.426411	 1
1462090022.596	 250.304916	 -1.000000	 15.000000	 31.970066	 8.950874	 7.992203	 1
1462090022.620	 250.291779	 -1.000000	 15.000000	 31.761925	 9.020012	 8.459812	 1
1462090022.636	 250.291321	 -1.000000	 15.000000	 31.519096	 8.639717	 8.827217	 1
1462090022.656	 250.299759	 -1.000000	 15.000000	 31.796616	 8.778000	 9.161221	 1
1462090022.677	 250.306290	 -1.000000	 15.000000	 31.970066	 8.605133	 9.194622	 1
1462090022.698	 250.310608	 -1.000000	 15.000000	 32.004757	 8.847137	 9.094421	 1
1462090022.719	 250.296249	 -1.000000	 15.000000	 32.351654	 8.847137	 8.626812	 1
1462090022.748	 250.273376	 -1.000000	 15.000000	 32.767933	 9.123711	 8.426411	 1
1462090022.759	 250.251282	 -1.000000	 15.000000	 32.594482	 9.019989	 8.393013	 1
1462090022.781	 250.237228	 -1.000000	 15.000000	 32.629169	 9.538567	 8.560013	 1
1462090022.807	 250.229370	 -1.000000	 15.000000	 32.386341	 9.227425	 8.727013	 1
1462090022.819	 250.227020	 -1.000000	 15.000000	 32.108826	 9.089127	 8.860619	 1
1462090022.840	 250.232040	 -1.000000	 15.000000	 32.039444	 9.365715	 9.061020	 1
1462090022.867	 250.241577	 -1.000000	 15.000000	 32.282272	 9.400284	 9.294823	 1
1462090022.882	 250.250778	 -1.000000	 15.000000	 32.212894	 9.123711	 9.361626	 1
1462090022.900	 250.261337	 -1.000000	 15.000000	 32.421028	 9.400284	 9.428425	 1
1462090022.921	 250.268570	 -1.000000	 15.000000	 32.629169	 9.331146	 9.428425	 1
1462090022.941	 250.272537	 -1.000000	 15.000000	 32.282272	 9.192856	 9.228020	 1
1462090022.961	 250.276932	 -1.000000	 15.000000	 32.039444	 9.089127	 9.194618	 1
1462090022.986	 250.281616	 -1.000000	 15.000000	 31.761925	 9.019989	 9.127819	 1
1462090023.001	 250.283356	 -1.000000	 15.000000	 32.004753	 8.777985	 9.161221	 1
1462090023.021	 250.298553	 -1.000000	 15.000000	 31.623169	 9.019989	 9.461826	 1
1462090023.045	 250.300522	 -1.000000	 15.000000	 32.074135	 8.985420	 9.161221	 1
1462090023.062	 250.302170	 -1.000000	 15.000000	 32.178204	 9.296577	 9.127819	 1
1462090023.084	 250.293808	 -1.000000	 15.000000	 32.767925	 9.331146	 8.960819	 1
1462090023.106	 250.287125	 -1.000000	 15.000000	 32.421028	 9.400284	 8.894020	 1
1462090023.122	 250.277771	 -1.000000	 15.000000	 32.594475	 9.296577	 8.860619	 1
1462090023.146	 250.283569	 -1.000000	 15.000000	 32.559788	 9.400284	 9.361626	 1
1462090023.164	 250.293304	 -1.000000	 15.000000	 32.316959	 8.812553	 9.528633	 1
1462090023.185	 250.310654	 -1.000000	 15.000000	 31.761929	 8.881699	 9.595432	 1
1462090023.206	 250.325073	 -1.000000	 15.000000	 32.074135	 9.123703	 9.562031	 1
1462090023.225	 250.335190	 -1.000000	 15.000000	 32.108826	 9.296555	 9.395027	 1
1462090023.254	 250.342041	 -1.000000	 15.000000	 32.212894	 9.054550	 9.361626	 1
1462090023.270	 250.338608	 -1.000000	 15.000000	 32.351650	 9.538567	 8.960815	 1
1462090023.284	 250.338593	 -1.000000	 15.000000	 32.247581	 9.434860	 9.061016	 1
1462090023.317	 250.344070	 -1.000000	 15.000000	 32.039444	 9.019989	 9.261421	 1
1462090023.326	 250.345688	 -1.000000	 15.000000	 31.970066	 8.881706	 9.127815	 1
1462090023.345	 250.339478	 -1.000000	 15.000000	 31.831306	 9.019989	 8.793812	 1
1462090023.365	 250.334976	 -1.000000	 15.000000	 31.865997	 8.916275	 8.894012	 1
1462090023.385	 250.328842	 -1.000000	 15.000000	 31.831303	 9.158279	 8.793812	 1
1462090023.408	 250.321426	 -1.000000	 15.000000	 31.657856	 9.192856	 8.693611	 1
1462090023.425	 250.318924	 -1.000000	 15.000000	 31.727238	 9.123703	 8.894012	 1
1462090023.445	 250.323593	 -1.000000	 15.000000	 31.935371	 9.054558	 9.228020	 1
1462090023.465	 250.327271	 -1.000000	 15.000000	 32.074131	 9.123703	 9.228020	 1
1462090023.486	 250.320007	 -1.000000	 15.000000	 32.525101	 9.089127	 8.994213	 1
1462090023.505	 250.308334	 -1.000000	 15.000000	 32.733238	 9.158272	 8.860611	 1
1462090023.526	 250.291992	 -1.000000	 15.000000	 32.837311	 9.607712	 8.626808	 1
1462090023.547	 250.276398	 -1.000000	 15.000000	 32.490414	 9.469429	 8.560009	 1
1462090023.566	 250.248077	 -1.000000	 15.000000	 32.837311	 9.676865	 8.159203	 1
1462090023.586	 250.231216	 -1.000000	 15.000000	 32.698551	 9.676865	 8.493210	 1
1462090023.607	 250.218796	 -1.000000	 15.000000	 32.594479	 9.780586	 8.593410	 1
1462090023.627	 250.205765	 -1.000000	 15.000000	 32.559788	 9.192856	 8.626808	 1
1462090023.647	 250.191818	 -1.000000	 15.000000	 32.698551	 9.262009	 8.626808	 1
1462090023.668	 250.189743	 -1.000000	 15.000000	 32.247581	 9.089142	 8.927414	 1
1462090023.687	 250.194061	 -1.000000	 15.000000	 32.143513	 9.192863	 9.094418	 1
1462090023.710	 250.197754	 -1.000000	 15.000000	 32.282276	 9.262009	 9.094418	 1
1462090023.734	 250.198257	 -1.000000	 15.000000	 32.282276	 9.331146	 8.960819	 1
1462090023.749	 250.208878	 -1.000000	 15.000000	 32.074135	 9.400284	 9.228020	 1
1462090023.770	 250.227203	 -1.000000	 15.000000	 31.866001	 9.400284	 9.428425	 1
1462090023.792	 250.236801	 -1.000000	 15.000000	 32.039448	 9.296577	 9.194618	 1
1462090023.811	 250.250305	 -1.000000	 15.000000	 31.831310	 9.227432	 9.261421	 1
1462090023.830	 250.272766	 -1.000000	 15.000000	 31.623173	 9.434868	 9.461826	 1
1462090023.851	 250.287262	 -1.000000	 15.000000	 31.831310	 9.365730	 9.261421	 1
1462090023.869	 250.299683	 -1.000000	 15.000000	 32.108829	 9.089157	 9.328224	 1
1462090023.889	 250.322998	 -1.000000	 15.000000	 31.970066	 9.158295	 9.662231	 1
1462090023.912	 250.332306	 -1.000000	 15.000000	 32.178207	 9.020004	 9.261425	 1
1462090023.929	 250.339890	 -1.000000	 15.000000	 32.386345	 9.089157	 9.261425	 1
1462090023.950	 250.346375	 -1.000000	 15.000000	 32.594482	 8.881721	 9.328224	 1
1462090023.978	 250.345673	 -1.000000	 15.000000	 32.351654	 9.054581	 8.960819	 1
1462090023.992	 250.332962	 -1.000000	 15.000000	 32.316963	 9.089157	 8.526611	 1
1462090024.012	 250.328918	 -1.000000	 15.000000	 31.831306	 9.227432	 8.660210	 1
1462090024.037	 250.326294	 -1.000000	 15.000000	 31.692547	 8.881706	 8.727013	 1
1462090024.050	 250.322586	 -1.000000	 15.000000	 31.519100	 9.331146	 8.560009	 1
1462090024.071	 250.319534	 -1.000000	 15.000000	 31.692547	 9.573151	 8.593410	 1
1462090024.096	 250.318329	 -1.000000	 15.000000	 32.074131	 9.262009	 8.827213	 1
1462090024.111	 250.322601	 -1.000000	 15.000000	 32.386341	 9.227432	 9.127815	 1
1462090024.131	 250.324127	 -1.000000	 15.000000	 32.386341	 9.434868	 8.994213	 1
1462090024.151	 250.328171	 -1.000000	 15.000000	 32.282269	 9.192863	 9.094414	 1
1462090024.171	 250.341934	 -1.000000	 15.000000	 32.143513	 9.054581	 9.428421	 1
1462090024.192	 250.350693	 -1.000000	 15.000000	 32.039444	 9.227448	 9.194618	 1
1462090024.215	 250.356476	 -1.000000	 15.000000	 32.004753	 9.192879	 9.094418	 1
1462090024.232	 250.357300	 -1.000000	 15.000000	 32.212894	 9.400314	 8.960819	 1
1462090024.254	 250.365799	 -1.000000	 15.000000	 32.247581	 9.711472	 9.194622	 1
1462090024.275	 250.369659	 -1.000000	 15.000000	 32.351650	 9.607758	 9.094421	 1
1462090024.293	 250.380447	 -1.000000	 15.000000	 32.108822	 9.573189	 9.261421	 1
1462090024.317	 250.389374	 -1.000000	 15.000000	 32.212891	 9.607758	 9.228024	 1
1462090024.335	 250.399811	 -1.000000	 15.000000	 32.178200	 9.296600	 9.328224	 1
1462090024.364	 250.402679	 -1.000000	 15.000000	 32.108822	 9.158310	 9.061020	 1
1462090024.377	 250.399323	 -1.000000	 15.000000	 32.178200	 9.158310	 8.860619	 1
1462090024.395	 250.393051	 -1.000000	 15.000000	 32.212891	 9.192886	 8.760414	 1
1462090024.424	 250.381485	 -1.000000	 15.000000	 32.143513	 9.123749	 8.560013	 1
1462090024.437	 250.371857	 -1.000000	 15.000000	 31.935371	 9.123749	 8.560013	 1
1462090024.455	 250.357941	 -1.000000	 15.000000	 32.108822	 9.158318	 8.459812	 1
1462090024.483	 250.345612	 -1.000000	 15.000000	 32.178204	 9.227463	 8.526611	 1
1462090024.497	 250.334351	 -1.000000	 15.000000	 32.178204	 9.020027	 8.593410	 1
1462090024.516	 250.326645	 -1.000000	 15.000000	 31.865997	 8.847160	 8.626808	 1
1462090024.542	 250.320496	 -1.000000	 15.000000	 32.108826	 9.020027	 8.727013	 1
1462090024.556	 250.312378	 -1.000000	 15.000000	 32.108826	 8.950874	 8.660210	 1
1462090024.574	 250.299301	 -1.000000	 15.000000	 32.282272	 8.847160	 8.560009	 1
1462090024.595	 250.289230	 -1.000000	 15.000000	 32.421032	 8.916306	 8.693611	 1
1462090024.617	 250.279160	 -1.000000	 15.000000	 32.837307	 9.262032	 8.760414	 1
1462090024.636	 250.276749	 -1.000000	 15.000000	 32.663857	 9.504044	 8.927418	 1
1462090024.656	 250.278366	 -1.000000	 15.000000	 32.733234	 9.296616	 9.127819	 1
1462090024.676	 250.291138	 -1.000000	 15.000000	 32.316959	 9.227463	 9.395023	 1
1462090024.696	 250.306320	 -1.000000	 15.000000	 32.108822	 9.296600	 9.395023	 1
1462090024.716	 250.329468	 -1.000000	 15.000000	 32.108822	 9.089165	 9.729027	 1
1462090024.746	 250.343170	 -1.000000	 15.000000	 32.559788	 8.639725	 9.628826	 1
1462090024.766	 250.359512	 -1.000000	 15.000000	 32.282269	 9.054596	 9.562027	 1
1462090024.786	 250.365097	 -1.000000	 15.000000	 32.802612	 9.227463	 9.328224	 1
1462090024.806	 250.365021	 -1.000000	 15.000000	 32.837299	 9.469467	 9.094421	 1
1462090024.827	 250.362045	 -1.000000	 15.000000	 32.802612	 9.089165	 9.061020	 1
1462090024.847	 250.364777	 -1.000000	 15.000000	 32.421024	 9.400322	 9.094421	 1
1462090024.870	 250.362366	 -1.000000	 15.000000	 32.282269	 8.847160	 8.960819	 1
1462090024.886	 250.370377	 -1.000000	 15.000000	 31.935371	 8.778023	 9.228020	 1
1462090024.907	 250.375809	 -1.000000	 15.000000	 32.178200	 8.536018	 9.261421	 1
1462090024.929	 250.377533	 -1.000000	 15.000000	 32.455719	 9.089180	 9.127819	 1
1462090024.948	 250.373566	 -1.000000	 15.000000	 32.525101	 9.227463	 8.927418	 1
1462090024.968	 250.372971	 -1.000000	 15.000000	 32.837307	 9.538620	 9.094418	 1
1462090024.989	 250.372925	 -1.000000	 15.000000	 32.733238	 9.642326	 9.061016	 1
1462090025.008	 250.378281	 -1.000000	 15.000000	 32.455723	 9.434891	 9.194618	 1
1462090025.028	 250.385544	 -1.000000	 15.000000	 31.970066	 9.296600	 9.127819	 1
1462090025.049	 250.387436	 -1.000000	 15.000000	 31.865997	 8.985443	 8.960815	 1
1462090025.072	 250.393661	 -1.000000	 15.000000	 31.588478	 9.331169	 8.960815	 1
1462090025.091	 250.390045	 -1.000000	 15.000000	 31.692547	 9.296600	 8.660210	 1
1462090025.109	 250.392517	 -1.000000	 15.000000	 31.796616	 9.746040	 8.827213	 1
1462090025.131	 250.384628	 -1.000000	 15.000000	 31.865993	 9.746040	 8.493206	 1
1462090025.151	 250.390411	 -1.000000	 15.000000	 32.143513	 9.884323	 9.027615	 1
1462090025.172	 250.391556	 -1.000000	 15.000000	 32.282269	 9.607742	 8.960815	 1
1462090025.190	 250.398636	 -1.000000	 15.000000	 32.178200	 9.642319	 9.127819	 1
1462090025.210	 250.393890	 -1.000000	 15.000000	 32.316959	 9.434883	 8.793816	 1
1462090025.231	 250.390121	 -1.000000	 15.000000	 32.767925	 9.469452	 8.960815	 1
1462090025.250	 250.389175	 -1.000000	 15.000000	 32.490406	 9.538589	 8.960815	 1
1462090025.270	 250.382584	 -1.000000	 15.000000	 32.733234	 9.434868	 8.860615	 1
1462090025.291	 250.376541	 -1.000000	 15.000000	 32.767925	 9.400299	 8.894012	 1
1462090025.311	 250.370331	 -1.000000	 15.000000	 32.490406	 9.192863	 8.827213	 1
1462090025.331	 250.375961	 -1.000000	 15.000000	 32.316959	 9.573166	 9.127815	 1
1462090025.351	 250.365814	 -1.000000	 15.000000	 32.316959	 9.504021	 8.593407	 1
1462090025.371	 250.360291	 -1.000000	 15.000000	 32.074131	 8.985443	 8.760410	 1
1462090025.391	 250.344772	 -1.000000	 15.000000	 32.247581	 8.950874	 8.459805	 1
1462090025.411	 250.338089	 -1.000000	 15.000000	 32.421028	 9.262032	 8.760410	 1
1462090025.432	 250.324127	 -1.000000	 15.000000	 32.247578	 8.743454	 8.526608	 1
1462090025.452	 250.313980	 -1.000000	 15.000000	 32.212891	 8.847160	 8.626808	 1
1462090025.477	 250.304413	 -1.000000	 15.000000	 32.455719	 9.227463	 8.660210	 1
1462090025.492	 250.302811	 -1.000000	 15.000000	 32.386341	 9.158318	 8.927418	 1
1462090025.514	 250.302872	 -1.000000	 15.000000	 32.212894	 9.331169	 8.894016	 1
1462090025.533	 250.316956	 -1.000000	 15.000000	 31.935375	 9.607742	 9.228020	 1
1462090025.553	 250.334442	 -1.000000	 15.000000	 32.074135	 9.469452	 9.428425	 1
1462090025.574	 250.352386	 -1.000000	 15.000000	 31.796619	 9.746040	 9.294823	 1
1462090025.595	 250.368011	 -1.000000	 15.000000	 31.796619	 9.676895	 9.228020	 1
1462090025.614	 250.373062	 -1.000000	 15.000000	 32.212894	 9.538620	 9.027615	 1
1462090025.634	 250.370361	 -1.000000	 15.000000	 32.525101	 9.504044	 8.860611	 1
1462090025.656	 250.368973	 -1.000000	 15.000000	 32.455719	 9.573189	 8.860611	 1
1462090025.676	 250.360657	 -1.000000	 15.000000	 32.490406	 9.469475	 8.626808	 1
1462090025.694	 250.351334	 -1.000000	 15.000000	 32.247578	 9.711479	 8.459808	 1
1462090025.716	 250.347000	 -1.000000	 15.000000	 32.004749	 9.607758	 8.560009	 1
1462090025.745	 250.335022	 -1.000000	 15.000000	 32.143513	 9.469475	 8.359608	 1
1462090025.757	 250.317780	 -1.000000	 15.000000	 32.039444	 9.573189	 8.125805	 1
1462090025.776	 250.303406	 -1.000000	 15.000000	 32.351650	 9.607758	 8.292809	 1
1462090025.804	 250.295593	 -1.000000	 15.000000	 32.733234	 9.434891	 8.660210	 1
1462090025.816	 250.289734	 -1.000000	 15.000000	 32.629169	 9.815193	 8.626812	 1
1462090025.836	 250.293655	 -1.000000	 15.000000	 32.282272	 9.953484	 8.827217	 1
1462090025.864	 250.303375	 -1.000000	 15.000000	 32.559788	 9.746048	 9.161217	 1
1462090025.877	 250.319321	 -1.000000	 15.000000	 32.282272	 9.746048	 9.294823	 1
1462090025.898	 250.332306	 -1.000000	 15.000000	 32.247581	 10.057198	 9.127819	 1
1462090025.923	 250.344406	 -1.000000	 15.000000	 32.490410	 9.815193	 9.228020	 1
1462090025.939	 250.344696	 -1.000000	 15.000000	 32.871998	 9.849762	 8.927418	 1
1462090025.958	 250.350311	 -1.000000	 15.000000	 32.698547	 9.953484	 9.027622	 1
1462090025.983	 250.358383	 -1.000000	 15.000000	 32.629169	 9.953484	 9.094421	 1
1462090025.998	 250.367447	 -1.000000	 15.000000	 32.490406	 9.884346	 9.094421	 1
1462090026.018	 250.379425	 -1.000000	 15.000000	 32.143513	 9.815201	 9.094421	 1
1462090026.039	 250.403442	 -1.000000	 15.000000	 31.900684	 9.711479	 9.461826	 1
1462090026.059	 250.414322	 -1.000000	 15.000000	 31.865993	 9.538620	 9.027618	 1
1462090026.079	 250.423935	 -1.000000	 15.000000	 32.178200	 9.711479	 9.061020	 1
1462090026.101	 250.429337	 -1.000000	 15.000000	 32.351650	 9.607758	 9.027618	 1
1462090026.120	 249.967041	 -1.000000	 15.000000	 32.837303	 9.400322	 8.760414	 1
1462090026.140	 248.210236	 -1.000000	 15.000000	 32.837303	 9.054611	 8.292809	 1
1462090026.171	 247.357483	 -1.000000	 15.000000	 32.941376	 8.466873	 8.125801	 1
1462090026.182	 244.567596	 -1.000000	 15.000000	 32.767929	 7.464279	 7.424393	 1
1462090026.203	 242.406326	 -1.000000	 15.000000	 33.080135	 6.876541	 7.123787	 1
1462090026.222	 239.562683	 -1.000000	 15.000000	 33.288273	 6.046799	 6.522579	 1
1462090026.242	 237.229324	 -1.000000	 15.000000	 34.086136	 5.044205	 6.422379	 1
1462090026.265	 234.152695	 -1.000000	 15.000000	 34.779926	 4.145317	 5.954773	 1
1462090026.282	 231.274536	 -1.000000	 15.000000	 35.230888	 3.004425	 5.720970	 1
1462090026.302	 229.722382	 -1.000000	 15.000000	 35.300266	 1.414093	 5.186562	 1
1462090026.323	 225.359680	 -1.000000	 15.000000	 35.508404	 -0.314529	 5.052963	 1
1462090026.343	 221.151443	 -1.000000	 15.000000	 35.196198	 -2.285149	 4.084351	 1
1462090026.362	 216.561340	 -1.000000	 15.000000	 34.918682	 -3.944626	 2.948734	 1
1462090026.382	 211.267395	 -1.000000	 15.000000	 34.849304	 -5.673248	 1.412312	 1
1462090026.404	 206.218597	 -1.000000	 15.000000	 34.294270	 -7.471016	 -0.257713	 1
1462090026.424	 202.544189	 -1.000000	 15.000000	 33.877995	 -9.061348	 -2.194942	 1
1462090026.444	 197.232056	 -1.000000	 15.000000	 33.149509	 -10.617111	 -4.031967	 1
1462090026.488	 193.257431	 -1.000000	 15.000000	 31.900684	 -12.829742	 -5.501583	 1
1462090026.493	 190.864578	 -1.000000	 15.000000	 30.582478	 -14.834946	 -6.704002	 1
1462090026.505	 186.111923	 -1.000000	 15.000000	 29.090824	 -16.943863	 -8.006618	 1
1462090026.523	 182.028030	 -1.000000	 15.000000	 27.078827	 -18.949066	 -9.275841	 1
1462090026.543	 178.141510	 -1.000000	 15.000000	 24.928072	 -20.746834	 -10.478256	 1
1462090026.565	 174.490112	 -1.000000	 15.000000	 22.812008	 -22.302597	 -11.714073	 1
1462090026.584	 170.947449	 -1.000000	 15.000000	 20.349045	 -24.065788	 -12.949890	 1
1462090026.606	 168.518295	 -1.000000	 15.000000	 17.747322	 -25.552399	 -13.718094	 1
1462090026.624	 164.796555	 -1.000000	 15.000000	 14.868084	 -27.108162	 -14.553108	 1
1462090026.644	 161.645950	 -1.000000	 15.000000	 11.954156	 -28.214485	 -15.087524	 1
1462090026.664	 159.579590	 -1.000000	 15.000000	 8.728021	 -29.424515	 -15.120918	 1
1462090026.684	 157.258850	 -1.000000	 15.000000	 5.918163	 -30.357971	 -14.887115	 1
1462090026.706	 155.785217	 -1.000000	 15.000000	 3.281753	 -30.911125	 -14.486313	 1
1462090026.725	 155.178635	 -1.000000	 15.000000	 1.061617	 -31.395142	 -13.417503	 1
1462090026.745	 155.227692	 -1.000000	 15.000000	 -0.776933	 -32.466888	 -12.048080	 1
1462090026.768	 155.161713	 -1.000000	 15.000000	 -1.991069	 -32.985474	 -10.812263	 1
1462090026.796	 155.217880	 -1.000000	 15.000000	 -3.586793	 -33.331196	 -9.409447	 1
1462090026.807	 155.327789	 -1.000000	 15.000000	 -4.315275	 -33.711494	 -8.374031	 1
1462090026.827	 155.625183	 -1.000000	 15.000000	 -5.113135	 -34.230080	 -7.405418	 1
1462090026.856	 156.099472	 -1.000000	 15.000000	 -5.876307	 -34.022644	 -6.603806	 1
1462090026.867	 157.087891	 -1.000000	 15.000000	 -6.119136	 -33.918926	 -6.236397	 1
1462090026.887	 158.464874	 -1.000000	 15.000000	 -5.876307	 -33.746063	 -6.002598	 1
1462090026.915	 159.394485	 -1.000000	 15.000000	 -6.153821	 -34.091789	 -6.069401	 1
1462090026.927	 159.964325	 -1.000000	 15.000000	 -6.396649	 -33.780640	 -6.169601	 1
1462090026.948	 161.000000	 -1.000000	 15.000000	 -5.876307	 -34.091789	 -6.136204	 1
1462090026.975	 161.577896	 -1.000000	 15.000000	 -5.876307	 -34.091789	 -5.935799	 1
1462090026.988	 161.950684	 -1.000000	 15.000000	 -5.910996	 -34.126362	 -5.902401	 1
1462090027.007	 162.524506	 -1.000000	 15.000000	 -5.598792	 -33.953499	 -5.468197	 1
1462090027.034	 163.095703	 -1.000000	 15.000000	 -5.078446	 -34.057213	 -5.635201	 1
1462090027.048	 163.033417	 -1.000000	 15.000000	 -5.286582	 -33.849781	 -5.835606	 1
1462090027.069	 163.267166	 -1.000000	 15.000000	 -5.078444	 -33.849781	 -5.835606	 1
1462090027.094	 163.235504	 -1.000000	 15.000000	 -5.286582	 -34.264648	 -5.902409	 1
1462090027.108	 163.131775	 -1.000000	 15.000000	 -5.355961	 -34.333794	 -6.236412	 1
1462090027.141	 163.331390	 -1.000000	 15.000000	 -5.286582	 -34.541229	 -5.835606	 1
1462090027.149	 164.016861	 -1.000000	 15.000000	 -4.662171	 -34.748665	 -5.501595	 1
1462090027.169	 164.143723	 -1.000000	 15.000000	 -4.662171	 -34.817810	 -5.434799	 1
1462090027.189	 164.426224	 -1.000000	 15.000000	 -4.176515	 -34.472088	 -5.301193	 1
1462090027.213	 164.278915	 -1.000000	 15.000000	 -4.211204	 -34.506660	 -5.134190	 1
1462090027.230	 163.838608	 -1.000000	 15.000000	 -4.419343	 -34.506660	 -5.401390	 1
1462090027.250	 163.455765	 -1.000000	 15.000000	 -4.523411	 -34.264656	 -5.701992	 1
1462090027.270	 163.165833	 -1.000000	 15.000000	 -4.592793	 -34.126362	 -5.835594	 1
1462090027.293	 162.631668	 -1.000000	 15.000000	 -4.870311	 -34.264656	 -5.902390	 1
1462090027.311	 162.074463	 -1.000000	 15.000000	 -5.043757	 -34.022652	 -5.668587	 1
1462090027.331	 161.581146	 -1.000000	 15.000000	 -5.009068	 -33.988079	 -5.501583	 1
1462090027.354	 161.433228	 -1.000000	 15.000000	 -5.009068	 -33.780647	 -5.501583	 1
1462090027.374	 161.263519	 -1.000000	 15.000000	 -5.182514	 -34.022652	 -5.334579	 1
1462090027.392	 161.191315	 -1.000000	 15.000000	 -5.113135	 -33.884357	 -5.401382	 1
1462090027.413	 161.212830	 -1.000000	 15.000000	 -4.905000	 -34.368370	 -5.802189	 1
1462090027.434	 160.833862	 -1.000000	 15.000000	 -4.974379	 -34.437519	 -5.868992	 1
1462090027.452	 160.154358	 -1.000000	 15.000000	 -5.321275	 -34.783245	 -5.868992	 1
1462090027.472	 160.024277	 -1.000000	 15.000000	 -5.182517	 -34.575813	 -5.868992	 1
1462090027.493	 160.161774	 -1.000000	 15.000000	 -5.182517	 -34.852394	 -5.802189	 1
1462090027.512	 160.522919	 -1.000000	 15.000000	 -5.147828	 -34.610382	 -5.635185	 1
1462090027.532	 160.486786	 -1.000000	 15.000000	 -5.113139	 -34.368378	 -5.735386	 1
1462090027.555	 160.812210	 -1.000000	 15.000000	 -4.870311	 -34.126373	 -5.835587	 1
1462090027.572	 160.723602	 -1.000000	 15.000000	 -4.939689	 -34.126373	 -6.035988	 1
1462090027.593	 160.173859	 -1.000000	 15.000000	 -5.113135	 -33.676933	 -6.202995	 1
1462090027.614	 159.841705	 -1.000000	 15.000000	 -5.251893	 -34.022663	 -6.470200	 1
1462090027.633	 159.722397	 -1.000000	 15.000000	 -5.321272	 -34.160957	 -6.603806	 1
1462090027.654	 159.320328	 -1.000000	 15.000000	 -5.529410	 -34.299248	 -6.737411	 1
1462090027.675	 159.034088	 -1.000000	 15.000000	 -5.564100	 -34.126385	 -6.904415	 1
1462090027.694	 159.059052	 -1.000000	 15.000000	 -5.390654	 -34.230103	 -6.871017	 1
1462090027.714	 159.082443	 -1.000000	 15.000000	 -5.321275	 -33.607800	 -6.603813	 1
1462090027.735	 159.076447	 -1.000000	 15.000000	 -5.460032	 -33.469513	 -6.737411	 1
1462090027.755	 159.054306	 -1.000000	 15.000000	 -5.564100	 -33.434944	 -6.837612	 1
1462090027.784	 159.018997	 -1.000000	 15.000000	 -5.806928	 -33.607807	 -6.804207	 1
1462090027.804	 158.946930	 -1.000000	 15.000000	 -6.119136	 -33.573235	 -7.104813	 1
1462090027.825	 158.869080	 -1.000000	 15.000000	 -6.327271	 -33.711529	 -7.171616	 1
1462090027.844	 158.821625	 -1.000000	 15.000000	 -6.119136	 -33.780678	 -6.904415	 1
1462090027.865	 158.790405	 -1.000000	 15.000000	 -5.911000	 -33.504097	 -6.837612	 1
1462090027.885	 158.164734	 -1.000000	 15.000000	 -5.911000	 -33.642384	 -6.770809	 1
1462090027.907	 158.265488	 -1.000000	 15.000000	 -5.806928	 -33.607807	 -6.603806	 1
1462090027.925	 159.214294	 -1.000000	 15.000000	 -5.355964	 -33.711525	 -6.570408	 1
1462090027.945	 159.113251	 -1.000000	 15.000000	 -5.529410	 -33.538658	 -6.537010	 1
1462090027.968	 159.156372	 -1.000000	 15.000000	 -5.598789	 -33.746094	 -6.403408	 1
1462090027.990	 160.549713	 -1.000000	 15.000000	 -5.009065	 -33.780670	 -6.370003	 1
1462090028.007	 161.197922	 -1.000000	 15.000000	 -4.835618	 -34.091827	 -6.403404	 1
1462090028.030	 160.698914	 -1.000000	 15.000000	 -5.182514	 -34.091827	 -6.336605	 1
1462090028.056	 160.976593	 -1.000000	 15.000000	 -4.905000	 -34.230122	 -6.470211	 1
1462090028.067	 161.212799	 -1.000000	 15.000000	 -4.835621	 -34.506695	 -6.403408	 1
1462090028.093	 161.321991	 -1.000000	 15.000000	 -4.835621	 -34.506695	 -6.203007	 1
1462090028.116	 160.966904	 -1.000000	 15.000000	 -5.113139	 -34.714130	 -6.069405	 1
1462090028.127	 161.412415	 -1.000000	 15.000000	 -4.800932	 -34.610413	 -6.102806	 1
1462090028.147	 161.610382	 -1.000000	 15.000000	 -4.835621	 -34.852425	 -5.935799	 1
1462090028.175	 161.220581	 -1.000000	 15.000000	 -5.043757	 -34.575848	 -5.869003	 1
1462090028.188	 160.381287	 -1.000000	 15.000000	 -5.321275	 -34.506706	 -6.269810	 1
1462090028.207	 160.696106	 -1.000000	 15.000000	 -5.043757	 -34.091839	 -6.069405	 1
1462090028.235	 160.695343	 -1.000000	 15.000000	 -5.078446	 -34.195557	 -6.036007	 1
1462090028.248	 160.665222	 -1.000000	 15.000000	 -5.598789	 -34.022694	 -6.069405	 1
1462090028.269	 160.651016	 -1.000000	 15.000000	 -5.355961	 -34.126411	 -6.036007	 1
1462090028.294	 160.634155	 -1.000000	 15.000000	 -5.460029	 -33.953545	 -5.935806	 1
1462090028.309	 160.605698	 -1.000000	 15.000000	 -5.737546	 -34.022686	 -6.069405	 1
1462090028.331	 160.571045	 -1.000000	 15.000000	 -5.876307	 -34.022686	 -6.269810	 1
1462090028.354	 160.542450	 -1.000000	 15.000000	 -5.737550	 -34.091835	 -6.403416	 1
1462090028.369	 160.498947	 -1.000000	 15.000000	 -5.911000	 -33.988117	 -6.904423	 1
1462090028.390	 160.465149	 -1.000000	 15.000000	 -5.668171	 -33.953545	 -6.871017	 1
1462090028.413	 160.442535	 -1.000000	 15.000000	 -5.425343	 -33.849831	 -6.770817	 1
1462090028.430	 160.408447	 -1.000000	 15.000000	 -5.702861	 -33.504108	 -6.770817	 1
1462090028.450	 160.372482	 -1.000000	 15.000000	 -5.772239	 -33.504108	 -6.837620	 1
1462090028.471	 160.332031	 -1.000000	 15.000000	 -5.980374	 -33.296673	 -6.570419	 1
1462090028.492	 160.295135	 -1.000000	 15.000000	 -6.119136	 -33.642403	 -6.303219	 1
1462090028.511	 160.269608	 -1.000000	 15.000000	 -5.841619	 -33.849834	 -6.370022	 1
1462090028.531	 160.250778	 -1.000000	 15.000000	 -5.633479	 -34.126411	 -6.570427	 1
1462090028.553	 160.241394	 -1.000000	 15.000000	 -5.460029	 -34.022694	 -6.269821	 1
1462090028.574	 160.242584	 -1.000000	 15.000000	 -5.286582	 -34.402985	 -6.102818	 1
1462090028.593	 160.236969	 -1.000000	 15.000000	 -5.460029	 -34.299267	 -6.136215	 1
1462090028.613	 160.218292	 -1.000000	 15.000000	 -5.806926	 -34.230122	 -6.269814	 1
1462090028.634	 160.205200	 -1.000000	 15.000000	 -5.737546	 -34.230122	 -6.069412	 1
1462090028.652	 160.197769	 -1.000000	 15.000000	 -5.598789	 -34.230122	 -6.069412	 1
1462090028.673	 160.196869	 -1.000000	 15.000000	 -5.390651	 -34.230122	 -6.136215	 1
1462090028.693	 160.198761	 -1.000000	 15.000000	 -5.217204	 -33.918968	 -6.169613	 1
1462090028.714	 160.203949	 -1.000000	 15.000000	 -5.043757	 -33.746105	 -6.203011	 1
1462090028.732	 160.201370	 -1.000000	 15.000000	 -5.321275	 -33.676960	 -6.002609	 1
1462090028.754	 160.199661	 -1.000000	 15.000000	 -5.251896	 -33.676960	 -6.136215	 1
1462090028.782	 160.187485	 -1.000000	 15.000000	 -5.598792	 -33.538673	 -6.203011	 1
1462090028.802	 160.180405	 -1.000000	 15.000000	 -5.494724	 -33.711536	 -6.169613	 1
1462090028.823	 160.175171	 -1.000000	 15.000000	 -5.460035	 -33.884399	 -6.203011	 1
1462090028.844	 160.177002	 -1.000000	 15.000000	 -5.251896	 -34.230122	 -6.203011	 1
1462090028.863	 160.171829	 -1.000000	 15.000000	 -5.390654	 -34.022686	 -6.403416	 1
1462090028.883	 160.170273	 -1.000000	 15.000000	 -5.355964	 -34.195549	 -6.236412	 1
1462090028.904	 160.165314	 -1.000000	 15.000000	 -5.460032	 -34.437553	 -6.470211	 1
1462090028.923	 160.157196	 -1.000000	 15.000000	 -5.668168	 -34.575844	 -6.336605	 1
1462090028.944	 160.150375	 -1.000000	 15.000000	 -5.494721	 -34.195545	 -6.436806	 1
1462090028.965	 160.152817	 -1.000000	 15.000000	 -5.251896	 -34.299263	 -6.136204	 1
1462090028.983	 160.154922	 -1.000000	 15.000000	 -5.043760	 -33.953533	 -6.537010	 1
1462090029.004	 160.154617	 -1.000000	 15.000000	 -5.113139	 -33.746101	 -6.470211	 1
1462090029.028	 160.161911	 -1.000000	 15.000000	 -4.974381	 -33.953533	 -6.269810	 1
1462090029.045	 160.166580	 -1.000000	 15.000000	 -5.078449	 -33.918964	 -6.236412	 1
1462090029.065	 160.168152	 -1.000000	 15.000000	 -5.182517	 -34.022682	 -6.336613	 1
1462090029.085	 160.167206	 -1.000000	 15.000000	 -5.355964	 -33.988106	 -5.969212	 1
1462090029.105	 160.167480	 -1.000000	 15.000000	 -5.251896	 -34.022675	 -6.136215	 1
1462090029.126	 160.166183	 -1.000000	 15.000000	 -5.078446	 -33.573235	 -6.503624	 1
1462090029.145	 160.161301	 -1.000000	 15.000000	 -5.251893	 -33.538666	 -6.470222	 1
1462090029.167	 160.157242	 -1.000000	 15.000000	 -5.182514	 -33.469521	 -6.537022	 1
1462090029.186	 160.153183	 -1.000000	 15.000000	 -5.217204	 -33.642384	 -6.570419	 1
1462090029.206	 160.148880	 -1.000000	 15.000000	 -5.321272	 -33.746101	 -6.403416	 1
1462090029.226	 160.134918	 -1.000000	 15.000000	 -5.737546	 -33.884388	 -6.403416	 1
1462090029.247	 160.122467	 -1.000000	 15.000000	 -5.772237	 -34.195538	 -6.370018	 1
1462090029.268	 160.107315	 -1.000000	 15.000000	 -5.910993	 -34.057243	 -6.169613	 1
1462090029.287	 160.095703	 -1.000000	 15.000000	 -5.841615	 -33.988106	 -5.969212	 1
1462090029.307	 160.082382	 -1.000000	 15.000000	 -5.945683	 -33.746101	 -5.735409	 1
1462090029.330	 160.075272	 -1.000000	 15.000000	 -5.772237	 -33.642384	 -5.568405	 1
1462090029.348	 160.071136	 -1.000000	 15.000000	 -5.668168	 -33.676960	 -5.601803	 1
1462090029.371	 160.064896	 -1.000000	 15.000000	 -5.737546	 -33.746105	 -5.735409	 1
1462090029.389	 160.056747	 -1.000000	 15.000000	 -5.737546	 -33.884392	 -6.069420	 1
1462090029.410	 160.044846	 -1.000000	 15.000000	 -5.876307	 -34.160973	 -6.269821	 1
1462090029.434	 160.027603	 -1.000000	 15.000000	 -5.980374	 -34.057259	 -6.436825	 1
1462090029.451	 160.004929	 -1.000000	 15.000000	 -6.153825	 -34.022686	 -6.470222	 1
1462090029.473	 159.988678	 -1.000000	 15.000000	 -5.911000	 -34.126404	 -6.503624	 1
1462090029.493	 159.980179	 -1.000000	 15.000000	 -5.737554	 -34.368416	 -6.336617	 1
1462090029.510	 159.980743	 -1.000000	 15.000000	 -5.355968	 -34.333843	 -6.436821	 1
1462090029.530	 159.997101	 -1.000000	 15.000000	 -5.009070	 -34.748711	 -5.969212	 1
1462090029.554	 160.015991	 -1.000000	 15.000000	 -4.905000	 -34.990715	 -6.136215	 1
1462090029.570	 160.026642	 -1.000000	 15.000000	 -5.217204	 -35.025288	 -6.169613	 1
1462090029.590	 160.028992	 -1.000000	 15.000000	 -5.425340	 -34.679558	 -6.236412	 1
1462090029.617	 160.022125	 -1.000000	 15.000000	 -5.668165	 -34.299263	 -6.269810	 1
1462090029.631	 160.002640	 -1.000000	 15.000000	 -5.980372	 -33.918964	 -6.503609	 1
1462090029.650	 159.989944	 -1.000000	 15.000000	 -5.876304	 -33.815247	 -6.069405	 1
1462090029.678	 159.985901	 -1.000000	 15.000000	 -5.668168	 -33.953533	 -5.869003	 1
1462090029.691	 159.981369	 -1.000000	 15.000000	 -5.668168	 -34.022682	 -6.002609	 1
1462090029.711	 159.982300	 -1.000000	 15.000000	 -5.564100	 -34.264690	 -5.835606	 1
1462090029.732	 159.983322	 -1.000000	 15.000000	 -5.529410	 -34.299263	 -5.869003	 1
1462090029.751	 159.974426	 -1.000000	 15.000000	 -5.633479	 -33.849823	 -6.303207	 1
1462090029.771	 159.961761	 -1.000000	 15.000000	 -5.668168	 -33.815254	 -6.603813	 1
1462090029.796	 159.953384	 -1.000000	 15.000000	 -5.668168	 -33.746105	 -6.203007	 1
1462090029.812	 159.946503	 -1.000000	 15.000000	 -5.633479	 -33.918968	 -6.303207	 1
1462090029.833	 159.941833	 -1.000000	 15.000000	 -5.633479	 -34.195549	 -6.236412	 1
1462090029.855	 159.939087	 -1.000000	 15.000000	 -5.702857	 -34.541279	 -6.036007	 1
1462090029.873	 159.933731	 -1.000000	 15.000000	 -5.841615	 -34.610420	 -5.969212	 1
1462090029.894	 159.934799	 -1.000000	 15.000000	 -5.564097	 -34.748711	 -6.102810	 1
1462090029.914	 159.937256	 -1.000000	 15.000000	 -5.494719	 -34.472130	 -5.969212	 1
1462090029.934	 159.935303	 -1.000000	 15.000000	 -5.564097	 -34.195549	 -6.102818	 1
1462090029.957	 159.943954	 -1.000000	 15.000000	 -5.182511	 -34.091835	 -6.002617	 1
1462090029.975	 159.964157	 -1.000000	 15.000000	 -4.870304	 -34.264690	 -5.768806	 1
1462090030.004	 159.981903	 -1.000000	 15.000000	 -4.939686	 -34.333832	 -5.902412	 1
1462090030.017	 160.001099	 -1.000000	 15.000000	 -4.974376	 -34.437550	 -5.668613	 1
1462090030.037	 160.019882	 -1.000000	 15.000000	 -5.043754	 -34.575836	 -5.535007	 1
1462090030.063	 160.032349	 -1.000000	 15.000000	 -5.390651	 -34.783272	 -5.334602	 1
1462090030.077	 160.036560	 -1.000000	 15.000000	 -5.633479	 -34.541267	 -5.434807	 1
1462090030.095	 160.037064	 -1.000000	 15.000000	 -5.841615	 -34.402977	 -5.167599	 1
1462090030.123	 160.032837	 -1.000000	 15.000000	 -5.876304	 -34.299263	 -5.535007	 1
1462090030.137	 160.034592	 -1.000000	 15.000000	 -5.633479	 -34.264690	 -5.501610	 1
1462090030.155	 160.035919	 -1.000000	 15.000000	 -5.494721	 -34.195545	 -5.835617	 1
1462090030.176	 160.036011	 -1.000000	 15.000000	 -5.460032	 -34.091827	 -6.002621	 1
1462090030.196	 160.029800	 -1.000000	 15.000000	 -5.702861	 -34.195545	 -6.102821	 1
1462090030.216	 160.023163	 -1.000000	 15.000000	 -5.702861	 -34.057259	 -6.102821	 1
1462090030.236	 160.010330	 -1.000000	 15.000000	 -5.945685	 -34.091827	 -6.136227	 1
1462090030.258	 159.999527	 -1.000000	 15.000000	 -5.945685	 -34.160973	 -5.935825	 1
1462090030.277	 159.983795	 -1.000000	 15.000000	 -6.153825	 -34.091827	 -5.802219	 1
1462090030.297	 159.967484	 -1.000000	 15.000000	 -6.015065	 -34.022682	 -6.203026	 1
1462090030.317	 159.952896	 -1.000000	 15.000000	 -5.910996	 -34.126396	 -6.370029	 1
1462090030.337	 159.944305	 -1.000000	 15.000000	 -5.772239	 -34.333832	 -6.370029	 1
1462090030.357	 159.935135	 -1.000000	 15.000000	 -5.633482	 -34.264687	 -6.770836	 1
1462090030.377	 159.934158	 -1.000000	 15.000000	 -5.355964	 -34.126396	 -6.637230	 1
1462090030.397	 159.943390	 -1.000000	 15.000000	 -5.043760	 -34.022682	 -6.203026	 1
1462090030.424	 159.953842	 -1.000000	 15.000000	 -5.147828	 -34.333832	 -5.835617	 1
1462090030.438	 159.964157	 -1.000000	 15.000000	 -5.078449	 -34.333832	 -6.036018	 1
1462090030.458	 159.974380	 -1.000000	 15.000000	 -5.078449	 -34.057259	 -5.702011	 1
1462090030.482	 159.976044	 -1.000000	 15.000000	 -5.355968	 -34.195549	 -5.835617	 1
1462090030.498	 159.975296	 -1.000000	 15.000000	 -5.460035	 -34.299267	 -5.869015	 1
1462090030.519	 159.972977	 -1.000000	 15.000000	 -5.425345	 -34.264690	 -5.902412	 1
1462090030.542	 159.965347	 -1.000000	 15.000000	 -5.668174	 -34.022686	 -5.601810	 1
1462090030.561	 159.949188	 -1.000000	 15.000000	 -6.015071	 -34.160980	 -5.668613	 1
1462090030.584	 159.944427	 -1.000000	 15.000000	 -5.702864	 -34.126411	 -5.301205	 1
1462090030.603	 159.931381	 -1.000000	 15.000000	 -5.911000	 -33.988121	 -5.568405	 1
1462090030.621	 159.910110	 -1.000000	 15.000000	 -6.153825	 -33.676971	 -5.601803	 1
1462090030.640	 159.890076	 -1.000000	 15.000000	 -6.049754	 -33.504108	 -5.635201	 1
1462090030.661	 159.872437	 -1.000000	 15.000000	 -5.945683	 -33.262104	 -5.535000	 1
1462090030.680	 159.855682	 -1.000000	 15.000000	 -5.876304	 -33.192955	 -5.601803	 1
1462090030.700	 159.845703	 -1.000000	 15.000000	 -5.737546	 -33.123810	 -5.267796	 1
1462090030.724	 159.844894	 -1.000000	 15.000000	 -5.529410	 -33.469536	 -5.067390	 1
1462090030.740	 159.849609	 -1.000000	 15.000000	 -5.321275	 -33.607830	 -5.134190	 1
1462090030.761	 159.860138	 -1.000000	 15.000000	 -5.217207	 -33.918983	 -4.833584	 1
1462090030.781	 159.862106	 -1.000000	 15.000000	 -5.564100	 -34.333851	 -5.033989	 1
1462090030.811	 159.869751	 -1.000000	 15.000000	 -5.425343	 -34.817863	 -4.967186	 1
1462090030.831	 159.872192	 -1.000000	 15.000000	 -5.598789	 -34.714149	 -5.000584	 1
1462090030.851	 159.877060	 -1.000000	 15.000000	 -5.598789	 -34.783295	 -4.800179	 1
1462090030.877	 159.881180	 -1.000000	 15.000000	 -5.494721	 -34.887012	 -5.234383	 1
1462090030.891	 159.886765	 -1.000000	 15.000000	 -5.355964	 -34.748726	 -5.367989	 1
1462090030.912	 159.887985	 -1.000000	 15.000000	 -5.390654	 -34.437572	 -5.534996	 1
1462090030.937	 159.893494	 -1.000000	 15.000000	 -5.113139	 -34.437572	 -5.802193	 1
1462090030.952	 159.892593	 -1.000000	 15.000000	 -5.286586	 -34.541290	 -6.035995	 1
1462090030.972	 159.883209	 -1.000000	 15.000000	 -5.529410	 -34.091850	 -6.002598	 1
1462090030.994	 159.879700	 -1.000000	 15.000000	 -5.321275	 -33.884418	 -5.868992	 1
1462090031.013	 159.872345	 -1.000000	 15.000000	 -5.494721	 -33.988136	 -5.902390	 1
1462090031.070	 159.864639	 -1.000000	 15.000000	 -5.633479	 -34.126423	 -5.701988	 1
1462090031.070	 159.860870	 -1.000000	 15.000000	 -5.494721	 -33.780693	 -5.501583	 1
1462090031.074	 159.863831	 -1.000000	 15.000000	 -5.355964	 -34.057274	 -5.367977	 1
1462090031.095	 159.869400	 -1.000000	 15.000000	 -5.321272	 -34.160992	 -5.267776	 1
1462090031.115	 159.875137	 -1.000000	 15.000000	 -5.286582	 -33.918987	 -5.234371	 1
1462090031.133	 159.872879	 -1.000000	 15.000000	 -5.494721	 -33.573261	 -5.234371	 1
