0,0,0,0,0,1462065410006,216692
10.2930137193,0.1250923518,-2.19351929745,1.297964,0.738819,0.382960,0,0,0,0,0,0,1462065410016,216702
10.2930137193,0.1250923518,-2.19351929745,1.326354,0.701104,0.352603,0,0,0,0,0,0,1462065410025,216711
10.8879673012,0.1195614576,-2.50236678315,1.404703,0.654149,0.311957,0,0,0,0,0,0,1462065410035,216721
11.4350354996,0.09666316335,-2.71544350155,1.484402,0.566062,0.282228,0,0,0,0,0,0,1462065410045,216731
11.7513653829,0.0799037694,-2.7589943901,1.557977,0.456836,0.265804,0,0,0,0,0,0,1462065410054,216740
11.864944845,0.0598591812,-2.53588557105,1.580259,0.344018,0.280663,0,0,0,0,0,0,1462065410063,216749
11.4321916,0.0710778744,-2.2440916758,1.551270,0.241685,0.319643,0,0,0,0,0,0,1462065410073,216759
10.9039813974,0.0843951693,-1.95349417965,1.460431,0.157729,0.331740,0,0,0,0,0,0,1462065410083,216769
10.2900227216,0.14589204435,-1.8375317259,1.301630,0.071036,0.332871,0,0,0,0,0,0,1462065410092,216778
9.7564189164,0.0261834885,-1.74924335625,1.136694,0.005477,0.329285,0,0,0,0,0,0,1462065410102,216788
9.7564189164,0.0261834885,-1.74924335625,1.011561,0.006026,0.326298,0,0,0,0,0,0,1462065410112,216798
9.4318613376,-0.00418739685,-1.72515846945,0.959972,0.103547,0.336276,0,0,0,0,0,0,1462065410122,216808
9.16685893695,-0.1024980606,-1.7966776386,0.964095,0.234321,0.350050,0,0,0,0,0,0,1462065410132,216818
8.9872911999,-0.155924145,-1.9437758886,0.982882,0.331078,0.374673,0,0,0,0,0,0,1462065410141,216827
8.95511590935,-0.373041162,-2.1178029249,0.998209,0.318569,0.436590,0,0,0,0,0,0,1462065410151,216837
8.8398987534,-0.73022513265,-2.3123256507,0.968985,0.177663,0.520995,0,0,0,0,0,0,1462065410160,216846
8.77061547765,-1.0498500168,-2.3810107269,0.917146,-0.032909,0.589959,0,0,0,0,0,0,1462065410170,216856
8.77061547765,-1.0498500168,-2.3810107269,0.815603,-0.282523,0.664890,0,0,0,0,0,0,1462065410179,216865
8.95107561075,-0.997326135,-2.387894925,0.729818,-0.501526,0.727637,0,0,0,0,0,0,1462065410188,216874
9.0591143721,-0.67860345345,-2.36664413115,0.632029,-0.657333,0.739001,0,0,0,0,0,0,1462065410198,216884
9.1952881254,-0.36077316795,-2.3353710432,0.546177,-0.751912,0.740926,0,0,0,0,0,0,1462065410208,216894
9.5050378137,-0.0848462706,-2.34030373785,0.501197,-0.759165,0.747362,0,0,0,0,0,0,1462065410217,216903
9.7761693081,0.18300002955,-2.30694185475,0.526093,-0.704640,0.790053,0,0,0,0,0,0,1462065410227,216913
10.3646897932,0.39623365275,-2.36544773205,0.530092,-0.645358,0.857750,0,0,0,0,0,0,1462065410237,216923
10.3646897932,0.39623365275,-2.36544773205,0.503945,-0.636849,0.926377,0,0,0,0,0,0,1462065410246,216932
10.7839688385,0.49963391595,-2.45537379555,0.536798,-0.682481,0.946857,0,0,0,0,0,0,1462065410256,216942
10.8774939059,0.1575716454,-2.4734864934,0.575924,-0.722352,0.941273,0,0,0,0,0,0,1462065410266,216952
10.8489176191,-0.31303488255,-2.3976230226,0.600634,-0.818741,0.947658,0,0,0,0,0,0,1462065410275,216961
10.7974430382,-1.1405213781,-2.081734434,0.590043,-0.963356,0.987200,0,0,0,0,0,0,1462065410285,216971
10.7211284661,-1.20411685485,-1.9193771922,0.566061,-1.088072,1.018319,0,0,0,0,0,0,1462065410295,216981
10.587347511,-1.26607463775,-1.728894765,0.550136,-1.097462,1.038242,0,0,0,0,0,0,1462065410304,216990
10.587347511,-1.26607463775,-1.728894765,0.570261,-1.004301,1.049057,0,0,0,0,0,0,1462065410313,216999
10.4309820712,-1.1486019753,-1.60589120835,0.607483,-0.861833,1.023026,0,0,0,0,0,0,1462065410323,217009
10.2952594192,-1.06092161175,-1.62699490395,0.664325,-0.740527,0.988036,0,0,0,0,0,0,1462065410333,217019
10.1614882707,-0.98370483705,-1.85054501775,0.727255,-0.669641,0.979765,0,0,0,0,0,0,1462065410342,217028
10.0289135212,-1.000464231,-2.0063220645,0.777897,-0.579947,0.976722,0,0,0,0,0,0,1462065410352,217038
9.91503986265,-0.9614145489,-2.22943088355,0.816670,-0.501083,0.946345,0,0,0,0,0,0,1462065410361,217047
9.82854609165,-1.27280193105,-2.56775685855,0.843324,-0.471583,0.939115,0,0,0,0,0,0,1462065410371,217057
9.82854609165,-1.27280193105,-2.56775685855,0.848297,-0.525612,0.955920,0,0,0,0,0,0,1462065410381,217067
9.6147142689,-1.3841356932,-3.09058326525,0.817230,-0.659890,0.968337,0,0,0,0,0,0,1462065410391,217077
9.52254250545,-1.4683739577,-3.32311617885,0.803434,-0.820100,0.964291,0,0,0,0,0,0,1462065410400,217086
9.44577683205,-1.4200472793,-3.4492578315,0.784656,-0.980229,0.975133,0,0,0,0,0,0,1462065410409,217095
9.3187329768,-1.2945038262,-3.4223290452,0.766050,-1.145168,0.968529,0,0,0,0,0,0,1462065410419,217105
9.15189414165,-1.1111997936,-3.36665726085,0.759581,-1.297152,0.955833,0,0,0,0,0,0,1462065410429,217115
8.8779089412,-0.90544856805,-3.11078475825,0.732265,-1.386897,0.931422,0,0,0,0,0,0,1462065410439,217125
8.8779089412,-0.90544856805,-3.11078475825,0.677803,-1.374406,0.898278,0,0,0,0,0,0,1462065410448,217134
8.58223165215,-0.63206156715,-2.67190241955,0.632505,-1.274681,0.880957,0,0,0,0,0,0,1462065410457,217143
8.2549772721,-0.6230885739,-2.3784610239,0.624816,-1.121905,0.842836,0,0,0,0,0,0,1462065410467,217153
7.8479662209,-0.86834058285,-2.25994886715,0.621967,-0.966745,0.805957,0,0,0,0,0,0,1462065410477,217163
7.609294407,-1.33460280915,-2.2348146795,0.642415,-0.851532,0.766101,0,0,0,0,0,0,1462065410487,217173
7.6444606953,-1.6373212011,-2.2250865819,0.624283,-0.763683,0.706228,0,0,0,0,0,0,1462065410497,217183
7.8648727131,-1.21788525105,-2.26010577195,0.474754,-0.600121,0.620514,0,0,0,0,0,0,1462065410516,217202
7.8648727131,-1.21788525105,-2.26010577195,0.404964,-0.588027,0.532772,0,0,0,0,0,0,1462065410525,217211
7.58774941665,-1.1744912673,-2.3793632265,0.327711,-0.613428,0.484475,0,0,0,0,0,0,1462065410534,217220
7.1288126832,-1.54289393115,-2.58870364935,0.251673,-0.621193,0.427619,0,0,0,0,0,0,1462065410545,217231
6.7330203252,-1.7616682551,-2.75839619055,0.173223,-0.614902,0.360983,0,0,0,0,0,0,1462065410555,217241
6.2106450198,-2.2614492693,-3.0842972667,0.037023,-0.564734,0.200703,0,0,0,0,0,0,1462065410574,217260
6.2106450198,-2.2614492693,-3.0842972667,-0.031926,-0.532431,0.145474,0,0,0,0,0,0,1462065410583,217269
6.46113372645,-2.8049282703,-3.0524259792,-0.094468,-0.502706,0.051705,0,0,0,0,0,0,1462065410592,217278
7.06955170155,-2.5928910462,-3.20684972205,-0.120535,-0.486865,-0.034974,0,0,0,0,0,0,1462065410602,217288
7.59208391175,-2.4254540115,-3.246948705,-0.165814,-0.519384,-0.122063,0,0,0,0,0,0,1462065410612,217298
7.892703702,-2.14952711415,-3.33853207545,-0.192812,-0.584743,-0.198370,0,0,0,0,0,0,1462065410621,217307
8.10129882705,-2.06917224345,-3.32566588185,-0.188610,-0.585106,-0.263005,0,0,0,0,0,0,1462065410630,217316
8.2395613755,-2.2889860617,-3.2756818965,-0.169203,-0.491118,-0.310576,0,0,0,0,0,0,1462065410640,217326
8.2395613755,-2.2889860617,-3.2756818965,-0.144196,-0.342836,-0.333964,0,0,0,0,0,0,1462065410650,217336
7.85739031545,-3.20535912645,-3.24411461205,-0.182394,-0.142050,-0.385062,0,0,0,0,0,0,1462065410669,217355
7.72735546245,-3.34451407095,-3.34257237405,-0.140025,0.009632,-0.449539,0,0,0,0,0,0,1462065410679,217365
8.0736149364,-3.4280168442,-3.38536815825,-0.129078,0.199723,-0.556910,0,0,0,0,0,0,1462065410698,217384
8.0736149364,-3.4280168442,-3.38536815825,-0.207872,0.171047,-0.564270,0,0,0,0,0,0,1462065410708,217394
8.41328440875,-2.83051355925,-3.2159796201,-0.241638,0.171836,-0.596364,0,0,0,0,0,0,1462065410718,217404
8.5585880601,-2.03145625215,-3.20355472125,-0.231687,0.195193,-0.635930,0,0,0,0,0,0,1462065410727,217413
8.34879653595,-1.59273081825,-3.26370809895,-0.182599,0.196273,-0.692078,0,0,0,0,0,0,1462065410736,217422
7.78631244105,-1.63746829935,-3.3394244715,-0.140276,0.112427,-0.763959,0,0,0,0,0,0,1462065410746,217432
7.2696151281,-1.98597347325,-3.57840028845,-0.135807,0.041479,-0.820638,0,0,0,0,0,0,1462065410756,217442
6.9823224393,-2.8016332695,-3.76648991745,-0.059073,0.031122,-0.836008,0,0,0,0,0,0,1462065410775,217461
6.9823224393,-2.8016332695,-3.76648991745,-0.061652,0.084014,-0.847866,0,0,0,0,0,0,1462065410785,217471
8.5096533756,-1.9274577894,-3.3771404628,-0.197543,0.192291,-0.934235,0,0,0,0,0,0,1462065410804,217490
9.0854547654,-1.5629483259,-3.4066189521,-0.261939,0.252989,-0.969309,0,0,0,0,0,0,1462065410813,217499
9.28551819195,-1.46463766215,-3.6152042706,-0.284937,0.253940,-0.981576,0,0,0,0,0,0,1462065410823,217509
9.18990432945,-1.37904609375,-3.85731818355,-0.215415,0.184870,-0.972709,0,0,0,0,0,0,1462065410833,217519
9.0082379907,-1.35645180255,-3.9176186595,-0.099786,0.096124,-0.944398,0,0,0,0,0,0,1462065410842,217528
9.0082379907,-1.35645180255,-3.9176186595,-0.022866,-0.031700,-0.916270,0,0,0,0,0,0,1462065410852,217538
8.8472340528,-1.45626286845,-3.84325559085,-0.009146,-0.157428,-0.887835,0,0,0,0,0,0,1462065410861,217547
8.5036713801,-1.56070262595,-3.6367590675,-0.023191,-0.247044,-0.901129,0,0,0,0,0,0,1462065410871,217557
8.21517248565,-1.56235012635,-3.3810238566,-0.083232,-0.292465,-0.960911,0,0,0,0,0,0,1462065410881,217567
8.1777604974,-1.6735269837,-3.17003593335,-0.158121,-0.290792,-1.015188,0,0,0,0,0,0,1462065410890,217576
8.5294037673,-1.74475195635,-2.6741481195,-0.267660,-0.229014,-1.030144,0,0,0,0,0,0,1462065410900,217586
8.74203919095,-1.5023438469,-2.37233193015,-0.333990,-0.089263,-1.025828,0,0,0,0,0,0,1462065410910,217596
8.74203919095,-1.5023438469,-2.37233193015,-0.386842,0.062260,-1.040129,0,0,0,0,0,0,1462065410919,217605
9.07677596865,-1.11254329095,-2.2226937837,-0.428938,0.231561,-1.043114,0,0,0,0,0,0,1462065410928,217614
9.60558437085,-0.8033918022,-2.23376537865,-0.462630,0.423214,-1.047117,0,0,0,0,0,0,1462065410939,217625
10.3530199987,-0.83033039505,-2.37666642525,-0.428810,0.612098,-0.985667,0,0,0,0,0,0,1462065410948,217634
11.190538595,-1.04805541815,-2.51852797755,-0.361299,0.784947,-0.876096,0,0,0,0,0,0,1462065410957,217643
11.9370720202,-1.03713092145,-2.6421199272,-0.300440,0.822334,-0.766635,0,0,0,0,0,0,1462065410967,217653
11.9370720202,-1.03713092145,-2.6421199272,-0.358317,0.631603,-0.714882,0,0,0,0,0,0,1462065410977,217663
12.3352473699,-0.8948280744,-2.6168386413,-0.474300,0.325834,-0.767203,0,0,0,0,0,0,1462065410986,217672
11.433544904,-0.41973014655,-2.292575259,-0.519857,0.194104,-0.908759,0,0,0,0,0,0,1462065410997,217683
9.5283774027,-0.34820117085,-2.1380044179,-0.378832,0.482169,-1.074156,0,0,0,0,0,0,1462065411015,217701
8.88748994055,-0.29657949165,-2.25322157385,-0.347669,0.543633,-1.057516,0,0,0,0,0,0,1462065411025,217711
8.887480134,-0.29657949165,-2.25322157385,-0.367205,0.522430,-1.035241,0,0,0,0,0,0,1462065411034,217720
8.5638247578,-0.36510766305,-2.2485830757,-0.337562,0.602871,-0.993544,0,0,0,0,0,0,1462065411044,217730
8.72019019755,-0.528965307,-2.2271851836,-0.291255,0.744648,-0.945076,0,0,0,0,0,0,1462065411053,217739
9.31409447865,-0.54288080145,-2.353179738,-0.235499,0.894823,-0.869198,0,0,0,0,0,0,1462065411064,217750
10.0188814206,-0.34267027665,-2.58301585035,-0.193741,0.996469,-0.834795,0,0,0,0,0,0,1462065411073,217759
11.4040664146,-0.22385411685,-2.7547971867,-0.200923,1.048774,-0.734776,0,0,0,0,0,0,1462065411092,217778
11.9262946218,-0.05626017735,-2.75659178535,-0.222117,1.084243,-0.692052,0,0,0,0,0,0,1462065411102,217788
12.137282545,-0.0427957842,-2.9171544285,-0.246819,1.094998,-0.652154,0,0,0,0,0,0,1462065411111,217797
11.9674429056,-0.08709197055,-3.0831008676,-0.285722,1.040801,-0.620188,0,0,0,0,0,0,1462065411121,217807
11.6259788346,-0.1279362513,-3.3193798833,-0.320938,0.944397,-0.570078,0,0,0,0,0,0,1462065411131,217817
11.425611405,-0.11476605465,-3.41843584485,-0.340349,0.858579,-0.526117,0,0,0,0,0,0,1462065411140,217826
11.4330938027,0.025889292,-3.57226138815,-0.352462,0.755236,-0.473710,0,0,0,0,0,0,1462065411150,217836
11.5631286556,0.2394171117,-3.68538974895,-0.348619,0.628395,-0.426600,0,0,0,0,0,0,1462065411160,217846
11.5405343645,0.3633130644,-3.56059159365,-0.322051,0.527685,-0.350720,0,0,0,0,0,0,1462065411170,217856
11.3136892498,0.4478651385,-2.8420362555,-0.204173,0.533783,-0.212086,0,0,0,0,0,0,1462065411188,217874
9.98476443315,0.3564288663,-2.5634125569,-0.131832,0.593154,-0.177004,0,0,0,0,0,0,1462065411198,217884
9.14575524135,0.18719723295,-2.39327872095,-0.066340,0.632280,-0.183136,0,0,0,0,0,0,1462065411208,217894
8.46131689065,-0.03292058835,-2.29766485845,0.000448,0.647889,-0.185793,0,0,0,0,0,0,1462065411218,217904
8.14050541395,-0.1958760297,-2.3893855206,0.069643,0.630634,-0.166407,0,0,0,0,0,0,1462065411227,217913
8.22878397705,-0.28281109545,-2.42650331235,0.223261,0.595456,-0.061901,0,0,0,0,0,0,1462065411246,217932
8.5072605774,-0.35508536895,-2.41302911265,0.304045,0.611537,0.003715,0,0,0,0,0,0,1462065411256,217942
10.2090696513,0.1343693481,-2.54112226875,0.455191,0.666725,0.063207,0,0,0,0,0,0,1462065411274,217960
10.3723192891,0.60183778005,-2.69210391255,0.560731,0.680267,0.077729,0,0,0,0,0,0,1462065411284,217970
10.3723290957,0.60183778005,-2.69210391255,0.691184,0.610200,0.067643,0,0,0,0,0,0,1462065411294,217980
10.4139186743,0.9029086716,-2.71993490145,0.812244,0.489406,0.047132,0,0,0,0,0,0,1462065411303,217989
10.2488744377,1.00121933535,-2.65499592735,0.896917,0.327320,0.041282,0,0,0,0,0,0,1462065411313,217999
9.82809499035,1.0013664336,-2.6421199272,0.935320,0.154515,0.051704,0,0,0,0,0,0,1462065411322,218008
9.63521976495,1.00675022955,-2.4426547002,0.952790,0.038120,0.062823,0,0,0,0,0,0,1462065411332,218018
9.6308754633,1.0751313027,-2.0386444533,0.928883,-0.066700,0.074270,0,0,0,0,0,0,1462065411342,218028
9.8744897784,1.194241659,-1.69791587355,0.847380,-0.227452,0.030750,0,0,0,0,0,0,1462065411352,218038
9.87447997185,1.194241659,-1.69791587355,0.715971,-0.431802,0.020572,0,0,0,0,0,0,1462065411362,218048
10.682667177,1.5403540347,-0.7522212243,0.620071,-0.247277,0.047836,0,0,0,0,0,0,1462065411380,218066
9.96381764235,1.4737675602,-0.32007598545,0.708838,0.012092,0.040167,0,0,0,0,0,0,1462065411390,218076
9.36348026445,1.43890527495,-0.49274971785,0.806945,0.127781,0.014793,0,0,0,0,0,0,1462065411400,218086
9.1722427329,1.44323977005,-0.4764414252,0.873842,0.156222,-0.007610,0,0,0,0,0,0,1462065411410,218096
9.45789772785,1.47481686105,-0.43349854275,0.857884,0.186763,-0.005967,0,0,0,0,0,0,1462065411419,218105
10.225377944,1.37261299695,-0.4800306225,0.760137,0.449158,0.051942,0,0,0,0,0,0,1462065411439,218125
10.7940009391,1.18003196805,-0.5584437963,0.744889,0.564534,0.065653,0,0,0,0,0,0,1462065411448,218134
10.7697591475,0.6685713528,-0.9638073471,0.802326,0.463679,0.084188,0,0,0,0,0,0,1462065411467,218153
10.324139709,0.51773680725,-1.02814812165,0.824483,0.341559,0.118830,0,0,0,0,0,0,1462065411476,218162
8.7885712707,0.78798571215,-1.0603234122,0.823570,0.219315,0.151103,0,0,0,0,0,0,1462065411486,218172
8.7885712707,0.78798571215,-1.0603234122,0.798549,0.058099,0.181845,0,0,0,0,0,0,1462065411495,218181
8.33173313895,1.16581247055,-1.13364698655,0.772661,-0.142084,0.193546,0,0,0,0,0,0,1462065411505,218191
8.2521333726,1.72515846945,-1.01887112535,0.734558,-0.251932,0.162767,0,0,0,0,0,0,1462065411515,218201
8.45174569785,2.14668321465,-0.78439651485,0.682296,-0.182949,0.125233,0,0,0,0,0,0,1462065411524,218210
9.066155475,2.41706941125,-0.61156587765,0.620366,0.110903,0.098802,0,0,0,0,0,0,1462065411534,218220
10.0622754043,2.39372982225,-0.8086284999,0.580943,0.503828,0.085720,0,0,0,0,0,0,1462065411543,218229
10.9810412673,2.04971604825,-1.2572389362,0.521086,0.814363,0.091758,0,0,0,0,0,0,1462065411553,218239
11.4541876917,1.57372572435,-1.7992273416,0.465805,0.903684,0.111609,0,0,0,0,0,0,1462065411563,218249
11.4541876917,1.57372572435,-1.7992273416,0.445169,0.781538,0.176287,0,0,0,0,0,0,1462065411572,218258
11.4447635971,0.86294698035,-2.33926424355,0.438267,0.577069,0.243761,0,0,0,0,0,0,1462065411582,218268
11.1659928003,-0.34894646865,-2.53737616665,0.443618,0.363203,0.304862,0,0,0,0,0,0,1462065411592,218278
10.0537535124,-0.6913225488,-2.3519833389,0.484099,0.188303,0.357497,0,0,0,0,0,0,1462065411602,218288
9.83138999115,-0.78678931305,-1.74924335625,0.470356,-0.071993,0.544945,0,0,0,0,0,0,1462065411620,218306
9.83138999115,-0.78678931305,-1.74924335625,0.369433,-0.242577,0.645552,0,0,0,0,0,0,1462065411630,218316
9.90036926385,-0.5596401954,-1.3627378011,0.213631,-0.307688,0.710262,0,0,0,0,0,0,1462065411640,218326
9.91892325645,-0.19078643025,-1.092645801,0.079594,-0.250589,0.720231,0,0,0,0,0,0,1462065411649,218335
9.9499021479,0.1017527628,-0.9669454431,-0.036355,-0.124075,0.708471,0,0,0,0,0,0,1462065411659,218345
9.94646004885,0.29014639485,-1.0339830189,-0.114412,0.005989,0.669222,0,0,0,0,0,0,1462065411669,218355
9.910695561,0.25213620705,-1.2463144395,-0.163197,0.085665,0.645451,0,0,0,0,0,0,1462065411679,218365
10.0112519247,-0.7149563343,-1.6982198766,-0.134757,0.006848,0.632057,0,0,0,0,0,0,1462065411698,218384
10.0112519247,-0.7149563343,-1.6982198766,-0.090330,-0.113091,0.619395,0,0,0,0,0,0,1462065411707,218393
10.0550970097,-0.9989736354,-1.63058410125,0.007496,-0.199870,0.596873,0,0,0,0,0,0,1462065411716,218402
10.0708071029,-1.300936923,-1.59227971695,0.140104,-0.221628,0.592252,0,0,0,0,0,0,1462065411727,218413
10.0583920105,-1.63103520255,-1.564144725,0.297876,-0.193738,0.601692,0,0,0,0,0,0,1462065411737,218423
10.1972527586,-1.84217022405,-1.6199636076,0.432363,-0.154091,0.627525,0,0,0,0,0,0,1462065411746,218432
10.3440470055,-1.98716987235,-1.65647339325,0.504965,-0.154701,0.664429,0,0,0,0,0,0,1462065411755,218441
10.5485920254,-2.1338072145,-1.740270363,0.553356,-0.168398,0.697591,0,0,0,0,0,0,1462065411764,218450
10.5485920254,-2.1338072145,-1.740270363,0.573692,-0.176291,0.739652,0,0,0,0,0,0,1462065411774,218460
10.8086617314,-2.1685224015,-1.89020270595,0.594069,-0.174825,0.771870,0,0,0,0,0,0,1462065411784,218470
11.1457913073,-2.22448838235,-2.1067215234,0.631478,-0.126355,0.775918,0,0,0,0,0,0,1462065411793,218479
11.3929948197,-2.08966793295,-2.2954191585,0.657841,-0.037969,0.770499,0,0,0,0,0,0,1462065411804,218490
11.7630449839,-1.77991824465,-2.8284247641,0.663290,-0.049244,0.849874,0,0,0,0,0,0,1462065411822,218508
11.4063121146,-1.59347611605,-2.9874870051,0.674484,-0.179612,0.891940,0,0,0,0,0,0,1462065411833,218519
11.4063121146,-1.59347611605,-2.9874870051,0.679684,-0.391029,0.969221,0,0,0,0,0,0,1462065411842,218528
10.9832869673,-1.4709236607,-3.012768291,0.644953,-0.652038,1.053638,0,0,0,0,0,0,1462065411852,218538
9.50308631025,-1.1632725741,-2.85161725485,0.538867,-1.230102,1.131364,0,0,0,0,0,0,1462065411870,218556
8.9489868156,-1.1701567722,-2.8981493346,0.530181,-1.486654,1.152328,0,0,0,0,0,0,1462065411880,218566
8.63340223005,-1.11658358955,-3.0374611839,0.575746,-1.656989,1.176408,0,0,0,0,0,0,1462065411890,218576
8.63340223005,-1.11658358955,-3.0374611839,0.699839,-1.708117,1.188917,0,0,0,0,0,0,1462065411899,218585
8.4786842907,-1.1490530766,-2.7031755075,0.822418,-1.686297,1.195986,0,0,0,0,0,0,1462065411909,218595
8.5543908567,-1.21504135155,-2.3748718266,0.874432,-1.657720,1.208449,0,0,0,0,0,0,1462065411918,218604
8.73486079635,-1.2645742356,-2.08352903265,0.853622,-1.620168,1.205219,0,0,0,0,0,0,1462065411928,218614
8.9934301002,-1.381742895,-1.7526854553,0.846178,-1.535615,1.176322,0,0,0,0,0,0,1462065411938,218624
9.22491371295,-1.49980395045,-1.7107918737,1.001806,-1.480946,1.137595,0,0,0,0,0,0,1462065411957,218643
9.2635221003,-1.6126283082,-1.4314228773,1.128314,-1.475729,1.120862,0,0,0,0,0,0,1462065411967,218653
9.2635221003,-1.6126283082,-1.4314228773,1.214588,-1.377919,1.068025,0,0,0,0,0,0,1462065411976,218662
9.25439220225,-1.6868442786,-1.2678692364,1.239846,-1.223905,1.013598,0,0,0,0,0,0,1462065411986,218672
9.1984262214,-1.77034705185,-1.20172405665,1.169483,-1.060053,0.908811,0,0,0,0,0,0,1462065411995,218681
8.667225021,-1.34597840715,-1.7188724709,1.020459,-0.921448,0.779305,0,0,0,0,0,0,1462065412006,218692
8.30196045315,-1.12301668635,-2.1475756107,0.858073,-0.879128,0.702285,0,0,0,0,0,0,1462065412015,218701
7.89824440275,-0.87118448235,-2.57658275355,0.768714,-0.940965,0.669780,0,0,0,0,0,0,1462065412024,218710
7.48464334995,-0.7118182383,-2.73654719715,0.740832,-1.112123,0.614699,0,0,0,0,0,0,1462065412034,218720
7.29221922585,-1.1502494757,-2.5954407492,0.751076,-1.292798,0.512111,0,0,0,0,0,0,1462065412053,218739
7.3887254844,-1.76375705025,-2.19051849315,0.720041,-1.124704,0.495390,0,0,0,0,0,0,1462065412063,218749
7.6820197818,-2.2485830757,-1.65766979235,0.630449,-0.833531,0.436764,0,0,0,0,0,0,1462065412072,218758
7.96228117425,-2.0919136329,-1.20097875885,0.490647,-0.593627,0.309514,0,0,0,0,0,0,1462065412082,218768
8.07615483285,-1.02081282225,-1.6118830104,0.380664,-0.459633,0.164853,0,0,0,0,0,0,1462065412092,218778
7.8651669096,-1.26442713735,-2.1541656123,0.282677,-0.428681,0.094741,0,0,0,0,0,0,1462065412110,218796
7.6520901912,-1.79203914045,-2.82198186075,0.230650,-0.487758,0.100596,0,0,0,0,0,0,1462065412120,218806
7.75728505305,-1.6368700998,-3.3301474752,0.157404,-0.561468,0.038066,0,0,0,0,0,0,1462065412130,218816
8.0502753474,-1.4547624663,-3.39299765415,0.073153,-0.641051,-0.013287,0,0,0,0,0,0,1462065412139,218825
8.1265899195,-1.64195969925,-2.79550417575,-0.019509,-0.740689,-0.064809,0,0,0,0,0,0,1462065412149,218835
8.05356054165,-2.09804272665,-1.9214757939,-0.118891,-0.720230,-0.107584,0,0,0,0,0,0,1462065412159,218845
8.05356054165,-2.09804272665,-1.9214757939,-0.147067,-0.534816,-0.183779,0,0,0,0,0,0,1462065412168,218854
8.1144690237,-2.04806854785,-1.1890049613,-0.152313,-0.236538,-0.303637,0,0,0,0,0,0,1462065412178,218864
8.14005431265,-1.56548822235,-0.8898855732,-0.178144,0.041642,-0.421118,0,0,0,0,0,0,1462065412188,218874
7.8915073029,-1.54140333555,-0.9415072524,-0.253675,0.249095,-0.514240,0,0,0,0,0,0,1462065412197,218883
7.2417841392,-1.7669049528,-1.68280398,-0.321864,0.395533,-0.579459,0,0,0,0,0,0,1462065412207,218893
7.11728998695,-2.01290225955,-2.25277047255,-0.361080,0.507041,-0.602945,0,0,0,0,0,0,1462065412216,218902
7.11728998695,-2.01290225955,-2.25277047255,-0.391773,0.584552,-0.609434,0,0,0,0,0,0,1462065412226,218912
7.2010869567,-2.21521138605,-2.67519742035,-0.411303,0.582171,-0.598178,0,0,0,0,0,0,1462065412235,218921
7.3396535082,-2.31486554715,-3.04853277885,-0.465453,0.457164,-0.591761,0,0,0,0,0,0,1462065412245,218931
7.3855873884,-2.09160962985,-3.4518075345,-0.538742,0.253237,-0.577376,0,0,0,0,0,0,1462065412255,218941
7.3601491977,-1.7797711464,-3.4998400164,-0.601018,0.086860,-0.592474,0,0,0,0,0,0,1462065412264,218950
7.31765741655,-1.59916391505,-3.4425305382,-0.645362,-0.013517,-0.609455,0,0,0,0,0,0,1462065412274,218960
7.41162377865,-1.6094902122,-3.1908356259,-0.648454,-0.042074,-0.658197,0,0,0,0,0,0,1462065412284,218970
7.41162377865,-1.6094902122,-3.1908356259,-0.652985,0.002265,-0.721078,0,0,0,0,0,0,1462065412293,218979
7.8786411093,-1.68340217955,-2.77036018155,-0.723774,-0.050331,-0.798310,0,0,0,0,0,0,1462065412303,218989
7.93205738715,-1.50504064815,-2.7209842023,-0.811310,-0.140740,-0.885794,0,0,0,0,0,0,1462065412312,218998
7.7712005475,-1.14292398285,-2.7326539968,-0.891616,-0.182963,-0.992689,0,0,0,0,0,0,1462065412322,219008
7.5760698156,-0.9778699398,-2.68716141135,-0.878008,-0.086847,-1.073757,0,0,0,0,0,0,1462065412331,219017
7.55452482525,-0.864153186,-2.697193512,-0.810451,0.127375,-1.133978,0,0,0,0,0,0,1462065412341,219027
7.54599312675,-0.8551703862,-2.82243296205,-0.760206,0.317078,-1.145911,0,0,0,0,0,0,1462065412351,219037
7.742467356,-1.0679529081,-2.9544193185,-0.717047,0.404522,-1.125331,0,0,0,0,0,0,1462065412361,219047
7.742467356,-1.0679529081,-2.9544193185,-0.653760,0.538190,-1.068335,0,0,0,0,0,0,1462065412370,219056
8.31737634975,-1.5343720392,-3.04284497985,-0.544784,0.762765,-1.004404,0,0,0,0,0,0,1462065412380,219066
9.2159407197,-1.93270429365,-3.1646521374,-0.448819,0.995246,-0.986299,0,0,0,0,0,0,1462065412389,219075
11.292438456,-1.9702535736,-3.3168301803,-0.410208,1.110613,-1.017589,0,0,0,0,0,0,1462065412399,219085
12.0959773564,-1.9882191732,-3.3338935773,-0.434939,1.079443,-1.092342,0,0,0,0,0,0,1462065412408,219094
12.3928608511,-2.0042234628,-3.3103970835,-0.475752,0.852772,-1.167820,0,0,0,0,0,0,1462065412419,219105
11.8824495367,-1.86043002015,-3.2502437058,-0.523222,0.466053,-1.228788,0,0,0,0,0,0,1462065412429,219115
11.8824495367,-1.86043002015,-3.2502437058,-0.516033,0.052628,-1.271673,0,0,0,0,0,0,1462065412438,219124
9.79592950635,-1.54573783065,-2.55893096355,-0.385942,-0.328638,-1.350870,0,0,0,0,0,0,1462065412456,219142
8.78962057155,-1.5310770384,-2.26579357095,-0.304920,-0.286906,-1.327232,0,0,0,0,0,0,1462065412466,219152
7.9577995809,-1.6054499136,-2.01829586205,-0.242529,-0.183969,-1.290434,0,0,0,0,0,0,1462065412476,219162
7.64939338995,-1.5598102299,-1.8111913326,-0.212955,-0.051853,-1.269318,0,0,0,0,0,0,1462065412485,219171
8.10414272655,-1.3808406924,-1.7754366513,-0.209458,0.018668,-1.290963,0,0,0,0,0,0,1462065412496,219182
8.10414272655,-1.3808406924,-1.7754366513,-0.252581,0.129165,-1.283377,0,0,0,0,0,0,1462065412505,219191
9.1831672296,-1.33834891125,-1.711242975,-0.309883,0.323463,-1.227625,0,0,0,0,0,0,1462065412515,219201
13.2243876453,-0.2962754886,-1.72710016635,-0.462713,0.655934,-1.020846,0,0,0,0,0,0,1462065412534,219220
13.5688525206,0.2507927097,-2.07754703715,-0.580007,0.524387,-0.875017,0,0,0,0,0,0,1462065412543,219229
12.7199681329,0.71167114005,-2.387894925,-0.736168,0.195848,-0.764606,0,0,0,0,0,0,1462065412553,219239
11.2391692764,0.68742934845,-2.47722278895,-0.862583,-0.115347,-0.731198,0,0,0,0,0,0,1462065412563,219249
10.3823513898,0.4712047275,-2.36499663075,-0.919219,-0.255583,-0.710017,0,0,0,0,0,0,1462065412572,219258
10.3823513898,0.4712047275,-2.36499663075,-0.945041,-0.233204,-0.687288,0,0,0,0,0,0,1462065412581,219267
10.1831803593,0.3815728605,-2.3199551466,-0.926110,-0.100168,-0.700900,0,0,0,0,0,0,1462065412591,219277
10.260397134,0.3887512551,-2.42469890715,-0.903979,0.059005,-0.676978,0,0,0,0,0,0,1462065412601,219287
10.5303420358,0.34386667575,-2.61323963745,-0.885933,0.198514,-0.591117,0,0,0,0,0,0,1462065412610,219296
10.6171300033,0.36914796165,-2.80433007075,-0.888334,0.265028,-0.489764,0,0,0,0,0,0,1462065412620,219306
10.4722774533,0.4756961274,-2.94109221705,-0.914464,0.280577,-0.427344,0,0,0,0,0,0,1462065412630,219316
10.4722774533,0.4756961274,-2.9411020236,-0.924466,0.247868,-0.376693,0,0,0,0,0,0,1462065412639,219325
10.6112951061,0.71735893905,-3.0350683857,-0.947873,0.233894,-0.331991,0,0,0,0,0,0,1462065412649,219335
10.6112951061,0.71735893905,-3.0350683857,-0.957896,0.254000,-0.308123,0,0,0,0,0,0,1462065412659,219345
10.5312344319,0.8520322902,-2.92059652755,-0.896343,0.289790,-0.278237,0,0,0,0,0,0,1462065412669,219355
10.0274131191,0.7122693396,-2.8896176361,-0.678433,0.304318,-0.188474,0,0,0,0,0,0,1462065412687,219373
9.57086918385,0.5439301023,-2.74252919265,-0.578958,0.260329,-0.143462,0,0,0,0,0,0,1462065412697,219383
9.57086918385,0.5439301023,-2.74252919265,-0.489087,0.213865,-0.110851,0,0,0,0,0,0,1462065412706,219392
9.12510264705,0.37454156415,-2.73968529315,-0.432128,0.174352,-0.070548,0,0,0,0,0,0,1462065412716,219402
8.9666386056,0.16160213745,-2.6558883234,-0.364588,0.202017,-0.025867,0,0,0,0,0,0,1462065412726,219412
9.14979553995,0.0356173896,-2.4896476878,-0.305649,0.282510,0.000773,0,0,0,0,0,0,1462065412735,219421
9.55127569695,0.0359115861,-2.4932368851,-0.218554,0.375902,-0.003656,0,0,0,0,0,0,1462065412745,219431
10.0401322145,0.0245359881,-2.60156984295,-0.131261,0.437447,-0.014634,0,0,0,0,0,0,1462065412755,219441
10.5735889213,0.13467335115,-2.68971111435,0.042689,0.375976,0.000001,0,0,0,0,0,0,1462065412774,219460
10.8577435142,0.26994490185,-2.7238281018,0.155968,0.285990,0.019612,0,0,0,0,0,0,1462065412784,219470
10.5984191059,0.3136330821,-2.7084122052,0.273847,0.247835,0.040986,0,0,0,0,0,0,1462065412793,219479
9.93524135565,0.01721049525,-2.6608308246,0.427855,0.280482,0.061678,0,0,0,0,0,0,1462065412803,219489
9.18017623185,-0.0035891973,-2.63359803525,0.563509,0.314300,0.096142,0,0,0,0,0,0,1462065412812,219498
9.0628604742,0.1494910482,-2.72158240185,0.676257,0.283346,0.144952,0,0,0,0,0,0,1462065412822,219508
9.0628604742,0.1494910482,-2.72158240185,0.774807,0.179309,0.189341,0,0,0,0,0,0,1462065412831,219517
9.09413356215,0.46042732905,-2.6919568143,0.840992,0.017310,0.213403,0,0,0,0,0,0,1462065412841,219527
9.3229301802,0.93686875425,-2.66876432355,0.864430,-0.094288,0.234482,0,0,0,0,0,0,1462065412851,219537
9.7148195313,1.3534608048,-2.56610935815,0.875604,-0.116692,0.219281,0,0,0,0,0,0,1462065412860,219546
10.0589902101,1.7615113503,-2.46435659535,0.892533,-0.043804,0.188897,0,0,0,0,0,0,1462065412870,219556
10.2250837474,2.01335336085,-2.36544773205,0.878891,0.052537,0.167609,0,0,0,0,0,0,1462065412880,219566
10.2250837474,2.01335336085,-2.36544773205,0.866729,0.102940,0.140862,0,0,0,0,0,0,1462065412889,219575
10.2217887467,2.20159989465,-2.46151269585,0.869457,0.112136,0.101184,0,0,0,0,0,0,1462065412898,219584
10.1490633718,2.00527276365,-2.41467661305,0.895169,0.116820,0.076254,0,0,0,0,0,0,1462065412909,219595
10.0021220266,1.75328365485,-2.4844109901,0.918723,0.089626,0.037333,0,0,0,0,0,0,1462065412918,219604
9.7209584316,1.4579005623,-2.4119798118,0.932283,0.052009,0.035628,0,0,0,0,0,0,1462065412928,219614
9.5243371041,1.2084611565,-2.2517211717,0.907863,0.022637,0.065264,0,0,0,0,0,0,1462065412937,219623
9.5461860975,1.066756509,-2.1936663957,0.870232,-0.035067,0.092183,0,0,0,0,0,0,1462065412947,219633
9.5461860975,1.066756509,-2.1936663957,0.786745,-0.167138,0.122282,0,0,0,0,0,0,1462065412957,219643
9.57506638725,1.0658543064,-2.2222426824,0.664324,-0.307577,0.162429,0,0,0,0,0,0,1462065412966,219652
9.7252929267,1.1668617714,-2.14293711255,0.537564,-0.346649,0.227266,0,0,0,0,0,0,1462065412975,219661
10.0339933141,1.3603450029,-1.7531365566,0.431040,-0.229272,0.255123,0,0,0,0,0,0,1462065412985,219671
10.3919225826,1.5144647427,-1.45894986315,0.378900,0.032897,0.238251,0,0,0,0,0,0,1462065412995,219681
10.8201844277,1.2576900375,-1.7607660525,0.425146,0.335469,0.205155,0,0,0,0,0,0,1462065413004,219690
10.9087669938,0.7824450114,-2.0199335559,0.542169,0.543136,0.190590,0,0,0,0,0,0,1462065413014,219700
10.9087669938,0.7824450114,-2.0199335559,0.713325,0.609800,0.176762,0,0,0,0,0,0,1462065413023,219709
10.7506069554,0.1716342381,-2.13844571265,0.825555,0.518521,0.177727,0,0,0,0,0,0,1462065413033,219719
10.4387586654,-0.40686395295,-2.24963237655,0.864011,0.308130,0.202666,0,0,0,0,0,0,1462065413043,219729
10.0347484185,-0.93253425915,-1.6694866851,0.608150,-0.031413,0.324645,0,0,0,0,0,0,1462065413062,219748
9.982675638,-0.84454989255,-1.3332593118,0.440713,0.025933,0.403123,0,0,0,0,0,0,1462065413072,219758
9.8892976689,-0.56786789085,-1.17075497175,0.364972,0.296556,0.441128,0,0,0,0,0,0,1462065413081,219767
9.8892976689,-0.56786789085,-1.17075497175,0.404548,0.671081,0.437397,0,0,0,0,0,0,1462065413091,219777
9.846952986,-0.340875678,-1.25754293925,0.506442,0.987001,0.426527,0,0,0,0,0,0,1462065413100,219786
10.1122593897,-0.150236346,-1.4939690532,0.593377,1.080503,0.440738,0,0,0,0,0,0,1462065413110,219796
10.4094370809,-0.0181028913,-2.009165964,0.630304,0.959499,0.452952,0,0,0,0,0,0,1462065413120,219806
10.3545204009,-0.05596598085,-2.2312254822,0.620632,0.729821,0.431857,0,0,0,0,0,0,1462065413129,219815
10.1378446786,-0.11880635325,-2.5138894794,0.527413,0.388012,0.437443,0,0,0,0,0,0,1462065413139,219825
10.0957941923,-0.37244296245,-2.55308625975,0.400953,0.024045,0.505089,0,0,0,0,0,0,1462065413149,219835
10.0957941923,-0.37244296245,-2.55308625975,0.306634,-0.193806,0.570376,0,0,0,0,0,0,1462065413158,219844
10.1468176719,-0.4873659219,-2.63928583425,0.305377,-0.218425,0.588762,0,0,0,0,0,0,1462065413168,219854
10.3937171812,-0.44516833725,-2.5391707653,0.342989,-0.127852,0.546034,0,0,0,0,0,0,1462065413177,219863
10.7764864409,-0.4724011266,-2.50475958135,0.331980,-0.104388,0.541365,0,0,0,0,0,0,1462065413187,219873
11.2762772616,-0.60617227515,-2.4685439922,0.226144,-0.224505,0.620160,0,0,0,0,0,0,1462065413197,219883
11.4796356889,-0.71451503955,-2.4754281903,0.059728,-0.467069,0.745191,0,0,0,0,0,0,1462065413206,219892
10.9223882917,-0.6537634623,-2.30050875795,-0.079012,-0.658856,0.874343,0,0,0,0,0,0,1462065413216,219902
10.9223882917,-0.6537634623,-2.30050875795,-0.130356,-0.749244,0.959387,0,0,0,0,0,0,1462065413225,219911
10.4441522679,-0.6431331621,-2.2981061532,-0.120925,-0.777159,1.008748,0,0,0,0,0,0,1462065413235,219921
10.4055438805,-0.63296376975,-2.2889860617,-0.098249,-0.803752,1.071724,0,0,0,0,0,0,1462065413245,219931
10.4038963801,-0.5572473972,-2.2888291569,-0.110589,-0.897552,1.145355,0,0,0,0,0,0,1462065413255,219941
10.5249484333,-0.39952865355,-2.30603965215,-0.150654,-1.038576,1.218630,0,0,0,0,0,0,1462065413265,219951
10.5542798244,-0.45638703045,-2.228832684,-0.108819,-1.206860,1.393094,0,0,0,0,0,0,1462065413283,219969
10.364542695,-0.5184919116,-2.2509758739,-0.034335,-1.327603,1.418791,0,0,0,0,0,0,1462065413292,219978
9.94002695205,-0.7363542264,-2.40181041945,0.055072,-1.459071,1.410753,0,0,0,0,0,0,1462065413302,219988
9.51520720605,-0.87028227975,-2.73535079805,0.154776,-1.504392,1.429658,0,0,0,0,0,0,1462065413312,219998
9.48243371595,-0.68083934685,-2.73564499455,0.222603,-1.485136,1.445672,0,0,0,0,0,0,1462065413321,220007
9.47001862365,-0.5204336085,-2.8222858638,0.260259,-1.479077,1.444304,0,0,0,0,0,0,1462065413331,220017
9.6346215654,-0.6371511666,-2.7528554898,0.260054,-1.471896,1.464260,0,0,0,0,0,0,1462065413341,220027
9.6346215654,-0.6371511666,-2.7528554898,0.303272,-1.423214,1.499343,0,0,0,0,0,0,1462065413351,220037
9.87628437705,-0.7837983153,-2.7108050034,0.405849,-1.286114,1.507720,0,0,0,0,0,0,1462065413360,220046
10.0896650985,-0.9669454431,-2.5634125569,0.540097,-1.106672,1.484075,0,0,0,0,0,0,1462065413370,220056
10.2059315553,-1.06360860645,-2.5041613818,0.621547,-1.005391,1.425086,0,0,0,0,0,0,1462065413380,220066
10.0362390141,-1.24752064515,-2.2759629633,0.622023,-0.951742,1.339912,0,0,0,0,0,0,1462065413389,220075
9.7038950346,-1.39969868805,-2.14652630985,0.606398,-0.848679,1.262792,0,0,0,0,0,0,1462065413398,220084
9.1738902333,-1.1991841602,-2.1442806099,0.635562,-0.688959,1.174857,0,0,0,0,0,0,1462065413408,220094
7.57831551555,-1.16506717275,-2.41797161385,0.635830,-0.558898,1.071846,0,0,0,0,0,0,1462065413418,220104
7.57831551555,-1.16506717275,-2.41797161385,0.566144,-0.535141,0.965589,0,0,0,0,0,0,1462065413427,220113
6.75382001775,-1.32907191495,-2.95007501685,0.477483,-0.624444,0.866940,0,0,0,0,0,0,1462065413437,220123
6.0035502969,-1.38143889195,-3.5098623105,0.391292,-0.772430,0.796241,0,0,0,0,0,0,1462065413446,220132
5.31821955015,-1.4151047781,-3.81826850145,0.300647,-0.962961,0.701512,0,0,0,0,0,0,1462065413456,220142
4.72415836425,-1.4567041632,-3.5288674044,0.207544,-1.149964,0.608074,0,0,0,0,0,0,1462065413466,220152
4.31804951565,-1.42588217655,-2.9861337012,0.109241,-1.275743,0.520274,0,0,0,0,0,0,1462065413475,220161
4.3488715023,-1.3187456178,-2.27342306685,0.067037,-1.236277,0.460016,0,0,0,0,0,0,1462065413485,220171
4.3488715023,-1.3187456178,-2.27342306685,0.068552,-1.009177,0.441264,0,0,0,0,0,0,1462065413495,220181
6.0479935815,-1.3631889024,-1.73847576435,0.008109,-0.561794,0.298395,0,0,0,0,0,0,1462065413514,220200
7.18911315915,-2.35946573655,-3.2336314101,-0.031219,-0.373939,0.245889,0,0,0,0,0,0,1462065413524,220210
8.28101366235,-3.1332319512,-3.8631530808,-0.076696,-0.197797,0.208202,0,0,0,0,0,0,1462065413533,220219
8.61843743475,-2.70826510695,-4.2040287588,-0.154961,-0.168166,0.107019,0,0,0,0,0,0,1462065413543,220229
8.91367342905,-1.8173302329,-4.0255103226,-0.240628,-0.314164,-0.025787,0,0,0,0,0,0,1462065413552,220238
8.6643811215,-1.5536713296,-3.40347104955,-0.244018,-0.484161,-0.103344,0,0,0,0,0,0,1462065413562,220248
8.6643811215,-1.5536713296,-3.40347104955,-0.173397,-0.485090,-0.118619,0,0,0,0,0,0,1462065413571,220257
8.13960321135,-1.80266944065,-2.7761950788,-0.101992,-0.414141,-0.123204,0,0,0,0,0,0,1462065413581,220267
7.8790922106,-2.2203009855,-2.5498010655,-0.153255,-0.373166,-0.120032,0,0,0,0,0,0,1462065413590,220276
7.81669313295,-2.4823123884,-2.39672082,-0.295197,-0.363454,-0.154009,0,0,0,0,0,0,1462065413600,220286
7.444544367,-2.70661760655,-1.81553563425,-0.469729,-0.327063,-0.228545,0,0,0,0,0,0,1462065413610,220296
6.5296717044,-2.9672855121,-1.4445832674,-0.602357,-0.119897,-0.323868,0,0,0,0,0,0,1462065413620,220306
4.73837786175,-2.0362516551,-2.45149040175,-0.774538,0.246277,-0.571399,0,0,0,0,0,0,1462065413638,220324
4.3864305888,-1.4469760656,-3.10076246415,-0.867607,0.202403,-0.747828,0,0,0,0,0,0,1462065413648,220334
4.53651983655,-1.1975366598,-3.47335252485,-0.927817,0.129320,-0.913547,0,0,0,0,0,0,1462065413658,220344
5.13895581615,-1.1179270869,-3.7145642352,-0.960738,0.054476,-1.001142,0,0,0,0,0,0,1462065413667,220353
6.19074752985,-1.54738533105,-3.75750711765,-0.946421,0.052382,-0.968930,0,0,0,0,0,0,1462065413677,220363
7.72541376555,-2.2978119567,-3.53350590255,-0.917707,0.144019,-0.825225,0,0,0,0,0,0,1462065413687,220373
9.3559978668,-2.56969855545,-3.452101731,-0.902840,0.281682,-0.651148,0,0,0,0,0,0,1462065413696,220382
9.3559978668,-2.56969855545,-3.452101731,-0.936267,0.450577,-0.531172,0,0,0,0,0,0,1462065413706,220392
10.8291672275,-2.6677150227,-3.28600819365,-0.968692,0.555423,-0.492635,0,0,0,0,0,0,1462065413716,220402
12.1691538325,-2.80028977215,-3.0931231617,-1.034303,0.441617,-0.573019,0,0,0,0,0,0,1462065413725,220411
12.8950346635,-1.8912520068,-3.04284497985,-1.084936,0.200049,-0.770370,0,0,0,0,0,0,1462065413735,220421
11.3258003391,-1.40283678405,-2.98837940115,-1.058396,0.095378,-0.972887,0,0,0,0,0,0,1462065413744,220430
9.38876155035,-1.1426199798,-2.97835710705,-1.011188,0.150044,-1.122896,0,0,0,0,0,0,1462065413754,220440
9.38876155035,-1.1426199798,-2.97835710705,-0.980262,0.216700,-1.222997,0,0,0,0,0,0,1462065413763,220449
8.0032823598,-1.205617257,-2.8833414441,-0.968202,0.277836,-1.246025,0,0,0,0,0,0,1462065413773,220459
7.05878410965,-1.3440269037,-2.7628777839,-0.950951,0.370116,-1.183019,0,0,0,0,0,0,1462065413783,220469
6.78988850865,-1.3283168106,-2.6608308246,-0.920632,0.504908,-1.108451,0,0,0,0,0,0,1462065413793,220479
7.3415952051,-1.20815715345,-2.6237228394,-0.867235,0.717261,-1.075432,0,0,0,0,0,0,1462065413803,220489
8.3731854258,-1.17434416905,-2.5698456537,-0.833303,0.984683,-1.070316,0,0,0,0,0,0,1462065413812,220498
8.3731854258,-1.17434416905,-2.5698456537,-0.847467,1.222186,-1.108761,0,0,0,0,0,0,1462065413821,220507
9.4646348277,-0.7558104216,-2.71679680545,-0.922514,1.272076,-1.171229,0,0,0,0,0,0,1462065413831,220517
10.9497681793,-0.3657058626,-2.98314270345,-1.013809,1.167647,-1.237719,0,0,0,0,0,0,1462065413840,220526
11.1891852911,-0.28775359665,-3.2970797886,-1.031038,0.960361,-1.239803,0,0,0,0,0,0,1462065413850,220536
11.2183695838,-0.2700920001,-3.39299765415,-0.974374,0.770020,-1.223444,0,0,0,0,0,0,1462065413860,220546
11.072771736,-0.15412954635,-3.45269993055,-0.906635,0.586677,-1.226946,0,0,0,0,0,0,1462065413869,220555
11.072771736,-0.15412954635,-3.45269993055,-0.852363,0.412726,-1.224071,0,0,0,0,0,0,1462065413879,220565
10.6941898732,0.0998110659,-3.4097570481,-0.805532,0.254095,-1.212300,0,0,0,0,0,0,1462065413888,220574
10.3926776869,0.3052582884,-3.3080042853,-0.769229,0.182800,-1.154831,0,0,0,0,0,0,1462065413898,220584
10.257259038,0.61395867585,-2.6745992208,-0.735681,0.196198,-1.106400,0,0,0,0,0,0,1462065413908,220594
10.1073168885,0.9750260403,-2.84951865315,-0.748591,0.207219,-1.024214,0,0,0,0,0,0,1462065413927,220613
10.158497273,0.8599559826,-2.9740128054,-0.795119,0.183768,-0.970798,0,0,0,0,0,0,1462065413937,220623
10.158497273,0.8599559826,-2.9740128054,-0.878102,0.113207,-0.891599,0,0,0,0,0,0,1462065413946,220632
10.3082825176,0.64747746375,-3.22226561865,-0.960037,0.059192,-0.802292,0,0,0,0,0,0,1462065413956,220642
10.5336272301,0.44322664035,-3.3923994546,-1.047310,0.068843,-0.692412,0,0,0,0,0,0,1462065413966,220652
10.8528010129,0.29418669345,-3.4456686342,-1.151812,0.098507,-0.568567,0,0,0,0,0,0,1462065413975,220661
11.0835491345,0.26949380055,-3.5673286935,-1.299995,0.126741,-0.451974,0,0,0,0,0,0,1462065413984,220670
11.0443425475,0.3271072818,-3.5776451841,-1.452986,0.159610,-0.344005,0,0,0,0,0,0,1462065413994,220680
11.0443425475,0.3271072818,-3.5776451841,-1.585128,0.201834,-0.263378,0,0,0,0,0,0,1462065414004,220690
10.7009269731,0.3339914799,-3.7078369419,-1.702593,0.255799,-0.200098,0,0,0,0,0,0,1462065414013,220699
10.5559273248,0.41239484715,-3.7385118303,-1.777598,0.307670,-0.127112,0,0,0,0,0,0,1462065414023,220709
10.451036466,0.43334163795,-3.8170622958,-1.810139,0.335153,-0.032230,0,0,0,0,0,0,1462065414033,220719
10.3248850068,0.4837767246,-3.71322073785,-1.779407,0.368751,0.049974,0,0,0,0,0,0,1462065414042,220728
10.2958576188,0.4571421348,-3.5980035819,-1.714480,0.418824,0.103601,0,0,0,0,0,0,1462065414052,220738
10.1578990734,0.61156587765,-3.49400511915,-1.630915,0.444064,0.123326,0,0,0,0,0,0,1462065414062,220748
10.1578990734,0.61156587765,-3.49400511915,-1.524969,0.439727,0.100383,0,0,0,0,0,0,1462065414072,220758
10.0503114133,0.699403146,-3.4090117503,-1.406822,0.383788,0.100447,0,0,0,0,0,0,1462065414081,220767
10.124978485,0.80130300705,-3.4655759307,-1.287313,0.314847,0.090427,0,0,0,0,0,0,1462065414090,220776
10.3940211843,1.0896449967,-3.1724385381,-1.174323,0.282554,0.111887,0,0,0,0,0,0,1462065414100,220786
11.2322850783,1.1664106701,-2.95770451275,-1.051564,0.328892,0.084421,0,0,0,0,0,0,1462065414110,220796
11.5537045611,1.254846138,-2.72203350315,-0.903370,0.432905,0.035065,0,0,0,0,0,0,1462065414119,220805
11.4987878811,1.13364698655,-2.68447441665,-0.747535,0.513248,-0.041911,0,0,0,0,0,0,1462065414129,220815
11.4987878811,1.13364698655,-2.68447441665,-0.584213,0.497321,-0.088967,0,0,0,0,0,0,1462065414138,220824
10.9125130959,0.81656199885,-2.65499592735,-0.439311,0.393388,-0.064690,0,0,0,0,0,0,1462065414148,220834
10.0200778197,0.4691061258,-2.51478187545,-0.326085,0.263544,-0.016918,0,0,0,0,0,0,1462065414157,220843
9.12286675365,0.3577821702,-2.3838546264,-0.241100,0.171311,0.043815,0,0,0,0,0,0,1462065414167,220853
8.50007237625,0.37244296245,-2.23900207635,-0.165116,0.141566,0.127613,0,0,0,0,0,0,1462065414177,220863
8.2669412631,0.47299932615,-2.0402919537,-0.097723,0.179893,0.183590,0,0,0,0,0,0,1462065414186,220872
8.25945886545,0.77615901285,-1.8860153091,-0.048751,0.291013,0.221783,0,0,0,0,0,0,1462065414196,220882
8.25945886545,0.77615901285,-1.8860153091,-0.001451,0.348802,0.201028,0,0,0,0,0,0,1462065414205,220891
8.6133478353,1.21190325555,-1.88018041185,0.026952,0.286437,0.182837,0,0,0,0,0,0,1462065414215,220901
9.67830974565,1.06525610685,-1.9416772869,0.034379,0.205416,0.211771,0,0,0,0,0,0,1462065414225,220911
9.76749051135,0.91233276615,-1.9020195987,0.049755,0.224555,0.250413,0,0,0,0,0,0,1462065414234,220920
9.80908989645,0.79726270845,-2.0458228479,0.059904,0.328404,0.284998,0,0,0,0,0,0,1462065414244,220930
10.0211271206,0.8192588001,-2.3410588422,0.060529,0.391003,0.319199,0,0,0,0,0,0,1462065414254,220940
10.4896350468,0.90170246595,-2.61323963745,0.077136,0.411310,0.355360,0,0,0,0,0,0,1462065414264,220950
10.9385494861,0.97578114465,-2.7892181772,0.092812,0.372749,0.390911,0,0,0,0,0,0,1462065414273,220959
10.9385494861,0.97578114465,-2.7892181772,0.130285,0.346078,0.428961,0,0,0,0,0,0,1462065414283,220969
10.9602415748,0.90858666405,-2.91416343075,0.258167,0.362590,0.529136,0,0,0,0,0,0,1462065414302,220988
10.5809144142,0.7659896205,-2.91985122975,0.301719,0.364108,0.551299,0,0,0,0,0,0,1462065414311,220997
9.7335304287,0.6052798791,-2.95172251725,0.312710,0.308975,0.575517,0,0,0,0,0,0,1462065414322,221008
9.4730096214,0.6868311489,-2.86897484835,0.291266,0.204145,0.583224,0,0,0,0,0,0,1462065414331,221017
9.38232845355,0.87836287695,-2.77394937885,0.202779,-0.042509,0.551264,0,0,0,0,0,0,1462065414350,221036
9.5379485955,1.10281519335,-2.492040486,0.147286,-0.066525,0.516478,0,0,0,0,0,0,1462065414360,221046
9.92745495495,1.12436999025,-2.1879785967,0.155657,-0.003029,0.497221,0,0,0,0,0,0,1462065414370,221056
10.3024476204,0.9100870662,-1.8653627148,0.206149,0.161863,0.470117,0,0,0,0,0,0,1462065414379,221065
10.3561679013,0.5979445797,-1.75897145385,0.319300,0.394308,0.468256,0,0,0,0,0,0,1462065414389,221075
10.3630422929,0.3048071871,-1.83618822855,0.479834,0.614082,0.474721,0,0,0,0,0,0,1462065414399,221085
10.3630422929,0.3048071871,-1.83618822855,0.611944,0.726431,0.454112,0,0,0,0,0,0,1462065414408,221094
10.387882284,-0.26425710285,-2.2792579641,0.659531,0.676071,0.459558,0,0,0,0,0,0,1462065414418,221104
10.2870317238,-0.82942819245,-2.4737806899,0.653986,0.406974,0.546229,0,0,0,0,0,0,1462065414437,221123
10.3356624052,-0.88689457545,-2.4443022006,0.673060,0.358039,0.616443,0,0,0,0,0,0,1462065414446,221132
10.313068114,-0.7445917284,-2.3964266235,0.698169,0.377218,0.653794,0,0,0,0,0,0,1462065414455,221141
10.313068114,-0.7445917284,-2.39641681695,0.696750,0.419593,0.654245,0,0,0,0,0,0,1462065414465,221151
10.1379917769,-0.58073408445,-2.4758792916,0.693021,0.465394,0.638591,0,0,0,0,0,0,1462065414475,221161
9.8484435816,-0.4703025249,-2.44131120285,0.662813,0.470996,0.615193,0,0,0,0,0,0,1462065414484,221170
9.5719184847,-0.48317852505,-2.4839598888,0.593829,0.382466,0.630765,0,0,0,0,0,0,1462065414494,221180
9.413307345,-0.57549738675,-2.74627529475,0.521384,0.244509,0.652049,0,0,0,0,0,0,1462065414503,221189
9.50143880985,-0.6067704747,-2.93765992455,0.509539,0.118689,0.685581,0,0,0,0,0,0,1462065414513,221199
9.75717402075,-0.50845981095,-2.8950112386,0.560440,0.050973,0.739287,0,0,0,0,0,0,1462065414523,221209
9.75717402075,-0.50845981095,-2.8950112386,0.605198,-0.004991,0.794389,0,0,0,0,0,0,1462065414532,221218
10.0592844066,-0.32635217745,-2.9192530302,0.641780,-0.078824,0.820767,0,0,0,0,0,0,1462065414542,221228
10.2987015183,-0.31348598385,-3.01187589495,0.670900,-0.157269,0.869500,0,0,0,0,0,0,1462065414551,221237
10.596477409,-0.36765736605,-3.0555640752,0.673471,-0.274691,0.917958,0,0,0,0,0,0,1462065414561,221247
10.9032360996,-0.41194374585,-3.02234929035,0.657734,-0.398014,0.978871,0,0,0,0,0,0,1462065414571,221257
11.0845886287,-0.4436679351,-2.88497913795,0.646690,-0.455488,1.023055,0,0,0,0,0,0,1462065414580,221266
11.0364090486,-0.49798641555,-2.67400102125,0.621142,-0.474366,1.036654,0,0,0,0,0,0,1462065414590,221276
11.0417928445,-0.79920440535,-2.51074157685,0.582983,-0.482428,1.097644,0,0,0,0,0,0,1462065414600,221286
11.0417928445,-0.79920440535,-2.51074157685,0.555977,-0.550426,1.166648,0,0,0,0,0,0,1462065414610,221296
10.8948514994,-1.11628939305,-2.40749821845,0.494130,-0.662284,1.213003,0,0,0,0,0,0,1462065414619,221305
10.1475727762,-1.2174439563,-3.2364753096,0.532497,-0.820985,1.219846,0,0,0,0,0,0,1462065414639,221325
10.3485285988,-1.0829177034,-3.66667885155,0.621480,-0.871198,1.216388,0,0,0,0,0,0,1462065414648,221334
11.0914728268,-0.93926155245,-3.7036397385,0.798723,-0.877262,1.241527,0,0,0,0,0,0,1462065414667,221353
11.0914728268,-0.93926155245,-3.7036397385,0.824289,-0.939360,1.270569,0,0,0,0,0,0,1462065414676,221362
11.2650487619,-1.0740918084,-3.49879071555,0.815120,-1.095844,1.292583,0,0,0,0,0,0,1462065414686,221372
11.2051993872,-0.9965808372,-3.4036181478,0.825800,-1.342862,1.317278,0,0,0,0,0,0,1462065414696,221382
10.8564000168,-0.7905256086,-3.379533261,0.913439,-1.637894,1.322445,0,0,0,0,0,0,1462065414706,221392
10.2699683268,0.121208958,-2.9636963148,1.047204,-1.852878,1.289702,0,0,0,0,0,0,1462065414715,221401
8.86609204845,0.3808275627,-2.6473566249,1.175782,-1.923338,1.215010,0,0,0,0,0,0,1462065414725,221411
8.33053673985,0.27188659875,-2.3090306499,1.275817,-1.829252,1.118577,0,0,0,0,0,0,1462065414735,221421
8.33053673985,0.27188659875,-2.3090306499,1.296067,-1.594198,1.036446,0,0,0,0,0,0,1462065414744,221430
7.55168092575,-0.08618976795,-1.94557048725,1.225654,-1.305097,1.010007,0,0,0,0,0,0,1462065414753,221439
6.6837914442,-0.23552391135,-1.7950301382,1.112752,-1.032657,0.987335,0,0,0,0,0,0,1462065414763,221449
6.01672049355,-0.26919960405,-2.00692026405,0.995480,-0.815727,0.938010,0,0,0,0,0,0,1462065414773,221459
5.59354824795,-0.4788342234,-2.3696351289,0.919906,-0.663393,0.880344,0,0,0,0,0,0,1462065414782,221468
5.4184719108,-1.1183781882,-2.69045641215,0.899257,-0.570803,0.827990,0,0,0,0,0,0,1462065414792,221478
5.3728322271,-1.5719311257,-2.9611466118,0.858759,-0.582123,0.738613,0,0,0,0,0,0,1462065414802,221488
5.3728322271,-1.5719311257,-2.9611466118,0.748423,-0.642333,0.600617,0,0,0,0,0,0,1462065414811,221497
6.25688290305,-1.87329621375,-2.6983899111,0.585580,-0.688540,0.484154,0,0,0,0,0,0,1462065414821,221507
7.0423189122,-1.56878322315,-2.4649547949,0.419897,-0.689891,0.390540,0,0,0,0,0,0,1462065414831,221517
6.76923591435,-0.90140826945,-2.38160892645,0.238189,-0.496382,0.215799,0,0,0,0,0,0,1462065414849,221535
6.4778931204,-1.02889341945,-2.7036266088,0.175693,-0.456095,0.112164,0,0,0,0,0,0,1462065414859,221545
6.4778931204,-1.02889341945,-2.7036266088,0.104810,-0.458170,0.018067,0,0,0,0,0,0,1462065414869,221555
6.3908109564,-1.275047631,-3.18635403255,0.036052,-0.461200,-0.040018,0,0,0,0,0,0,1462065414878,221564
6.4653211233,-1.98581656845,-3.4266635403,-0.018529,-0.388785,-0.092414,0,0,0,0,0,0,1462065414889,221575
6.9103423623,-2.3337235428,-3.10315526235,-0.200432,-0.302758,-0.326677,0,0,0,0,0,0,1462065414907,221593
7.2467266404,-1.6129225047,-2.82766965975,-0.282222,-0.265013,-0.446396,0,0,0,0,0,0,1462065414917,221603
6.9947375316,-1.1890049613,-2.2921241577,-0.347291,-0.177705,-0.559466,0,0,0,0,0,0,1462065414927,221613
6.43000773675,-1.6292406039,-2.22374308455,-0.436838,-0.100954,-0.646431,0,0,0,0,0,0,1462065414937,221623
6.2179803192,-1.9090607016,-2.477526792,-0.538501,0.124731,-0.819994,0,0,0,0,0,0,1462065414955,221641
6.3539971677,-1.876581408,-2.8990515372,-0.567842,0.264343,-0.876783,0,0,0,0,0,0,1462065414965,221651
6.59895498015,-1.61920850325,-3.1643579409,-0.632212,0.363744,-0.936302,0,0,0,0,0,0,1462065414974,221660
7.0625204052,-1.37500579515,-3.18619712775,-0.693226,0.448108,-0.953750,0,0,0,0,0,0,1462065414984,221670
7.79962973595,-1.46628516255,-3.05018027925,-0.676977,0.544930,-0.918027,0,0,0,0,0,0,1462065414994,221680
8.6052672381,-1.57851132075,-3.05780977515,-0.656380,0.657380,-0.831219,0,0,0,0,0,0,1462065415003,221689
8.6052672381,-1.57851132075,-3.05780977515,-0.670265,0.684658,-0.786133,0,0,0,0,0,0,1462065415013,221699
9.26576780025,-1.62160130145,-3.0576626769,-0.748645,0.557136,-0.787075,0,0,0,0,0,0,1462065415023,221709
9.6724748484,-1.8758361102,-3.003942396,-0.816403,0.386802,-0.869283,0,0,0,0,0,0,1462065415032,221718
9.358390665,-1.94421718335,-3.0087279924,-0.791993,0.299179,-0.974694,0,0,0,0,0,0,1462065415042,221728
8.9453976183,-1.88735880645,-2.9087796348,-0.730647,0.272084,-1.027472,0,0,0,0,0,0,1462065415051,221737
8.28505396095,-1.46583406125,-2.76392708475,-0.707285,0.275528,-1.061101,0,0,0,0,0,0,1462065415061,221747
7.51008154065,-1.0142326272,-2.69808590805,-0.741700,0.240765,-1.138328,0,0,0,0,0,0,1462065415070,221756
7.51008154065,-1.0142326272,-2.69808590805,-0.815069,0.205860,-1.207906,0,0,0,0,0,0,1462065415080,221766
6.9514906461,-0.8409508887,-2.6579869251,-0.866133,0.260780,-1.235652,0,0,0,0,0,0,1462065415090,221776
7.35641290215,-1.0474572186,-2.50789767735,-0.822317,0.695595,-1.200255,0,0,0,0,0,0,1462065415109,221795
8.05356054165,-1.0341399237,-2.43009250965,-0.797825,0.946351,-1.218874,0,0,0,0,0,0,1462065415119,221805
9.0338330862,-0.86669308245,-2.2999105584,-0.807038,1.138099,-1.243004,0,0,0,0,0,0,1462065415128,221814
10.0714053024,-0.6630404586,-2.2651953714,-0.854586,1.220113,-1.270484,0,0,0,0,0,0,1462065415138,221824
10.9783542726,-0.57041759385,-2.3575142331,-0.909035,1.168060,-1.269513,0,0,0,0,0,0,1462065415147,221833
12.254745401,-0.1680450408,-2.89635473595,-0.951045,1.012612,-1.244838,0,0,0,0,0,0,1462065415157,221843
12.254745401,-0.1680450408,-2.89635473595,-0.933506,0.804646,-1.191191,0,0,0,0,0,0,1462065415167,221853
12.4461300308,-0.0610555803,-3.23962321215,-0.886451,0.593060,-1.176248,0,0,0,0,0,0,1462065415176,221862
12.4456789295,-0.0142194975,-3.3165359838,-0.851621,0.389679,-1.157431,0,0,0,0,0,0,1462065415186,221872
12.5484809931,0.05027818185,-3.1803622305,-0.799034,0.248898,-1.118166,0,0,0,0,0,0,1462065415195,221881
12.5323197987,0.19482672885,-2.69928230715,-0.783805,0.183654,-1.015797,0,0,0,0,0,0,1462065415205,221891
12.1148353521,0.41329704975,-2.4452044032,-0.797804,0.108927,-0.900956,0,0,0,0,0,0,1462065415215,221901
11.1053883213,0.63445436535,-2.35407213405,-0.878219,0.023028,-0.829386,0,0,0,0,0,0,1462065415224,221910
11.1053883213,0.63445436535,-2.35407213405,-0.974033,-0.022151,-0.826893,0,0,0,0,0,0,1462065415234,221920
9.94930394835,0.5850783861,-2.3232501474,-1.070717,0.055296,-0.790806,0,0,0,0,0,0,1462065415243,221929
9.28581238845,0.30750398835,-2.2756687668,-1.161941,0.231757,-0.737556,0,0,0,0,0,0,1462065415253,221939
9.2742896922,0.0791584716,-2.6608308246,-1.242455,0.420161,-0.664355,0,0,0,0,0,0,1462065415263,221949
9.82734969255,0.2536366092,-2.9797006044,-1.349262,0.536558,-0.602959,0,0,0,0,0,0,1462065415273,221959
10.4369640667,0.39070275855,-3.07636376775,-1.464159,0.557585,-0.537551,0,0,0,0,0,0,1462065415282,221968
10.4369640667,0.39070275855,-3.07636376775,-1.551012,0.575162,-0.481018,0,0,0,0,0,0,1462065415291,221977
11.056012342,0.4531018362,-2.9324134203,-1.591617,0.601127,-0.437054,0,0,0,0,0,0,1462065415301,221987
11.4456657998,0.557992695,-2.90727923265,-1.568845,0.594415,-0.396236,0,0,0,0,0,0,1462065415311,221997
11.5965003453,0.7231938363,-3.0971634603,-1.483821,0.536185,-0.358754,0,0,0,0,0,0,1462065415321,222007
11.7374498884,0.8520322902,-3.1432542453,-1.357522,0.485222,-0.320162,0,0,0,0,0,0,1462065415331,222017
11.9584699124,0.8185135023,-3.197719824,-1.215286,0.418987,-0.289264,0,0,0,0,0,0,1462065415340,222026
11.9883896964,0.2709942027,-3.0633504759,-1.042864,0.417565,-0.271507,0,0,0,0,0,0,1462065415349,222035
11.9883896964,0.2709942027,-3.0633504759,-0.861920,0.464284,-0.281866,0,0,0,0,0,0,1462065415359,222045
11.3654580273,-0.1764198345,-2.86134535245,-0.686891,0.506169,-0.308399,0,0,0,0,0,0,1462065415368,222054
10.7348968623,-0.64343716515,-2.85191145135,-0.505553,0.462268,-0.314739,0,0,0,0,0,0,1462065415378,222064
10.101334893,-0.9783210411,-2.8327592592,-0.350846,0.350111,-0.295567,0,0,0,0,0,0,1462065415388,222074
9.760459215,-1.19619316245,-2.6264098341,-0.212862,0.287792,-0.196269,0,0,0,0,0,0,1462065415397,222083
9.41584724145,-1.22551474695,-2.5258534704,-0.137325,0.326409,-0.098085,0,0,0,0,0,0,1462065415407,222093
9.31005418005,-1.18556286225,-2.5367779671,-0.103431,0.462440,-0.016067,0,0,0,0,0,0,1462065415416,222102
9.1629657366,-1.0122909303,-2.53872947055,-0.084885,0.613340,0.005301,0,0,0,0,0,0,1462065415426,222112
9.1415678445,-0.8337724941,-2.75060978985,-0.090338,0.665351,0.045634,0,0,0,0,0,0,1462065415436,222122
9.1415678445,-0.8337724941,-2.75060978985,-0.106263,0.523383,0.138658,0,0,0,0,0,0,1462065415445,222131
9.10954945875,-0.5425767984,-3.1451959422,-0.123728,0.281057,0.183423,0,0,0,0,0,0,1462065415455,222141
9.20396692215,-0.00777659415,-3.2875085958,-0.094995,0.095262,0.195000,0,0,0,0,0,0,1462065415464,222150
9.4299196407,0.57281039205,-3.19682742795,-0.011775,0.013123,0.172599,0,0,0,0,0,0,1462065415475,222161
9.51685470645,1.29988762215,-2.8001426739,0.120952,-0.015757,0.157963,0,0,0,0,0,0,1462065415484,222170
9.37664065455,1.5862879149,-2.7923562732,0.241463,-0.044651,0.150843,0,0,0,0,0,0,1462065415494,222180
9.37664065455,1.5862879149,-2.7923562732,0.361811,-0.071088,0.161144,0,0,0,0,0,0,1462065415503,222189
9.32217507585,1.8803275101,-2.74462779435,0.461176,-0.045773,0.180791,0,0,0,0,0,0,1462065415513,222199
9.4492189311,2.17076810145,-2.6463171306,0.520267,0.022880,0.196124,0,0,0,0,0,0,1462065415522,222208
9.60723187125,2.3655948303,-2.6051688468,0.561365,0.068991,0.196400,0,0,0,0,0,0,1462065415532,222218
9.7915852047,2.27581586505,-2.7371453967,0.528507,0.040704,0.217392,0,0,0,0,0,0,1462065415542,222228
9.93912474945,2.09325713025,-2.74492199085,0.503301,-0.013608,0.210737,0,0,0,0,0,0,1462065415551,222237
9.93912474945,2.09325713025,-2.74492199085,0.478984,-0.016065,0.213318,0,0,0,0,0,0,1462065415560,222246
9.9720453378,1.33011140925,-2.3507869398,0.474041,0.009783,0.208643,0,0,0,0,0,0,1462065415570,222256
9.87043967325,1.08800730285,-2.13126731805,0.479919,0.048669,0.210264,0,0,0,0,0,0,1462065415581,222267
9.1836183309,0.9162259665,-1.86266591355,0.466292,0.113319,0.204797,0,0,0,0,0,0,1462065415599,222285
9.21249862065,0.89691686955,-1.8140352321,0.444048,0.165095,0.219118,0,0,0,0,0,0,1462065415609,222295
9.47241142185,0.852777588,-1.92566319075,0.441210,0.227551,0.232212,0,0,0,0,0,0,1462065415618,222304
9.90486066375,0.77661011415,-2.0155990608,0.443151,0.293607,0.252774,0,0,0,0,0,0,1462065415628,222314
10.3302786093,0.624284973,-2.21162218875,0.474103,0.341134,0.301575,0,0,0,0,0,0,1462065415637,222323
10.3302786093,0.624284973,-2.21162218875,0.512310,0.374643,0.362618,0,0,0,0,0,0,1462065415647,222333
10.5536816249,0.48676772235,-2.28538705785,0.526783,0.348973,0.389612,0,0,0,0,0,0,1462065415657,222343
10.5399132287,0.25093980795,-2.33402754585,0.545027,0.297421,0.416315,0,0,0,0,0,0,1462065415666,222352
10.269223029,-0.06359547675,-2.2901824608,0.490734,0.188940,0.430362,0,0,0,0,0,0,1462065415676,222362
9.85068928155,-0.19557202665,-2.21970278595,0.367134,0.029695,0.476530,0,0,0,0,0,0,1462065415685,222371
9.5557572903,-0.2829581937,-2.15670550875,0.224071,-0.101467,0.509422,0,0,0,0,0,0,1462065415695,222381
9.69043064145,-0.31393708515,-2.17406310225,0.123773,-0.096809,0.582040,0,0,0,0,0,0,1462065415705,222391
10.3259343076,-0.0924757665,-2.12603062035,0.076819,0.005584,0.615654,0,0,0,0,0,0,1462065415714,222400
11.524069167,0.24809590845,-2.26175327235,0.091793,0.141162,0.636879,0,0,0,0,0,0,1462065415724,222410
11.524069167,0.24809590845,-2.26175327235,0.196784,0.294711,0.637960,0,0,0,0,0,0,1462065415733,222419
11.6081701398,0.3221647806,-2.20279629375,0.332434,0.402456,0.632195,0,0,0,0,0,0,1462065415743,222429
11.2918402564,0.31109318565,-2.0534523438,0.409075,0.413328,0.617014,0,0,0,0,0,0,1462065415753,222439
10.9208878896,0.1882465338,-1.9243196934,0.393114,0.228306,0.596519,0,0,0,0,0,0,1462065415763,222449
10.474376055,0.00059819955,-1.786949541,0.313157,-0.060565,0.585197,0,0,0,0,0,0,1462065415772,222458
10.2693701273,-0.24929230755,-1.76136425205,0.301802,-0.252429,0.598154,0,0,0,0,0,0,1462065415782,222468
10.2693701273,-0.24929230755,-1.76136425205,0.370848,-0.267199,0.632443,0,0,0,0,0,0,1462065415791,222477
10.3121659114,-0.44875753455,-1.82840182785,0.517277,-0.166333,0.648918,0,0,0,0,0,0,1462065415801,222487
10.5340783314,-0.46446762765,-2.04642104745,0.719457,0.001785,0.645936,0,0,0,0,0,0,1462065415810,222496
10.8905170043,-0.4557888309,-2.4549325008,0.915356,0.154760,0.675132,0,0,0,0,0,0,1462065415820,222506
11.2726880643,-0.7034434446,-3.0075315933,1.053437,0.275421,0.662035,0,0,0,0,0,0,1462065415830,222516
11.6142992335,-0.93896735595,-3.2913919896,1.128690,0.293447,0.663089,0,0,0,0,0,0,1462065415840,222526
11.7308696934,-1.4701783629,-3.28106569245,1.107116,0.193400,0.683272,0,0,0,0,0,0,1462065415849,222535
11.6153485344,-1.8180755307,-3.4851694176,0.980028,-0.029332,0.746188,0,0,0,0,0,0,1462065415859,222545
11.6153485344,-1.8180755307,-3.4851694176,0.814069,-0.280423,0.822669,0,0,0,0,0,0,1462065415868,222554
11.5052209779,-2.0510595456,-3.4194851457,0.704261,-0.401507,0.939991,0,0,0,0,0,0,1462065415878,222564
11.6412378264,-2.18573289675,-3.31189748565,0.682447,-0.407856,1.077954,0,0,0,0,0,0,1462065415887,222573
11.8945704325,-1.9368916905,-3.37518895935,0.705564,-0.347084,1.182846,0,0,0,0,0,0,1462065415897,222583
12.0424139804,-1.260533937,-3.362469864,0.718283,-0.320761,1.243941,0,0,0,0,0,0,1462065415906,222592
11.7697722772,-0.0945743682,-3.4901119188,0.688004,-0.401940,1.276790,0,0,0,0,0,0,1462065415916,222602
11.7697722772,-0.0945743682,-3.4901119188,0.648960,-0.630492,1.279563,0,0,0,0,0,0,1462065415926,222612
9.74579842275,-0.1452938448,-3.75123092565,0.710130,-1.023226,1.307447,0,0,0,0,0,0,1462065415935,222621
8.7098639004,-0.27547579605,-4.20941255475,0.888310,-1.541187,1.364496,0,0,0,0,0,0,1462065415945,222631
8.025876651,-0.3936937563,-4.48923265245,1.110139,-2.037749,1.421550,0,0,0,0,0,0,1462065415955,222641
7.54809172845,-0.49484831955,-4.21704205065,1.292644,-2.365233,1.435841,0,0,0,0,0,0,1462065415964,222650
7.31765741655,-0.59120747985,-3.7877407113,1.391034,-2.533361,1.392583,0,0,0,0,0,0,1462065415974,222660
7.3192951104,-0.8708804793,-3.16256334225,1.393524,-2.497015,1.365616,0,0,0,0,0,0,1462065415983,222669
7.50649234335,-0.9091848636,-2.50550487915,1.351217,-2.244260,1.341140,0,0,0,0,0,0,1462065415993,222679
7.50649234335,-0.9091848636,-2.50550487915,1.346976,-1.825311,1.320699,0,0,0,0,0,0,1462065416003,222689
7.8906051003,-0.7073268384,-2.00886196095,1.353777,-1.377046,1.271932,0,0,0,0,0,0,1462065416013,222699
8.32171084485,-0.4317039441,-1.6268478057,1.368331,-1.008852,1.213590,0,0,0,0,0,0,1462065416022,222708
8.95168361685,-0.3609202662,-1.67502738585,1.375341,-0.751654,1.104422,0,0,0,0,0,0,1462065416031,222717
9.4644779229,-0.59973917835,-1.8218216328,1.367937,-0.602594,1.035197,0,0,0,0,0,0,1462065416042,222728
8.90394533145,-0.73875683115,-1.89753800535,1.300942,-0.478430,0.984649,0,0,0,0,0,0,1462065416051,222737
8.10414272655,-0.86310388515,-1.9961428656,1.215933,-0.376794,0.921529,0,0,0,0,0,0,1462065416061,222747
8.10414272655,-0.86310388515,-1.9961428656,1.108431,-0.326133,0.816985,0,0,0,0,0,0,1462065416070,222756
7.1720595687,-1.02261722745,-2.1834871968,1.002453,-0.308532,0.694693,0,0,0,0,0,0,1462065416080,222766
6.4029318522,-1.1955949629,-2.42589530625,0.882245,-0.351085,0.564386,0,0,0,0,0,0,1462065416089,222775
5.86364024805,-1.38308639235,-2.6554372221,0.800677,-0.416750,0.475889,0,0,0,0,0,0,1462065416099,222785
5.8045361712,-1.67547848715,-2.8779478416,0.725927,-0.450373,0.424969,0,0,0,0,0,0,1462065416109,222795
6.08615086755,-2.3051472561,-2.91296703165,0.653214,-0.457902,0.405375,0,0,0,0,0,0,1462065416118,222804
6.08615086755,-2.3051472561,-2.91296703165,0.511209,-0.430546,0.369099,0,0,0,0,0,0,1462065416127,222813
7.9464239829,-2.70257730795,-2.49144228645,0.367061,-0.383451,0.288310,0,0,0,0,0,0,1462065416138,222824
8.6772473151,-2.1596965065,-2.0374480542,0.224264,-0.264867,0.152349,0,0,0,0,0,0,1462065416148,222834
7.98952377015,-1.1297537862,-1.18976006565,-0.018587,0.112037,-0.221539,0,0,0,0,0,0,1462065416166,222852
6.935780553,-1.4837898543,-1.205617257,-0.132921,0.277003,-0.301243,0,0,0,0,0,0,1462065416176,222862
5.8618456494,-1.59512361645,-1.77034705185,-0.235979,0.330320,-0.358566,0,0,0,0,0,0,1462065416185,222871
5.8618456494,-1.59512361645,-1.77034705185,-0.367549,0.293872,-0.442778,0,0,0,0,0,0,1462065416195,222881
5.0164033608,-1.211305056,-2.35003183545,-0.509908,0.244363,-0.537013,0,0,0,0,0,0,1462065416204,222890
4.6194146037,-1.29914232435,-2.7314575977,-0.573459,0.231734,-0.630015,0,0,0,0,0,0,1462065416214,222900
4.6322807973,-2.53064887335,-3.5122551087,-0.570438,0.224300,-0.694719,0,0,0,0,0,0,1462065416224,222910
5.4060568185,-3.24890020845,-3.9442532493,-0.530201,0.265469,-0.733008,0,0,0,0,0,0,1462065416233,222919
6.46517402505,-3.6027891783,-3.900261066,-0.470731,0.319783,-0.753860,0,0,0,0,0,0,1462065416243,222929
6.46517402505,-3.6027891783,-3.900261066,-0.506137,0.309166,-0.728944,0,0,0,0,0,0,1462065416252,222938
7.81908593115,-3.56463189225,-3.50492961585,-0.640323,0.136722,-0.716408,0,0,0,0,0,0,1462065416262,222948
8.92773602175,-2.8125577662,-3.0160632918,-0.779777,-0.037478,-0.797054,0,0,0,0,0,0,1462065416272,222958
9.26696419935,-1.78964634225,-2.71140320295,-0.728790,-0.052115,-0.924200,0,0,0,0,0,0,1462065416281,222967
8.77061547765,-1.33565211,-2.85281365395,-0.569145,0.053947,-1.034474,0,0,0,0,0,0,1462065416291,222977
7.7110471698,-1.31365601835,-3.16689783735,-0.461084,0.163655,-1.083568,0,0,0,0,0,0,1462065416300,222986
6.93443705565,-1.56235012635,-3.4480614324,-0.433357,0.221439,-1.089315,0,0,0,0,0,0,1462065416310,222996
6.69890333775,-1.6991220792,-3.52872030615,-0.455297,0.221378,-1.081750,0,0,0,0,0,0,1462065416320,223006
6.69890333775,-1.6991220792,-3.52872030615,-0.520671,0.202119,-1.100261,0,0,0,0,0,0,1462065416329,223015
6.9184229595,-1.34342870415,-3.18829572945,-0.619656,0.197665,-1.175605,0,0,0,0,0,0,1462065416340,223026
7.15245627525,-1.16836217355,-3.0208488882,-0.670095,0.235729,-1.266899,0,0,0,0,0,0,1462065416349,223035
7.7800264425,-1.06810000635,-2.8384470582,-0.721098,0.322288,-1.319165,0,0,0,0,0,0,1462065416368,223054
8.13915211005,-0.9055956663,-2.7366942954,-0.705928,0.408451,-1.293488,0,0,0,0,0,0,1462065416377,223063
8.13915211005,-0.9055956663,-2.7366942954,-0.683645,0.522932,-1.262580,0,0,0,0,0,0,1462065416387,223073
8.516988675,-0.7248413367,-2.64436562715,-0.664817,0.619663,-1.244266,0,0,0,0,0,0,1462065416397,223083
9.0401092782,-0.63206156715,-2.5498010655,-0.674985,0.718485,-1.246908,0,0,0,0,0,0,1462065416407,223093
11.5013277775,-0.4498068354,-2.31127634985,-0.662110,0.928921,-1.305651,0,0,0,0,0,0,1462065416425,223111
11.8796056373,-0.25093980795,-2.30529435435,-0.710106,0.849651,-1.333576,0,0,0,0,0,0,1462065416435,223121
11.7860903764,0.09113226915,-2.28674036175,-0.800619,0.671602,-1.308894,0,0,0,0,0,0,1462065416445,223131
11.7860903764,0.09113226915,-2.28674036175,-0.870614,0.503137,-1.273032,0,0,0,0,0,0,1462065416454,223140
11.206248688,0.41494455015,-2.40090821685,-0.869096,0.396157,-1.249310,0,0,0,0,0,0,1462065416464,223150
10.4971174444,0.51504981255,-2.5077505791,-0.800899,0.374092,-1.253611,0,0,0,0,0,0,1462065416473,223159
10.1300582779,0.3794742588,-2.9078774322,-0.706179,0.372248,-1.244165,0,0,0,0,0,0,1462065416483,223169
10.4710810542,0.17223243765,-3.16285753875,-0.610745,0.398914,-1.192179,0,0,0,0,0,0,1462065416493,223179
11.2943801529,0.1440974457,-3.23723041395,-0.582425,0.424274,-1.107565,0,0,0,0,0,0,1462065416502,223188
12.12845665,0.4284089433,-3.0705288705,-0.605188,0.440031,-1.012854,0,0,0,0,0,0,1462065416512,223198
12.12845665,0.4284089433,-3.0705288705,-0.695091,0.336324,-0.958818,0,0,0,0,0,0,1462065416521,223207
12.6367693627,0.8411077935,-3.1974256275,-0.834462,0.158212,-0.905314,0,0,0,0,0,0,1462065416531,223217
11.9443975131,0.49933971945,-2.94797641515,-0.952780,0.086371,-0.814769,0,0,0,0,0,0,1462065416541,223227
10.8393366198,0.21428292405,-2.62820443275,-1.050129,0.151366,-0.694317,0,0,0,0,0,0,1462065416550,223236
9.65526435315,0.13677195285,-2.6264098341,-1.182529,0.255956,-0.618007,0,0,0,0,0,0,1462065416560,223246
8.8541182509,0.07856027205,-2.7345956937,-1.302505,0.346339,-0.565514,0,0,0,0,0,0,1462065416569,223255
8.751169089,0.0140625927,-2.86118844765,-1.428690,0.448516,-0.504169,0,0,0,0,0,0,1462065416579,223265
9.13618404855,-0.00554070075,-3.1634557383,-1.528106,0.555493,-0.449122,0,0,0,0,0,0,1462065416589,223275
9.13618404855,-0.00554070075,-3.1634557383,-1.577229,0.603719,-0.416064,0,0,0,0,0,0,1462065416598,223284
9.8367737871,0.0047855964,-3.5668775922,-1.514356,0.626534,-0.391291,0,0,0,0,0,0,1462065416608,223294
10.6874527734,0.10713655875,-3.8236522974,-1.377037,0.604902,-0.378539,0,0,0,0,0,0,1462065416618,223304
11.3573774301,0.1288384539,-3.9870490335,-1.195988,0.563545,-0.352546,0,0,0,0,0,0,1462065416627,223313
12.0081498946,0.16085683965,-4.1410314816,-0.963849,0.466077,-0.301304,0,0,0,0,0,0,1462065416637,223323
12.0081498946,0.16085683965,-4.1410314816,-0.724313,0.322811,-0.236911,0,0,0,0,0,0,1462065416646,223332
11.8938251347,0.1162664568,-4.1042176929,-0.481023,0.172447,-0.181309,0,0,0,0,0,0,1462065416656,223342
11.5695617524,0.0023927982,-3.8683897785,-0.258232,0.077023,-0.174729,0,0,0,0,0,0,1462065416666,223352
11.1275413177,-0.0049425012,-3.5285732079,-0.091035,0.040963,-0.236830,0,0,0,0,0,0,1462065416675,223361
10.6114422043,-0.08664086925,-3.3148884834,0.050514,0.015428,-0.289994,0,0,0,0,0,0,1462065416685,223371
10.1837785588,-0.2645611059,-3.14834384475,0.162818,-0.038354,-0.318456,0,0,0,0,0,0,1462065416695,223381
9.