% Accelerometer data recorded with 'snsrlog'
% 
% Sampling frequency: 100 Hz
% 
% Label description:
% 	 0: Default Label
% 	 1: still_drop
% 	 2: walk_drop
% 	 3: other
% 	 4: dtw_same
% 	 5: dtw_diff
% 	 6: delete
% 
% Column description:
% 	 1: Seconds.milliseconds since 1970
% 	 2: Number of skipped measurements
% 	 3: Acceleration value in x-direction
% 	 4: Acceleration value in y-direction
% 	 5: Acceleration value in z-direction
% 	 6: Label used for the current sample
% 
% 
1462172456.899	 0	 0.075165	 -0.246170	 -1.022461	 5
1462172456.908	 0	 0.071075	 -0.242142	 -1.008774	 5
1462172456.918	 0	 0.072998	 -0.248795	 -0.984222	 5
1462172456.927	 0	 0.072998	 -0.248795	 -0.984222	 5
1462172456.937	 0	 0.074127	 -0.257446	 -0.979309	 5
1462172456.947	 0	 0.089706	 -0.254013	 -0.988892	 5
1462172456.956	 0	 0.090744	 -0.255005	 -0.991821	 5
1462172456.966	 0	 0.096649	 -0.258026	 -0.991730	 5
1462172456.976	 0	 0.096649	 -0.258026	 -0.991730	 5
1462172456.985	 0	 0.091766	 -0.259811	 -0.985901	 5
1462172456.995	 0	 0.088699	 -0.254883	 -0.980072	 5
1462172457.005	 0	 0.086945	 -0.262589	 -0.984039	 5
1462172457.014	 0	 0.085022	 -0.262558	 -0.987991	 5
1462172457.024	 0	 0.080109	 -0.250122	 -1.020416	 5
1462172457.033	 0	 0.080109	 -0.250122	 -1.020416	 5
1462172457.043	 0	 0.080109	 -0.249161	 -1.021408	 5
1462172457.052	 0	 0.084152	 -0.256927	 -1.019394	 5
1462172457.062	 0	 0.088058	 -0.257019	 -1.020309	 5
1462172457.072	 0	 0.089142	 -0.261871	 -1.022278	 5
1462172457.081	 0	 0.088120	 -0.258972	 -1.024231	 5
1462172457.091	 0	 0.088120	 -0.258972	 -1.024231	 5
1462172457.101	 0	 0.087097	 -0.257980	 -1.020325	 5
1462172457.110	 0	 0.085022	 -0.256866	 -1.005631	 5
1462172457.120	 0	 0.085022	 -0.258774	 -0.999741	 5
1462172457.129	 0	 0.083115	 -0.263474	 -0.989975	 5
1462172457.139	 0	 0.084991	 -0.261581	 -0.987991	 5
1462172457.149	 0	 0.084991	 -0.261581	 -0.987991	 5
1462172457.158	 0	 0.083008	 -0.261505	 -0.981155	 5
1462172457.168	 0	 0.080002	 -0.256638	 -0.984116	 5
1462172457.177	 0	 0.078903	 -0.249908	 -0.989044	 5
1462172457.187	 0	 0.076019	 -0.251770	 -0.987122	 5
1462172457.197	 0	 0.076096	 -0.253738	 -0.994965	 5
1462172457.206	 0	 0.076096	 -0.253738	 -0.994965	 5
1462172457.216	 0	 0.079956	 -0.249039	 -1.000793	 5
1462172457.226	 0	 0.077087	 -0.251892	 -1.002808	 5
1462172457.235	 0	 0.082977	 -0.252029	 -1.004684	 5
1462172457.245	 0	 0.076294	 -0.257660	 -1.008713	 5
1462172457.254	 0	 0.076294	 -0.257660	 -1.008713	 5
1462172457.264	 0	 0.079147	 -0.254822	 -1.008667	 5
1462172457.274	 0	 0.080032	 -0.250992	 -1.006699	 5
1462172457.283	 0	 0.080048	 -0.253860	 -1.000793	 5
1462172457.293	 0	 0.083115	 -0.259689	 -0.999771	 5
1462172457.302	 0	 0.084076	 -0.262558	 -0.990936	 5
1462172457.312	 0	 0.084076	 -0.262558	 -0.990936	 5
1462172457.322	 0	 0.086029	 -0.261658	 -0.996811	 5
1462172457.331	 0	 0.082031	 -0.257721	 -0.994873	 5
1462172457.341	 0	 0.086990	 -0.261673	 -0.993866	 5
1462172457.350	 0	 0.082993	 -0.252975	 -1.004684	 5
1462172457.360	 0	 0.083984	 -0.253021	 -1.009567	 5
1462172457.370	 0	 0.083984	 -0.253021	 -1.009567	 5
1462172457.379	 0	 0.084930	 -0.250183	 -1.012497	 5
1462172457.389	 0	 0.084885	 -0.248261	 -1.013474	 5
1462172457.398	 0	 0.085938	 -0.252121	 -1.011505	 5
1462172457.408	 0	 0.083862	 -0.250092	 -1.000732	 5
1462172457.418	 0	 0.084854	 -0.251068	 -1.000717	 5
1462172457.427	 0	 0.082901	 -0.250061	 -0.999771	 5
1462172457.437	 0	 0.082901	 -0.250061	 -0.999771	 5
1462172457.446	 0	 0.082123	 -0.259674	 -0.999786	 5
1462172457.456	 0	 0.079208	 -0.259613	 -1.002777	 5
1462172457.466	 0	 0.081085	 -0.256744	 -1.000778	 5
1462172457.475	 0	 0.078110	 -0.254745	 -0.997894	 5
1462172457.485	 0	 0.071320	 -0.257492	 -0.997009	 5
1462172457.495	 0	 0.070282	 -0.251739	 -1.001938	 5
1462172457.504	 0	 0.069366	 -0.255554	 -1.001953	 5
1462172457.514	 0	 0.069366	 -0.255554	 -1.001953	 5
1462172457.523	 0	 0.073288	 -0.254684	 -1.006805	 5
1462172457.533	 0	 0.080139	 -0.253937	 -1.013550	 5
1462172457.543	 0	 0.084167	 -0.257904	 -1.019394	 5
1462172457.552	 0	 0.083313	 -0.263626	 -1.016464	 5
1462172457.562	 0	 0.083115	 -0.258759	 -1.004684	 5
1462172457.571	 0	 0.079224	 -0.257736	 -1.011597	 5
1462172457.581	 0	 0.079224	 -0.257736	 -1.011597	 5
1462172457.591	 0	 0.080109	 -0.252945	 -1.010620	 5
1462172457.600	 0	 0.081924	 -0.246277	 -1.012543	 5
1462172457.610	 0	 0.079941	 -0.247147	 -1.005707	 5
1462172457.620	 0	 0.080948	 -0.250977	 -0.999802	 5
1462172457.629	 0	 0.081070	 -0.260544	 -0.988037	 5
1462172457.639	 0	 0.085114	 -0.267365	 -0.987991	 5
1462172457.648	 0	 0.085114	 -0.267365	 -0.987991	 5
1462172457.658	 0	 0.087173	 -0.270325	 -0.992874	 5
1462172457.668	 0	 0.087173	 -0.268433	 -0.998749	 5
1462172457.677	 0	 0.084991	 -0.251175	 -1.019379	 5
1462172457.687	 0	 0.080963	 -0.246262	 -1.015503	 5
1462172457.696	 0	 0.080048	 -0.248169	 -1.016495	 5
1462172457.706	 0	 0.080048	 -0.248169	 -1.016495	 5
1462172457.716	 0	 0.072159	 -0.246994	 -1.008774	 5
1462172457.725	 0	 0.076965	 -0.247055	 -0.999863	 5
1462172457.735	 0	 0.074158	 -0.253708	 -0.996963	 5
1462172457.744	 0	 0.071014	 -0.244949	 -0.993088	 5
1462172457.754	 0	 0.067062	 -0.237228	 -1.006866	 5
1462172457.764	 0	 0.067062	 -0.237228	 -1.006866	 5
1462172457.773	 0	 0.069107	 -0.242081	 -1.006851	 5
1462172457.783	 0	 0.076996	 -0.244232	 -1.012619	 5
1462172457.793	 0	 0.077927	 -0.244202	 -1.005737	 5
1462172457.802	 0	 0.080093	 -0.255783	 -0.999817	 5
1462172457.812	 0	 0.080093	 -0.255783	 -0.999817	 5
1462172457.821	 0	 0.080139	 -0.260559	 -0.992950	 5
1462172457.831	 0	 0.083099	 -0.257782	 -1.003693	 5
1462172457.841	 0	 0.083954	 -0.249222	 -1.015457	 5
1462172457.850	 0	 0.084930	 -0.252075	 -1.006622	 5
1462172457.860	 0	 0.079041	 -0.254745	 -0.993958	 5
1462172457.870	 0	 0.079041	 -0.254745	 -0.993958	 5
1462172457.879	 0	 0.079056	 -0.260452	 -0.979233	 5
1462172457.889	 0	 0.076202	 -0.262329	 -0.982224	 5
1462172457.898	 0	 0.075287	 -0.263290	 -0.988144	 5
1462172457.908	 0	 0.070511	 -0.261383	 -1.007828	 5
1462172457.917	 0	 0.071411	 -0.254700	 -1.016632	 5
1462172457.927	 0	 0.071411	 -0.254700	 -1.016632	 5
1462172457.937	 0	 0.071503	 -0.255737	 -1.028397	 5
1462172457.946	 0	 0.071518	 -0.257645	 -1.024475	 5
1462172457.956	 0	 0.079422	 -0.261673	 -1.027328	 5
1462172457.966	 0	 0.080475	 -0.264603	 -1.027313	 5
1462172457.975	 0	 0.083405	 -0.263702	 -1.030212	 5
1462172457.985	 0	 0.083405	 -0.263702	 -1.030212	 5
1462172457.994	 0	 0.081345	 -0.263580	 -1.016495	 5
1462172458.004	 0	 0.079315	 -0.262543	 -1.008682	 5
1462172458.014	 0	 0.077271	 -0.258652	 -1.008698	 5
1462172458.023	 0	 0.079102	 -0.254791	 -1.001801	 5
1462172458.033	 0	 0.076202	 -0.259476	 -0.989090	 5
1462172458.042	 0	 0.076202	 -0.259476	 -0.989090	 5
1462172458.052	 0	 0.072235	 -0.257462	 -0.988174	 5
1462172458.062	 0	 0.075180	 -0.258484	 -0.988129	 5
1462172458.071	 0	 0.077042	 -0.251862	 -0.996918	 5
1462172458.081	 0	 0.077011	 -0.248978	 -1.000839	 5
1462172458.090	 0	 0.075150	 -0.252777	 -0.999893	 5
1462172458.100	 0	 0.075150	 -0.252777	 -0.999893	 5
1462172458.110	 0	 0.072342	 -0.256592	 -1.004852	 5
1462172458.119	 0	 0.073166	 -0.251770	 -0.998932	 5
1462172458.129	 0	 0.067291	 -0.249710	 -1.000977	 5
1462172458.139	 0	 0.065292	 -0.246811	 -1.001999	 5
1462172458.148	 0	 0.067230	 -0.244934	 -1.006882	 5
1462172458.158	 0	 0.067230	 -0.244934	 -1.006882	 5
1462172458.168	 0	 0.069214	 -0.247864	 -1.005875	 5
1462172458.177	 0	 0.069275	 -0.249802	 -1.007828	 5
1462172458.187	 0	 0.072311	 -0.255646	 -1.004852	 5
1462172458.196	 0	 0.076309	 -0.259552	 -1.003799	 5
1462172458.206	 0	 0.076309	 -0.259552	 -1.003799	 5
1462172458.216	 0	 0.075409	 -0.263397	 -1.004822	 5
1462172458.225	 0	 0.077301	 -0.261520	 -1.005768	 5
1462172458.235	 0	 0.073410	 -0.261429	 -1.004852	 5
1462172458.244	 0	 0.073349	 -0.258545	 -1.004837	 5
1462172458.254	 0	 0.075363	 -0.258636	 -1.012650	 5
1462172458.263	 0	 0.075363	 -0.258636	 -1.012650	 5
1462172458.273	 0	 0.076416	 -0.261551	 -1.015594	 5
1462172458.283	 0	 0.075500	 -0.260651	 -1.026382	 5
1462172458.292	 0	 0.072433	 -0.257614	 -1.014664	 5
1462172458.302	 0	 0.075333	 -0.258606	 -1.008728	 5
1462172458.312	 0	 0.079239	 -0.262482	 -0.997894	 5
1462172458.321	 0	 0.079239	 -0.262482	 -0.997894	 5
1462172458.331	 0	 0.076370	 -0.267197	 -0.992050	 5
1462172458.341	 0	 0.075165	 -0.257523	 -0.988129	 5
1462172458.350	 0	 0.074219	 -0.257507	 -0.991074	 5
1462172458.360	 0	 0.069366	 -0.260284	 -0.988220	 5
1462172458.369	 0	 0.069366	 -0.260284	 -0.988220	 5
1462172458.379	 0	 0.075470	 -0.270065	 -0.992065	 5
1462172458.388	 0	 0.073532	 -0.270035	 -0.995026	 5
1462172458.398	 0	 0.074356	 -0.258575	 -1.008743	 5
1462172458.408	 0	 0.072372	 -0.254730	 -1.015640	 5
1462172458.417	 0	 0.075256	 -0.250031	 -1.024414	 5
1462172458.427	 0	 0.077072	 -0.245255	 -1.022430	 5
1462172458.436	 0	 0.077072	 -0.245255	 -1.022430	 5
1462172458.446	 0	 0.074356	 -0.255737	 -1.017578	 5
1462172458.456	 0	 0.068573	 -0.263229	 -1.003937	 5
1462172458.465	 0	 0.067657	 -0.268936	 -0.995102	 5
1462172458.475	 0	 0.075302	 -0.260483	 -0.998901	 5
1462172458.485	 0	 0.075302	 -0.260483	 -0.998901	 5
1462172458.494	 0	 0.076172	 -0.253784	 -1.003799	 5
1462172458.504	 0	 0.077164	 -0.254776	 -1.005753	 5
1462172458.513	 0	 0.075287	 -0.257614	 -1.003815	 5
1462172458.523	 0	 0.079086	 -0.258575	 -0.989044	 5
1462172458.533	 0	 0.077209	 -0.263336	 -0.986130	 5
1462172458.542	 0	 0.077347	 -0.269119	 -0.988113	 5
1462172458.552	 0	 0.077347	 -0.269119	 -0.988113	 5
1462172458.562	 0	 0.084167	 -0.262634	 -1.003693	 5
1462172458.571	 0	 0.084167	 -0.261688	 -1.008606	 5
1462172458.581	 0	 0.079239	 -0.260605	 -1.004745	 5
1462172458.590	 0	 0.072281	 -0.255615	 -1.000916	 5
1462172458.600	 0	 0.072281	 -0.255615	 -1.000916	 5
1462172458.609	 0	 0.073166	 -0.250824	 -1.001892	 5
1462172458.619	 0	 0.075241	 -0.255707	 -1.004806	 5
1462172458.629	 0	 0.076340	 -0.261490	 -1.004807	 5
1462172458.638	 0	 0.077301	 -0.261505	 -1.003799	 5
1462172458.648	 0	 0.077301	 -0.261505	 -1.003799	 5
1462172458.658	 0	 0.074127	 -0.248932	 -1.004822	 5
1462172458.667	 0	 0.077072	 -0.249985	 -1.007706	 5
1462172458.677	 0	 0.079010	 -0.249039	 -1.006714	 5
1462172458.686	 0	 0.081924	 -0.252899	 -0.994873	 5
1462172458.696	 0	 0.083954	 -0.256775	 -0.992889	 5
1462172458.706	 0	 0.080170	 -0.262466	 -0.989044	 5
1462172458.715	 0	 0.080170	 -0.262466	 -0.989044	 5
1462172458.725	 0	 0.077942	 -0.248016	 -0.996902	 5
1462172458.734	 0	 0.075119	 -0.249908	 -1.003815	 5
1462172458.744	 0	 0.075089	 -0.248947	 -1.001862	 5
1462172458.754	 0	 0.075134	 -0.253738	 -0.996948	 5
1462172458.763	 0	 0.075134	 -0.253738	 -0.996948	 5
1462172458.773	 0	 0.075150	 -0.258469	 -0.983215	 5
1462172458.782	 0	 0.072235	 -0.261246	 -0.977402	 5
1462172458.792	 0	 0.073410	 -0.264267	 -0.996017	 5
1462172458.802	 0	 0.075577	 -0.270142	 -1.006790	 5
1462172458.811	 0	 0.076569	 -0.267364	 -1.020493	 5
1462172458.821	 0	 0.076569	 -0.267365	 -1.020493	 5
1462172458.831	 0	 0.074570	 -0.263474	 -1.023483	 5
1462172458.840	 0	 0.075470	 -0.259659	 -1.024414	 5
1462172458.850	 0	 0.077484	 -0.262604	 -1.025391	 5
1462172458.859	 0	 0.079575	 -0.268417	 -1.027328	 5
1462172458.869	 0	 0.079590	 -0.272247	 -1.020447	 5
1462172458.879	 0	 0.079590	 -0.272247	 -1.020447	 5
1462172458.888	 0	 0.078568	 -0.269333	 -1.020462	 5
1462172458.898	 0	 0.073441	 -0.261444	 -1.009750	 5
1462172458.907	 0	 0.072403	 -0.259476	 -1.003860	 5
1462172458.918	 0	 0.077271	 -0.262451	 -0.996933	 5
1462172458.936	 0	 0.075363	 -0.267151	 -0.988144	 5
1462172458.946	 0	 0.075363	 -0.267151	 -0.988144	 5
1462172458.955	 0	 0.076309	 -0.268082	 -0.980270	 5
1462172458.965	 0	 0.079224	 -0.267212	 -0.984146	 5
1462172458.975	 0	 0.074234	 -0.256577	 -0.996964	 5
1462172458.984	 0	 0.075134	 -0.250885	 -1.004806	 5
1462172458.994	 0	 0.075134	 -0.250885	 -1.004806	 5
1462172459.004	 0	 0.075119	 -0.248032	 -1.010696	 5
1462172459.013	 0	 0.073212	 -0.248962	 -1.012680	 5
1462172459.023	 0	 0.067429	 -0.252655	 -1.011765	 5
1462172459.032	 0	 0.065475	 -0.251694	 -1.012787	 5
1462172459.042	 0	 0.063263	 -0.240082	 -1.012802	 5
1462172459.052	 0	 0.063263	 -0.240082	 -1.012802	 5
1462172459.061	 0	 0.062317	 -0.243851	 -1.005966	 5
1462172459.071	 0	 0.064423	 -0.251617	 -1.004959	 5
1462172459.081	 0	 0.068253	 -0.250687	 -0.999008	 5
1462172459.090	 0	 0.068375	 -0.255524	 -1.000000	 5
1462172459.100	 0	 0.076248	 -0.258575	 -1.000855	 5
1462172459.109	 0	 0.076248	 -0.258575	 -1.000854	 5
1462172459.119	 0	 0.074341	 -0.260468	 -1.000885	 5
1462172459.128	 0	 0.079193	 -0.259598	 -1.000809	 5
1462172459.138	 0	 0.083176	 -0.261627	 -1.003708	 5
1462172459.148	 0	 0.084229	 -0.267426	 -0.999771	 5
1462172459.157	 0	 0.084229	 -0.267426	 -0.999771	 5
1462172459.167	 0	 0.082214	 -0.265442	 -0.996857	 5
1462172459.177	 0	 0.076309	 -0.262421	 -0.996948	 5
1462172459.186	 0	 0.076324	 -0.264328	 -0.994980	 5
1462172459.196	 0	 0.074310	 -0.261383	 -0.994049	 5
1462172459.205	 0	 0.074310	 -0.261383	 -0.994049	 5
1462172459.215	 0	 0.073456	 -0.265244	 -0.997986	 5
1462172459.225	 0	 0.067795	 -0.271881	 -1.003937	 5
1462172459.234	 0	 0.069534	 -0.261353	 -1.009811	 5
1462172459.244	 0	 0.063629	 -0.256439	 -1.012817	 5
1462172459.253	 0	 0.062729	 -0.261215	 -1.011856	 5
1462172459.263	 0	 0.062729	 -0.261215	 -1.011856	 5
1462172459.273	 0	 0.061813	 -0.260315	 -1.022659	 5
1462172459.282	 0	 0.067642	 -0.255676	 -1.032394	 5
1462172459.292	 0	 0.069687	 -0.263367	 -1.024521	 5
1462172459.302	 0	 0.072556	 -0.263397	 -1.015656	 5
1462172459.311	 0	 0.074417	 -0.259567	 -1.012665	 5
1462172459.321	 0	 0.074417	 -0.259567	 -1.012665	 5
1462172459.330	 0	 0.076340	 -0.259583	 -1.008713	 5
1462172459.340	 0	 0.078262	 -0.258667	 -1.008682	 5
1462172459.350	 0	 0.086166	 -0.265549	 -1.001724	 5
1462172459.359	 0	 0.090027	 -0.268448	 -0.989883	 5
1462172459.369	 0	 0.078232	 -0.271912	 -0.965515	 5
1462172459.378	 0	 0.074326	 -0.268967	 -0.973419	 5
1462172459.388	 0	 0.074326	 -0.268967	 -0.973419	 5
1462172459.398	 0	 0.076172	 -0.256607	 -0.994003	 5
1462172459.407	 0	 0.073227	 -0.251831	 -1.007767	 5
1462172459.417	 0	 0.069275	 -0.246948	 -1.014709	 5
1462172459.427	 0	 0.071228	 -0.246048	 -1.016632	 5
1462172459.436	 0	 0.071228	 -0.246048	 -1.016632	 5
1462172459.446	 0	 0.069260	 -0.248825	 -1.006866	 5
1462172459.455	 0	 0.062424	 -0.247726	 -1.009888	 5
1462172459.465	 0	 0.068268	 -0.246918	 -1.010803	 5
1462172459.475	 0	 0.061386	 -0.244827	 -1.009903	 5
1462172459.484	 0	 0.069168	 -0.244995	 -1.007828	 5
1462172459.494	 0	 0.071136	 -0.248825	 -0.997009	 5
1462172459.503	 0	 0.071136	 -0.248825	 -0.997009	 5
1462172459.513	 0	 0.073135	 -0.252686	 -0.993057	 5
1462172459.523	 0	 0.071259	 -0.256470	 -0.989166	 5
1462172459.532	 0	 0.074142	 -0.255569	 -0.987152	 5
1462172459.542	 0	 0.072235	 -0.258408	 -0.985230	 5
1462172459.551	 0	 0.072235	 -0.258408	 -0.985230	 5
1462172459.561	 0	 0.067383	 -0.257355	 -0.989212	 5
1462172459.571	 0	 0.068207	 -0.249710	 -0.994125	 5
1462172459.581	 0	 0.075134	 -0.250885	 -1.005783	 5
1462172459.590	 0	 0.083099	 -0.254013	 -1.016449	 5
1462172459.599	 0	 0.083099	 -0.254013	 -1.016449	 5
1462172459.609	 0	 0.084259	 -0.263657	 -1.015472	 5
1462172459.619	 0	 0.084244	 -0.266495	 -1.004684	 5
1462172459.629	 0	 0.078430	 -0.270157	 -0.996918	 5
1462172459.638	 0	 0.070633	 -0.269043	 -1.000961	 5
1462172459.648	 0	 0.070526	 -0.262344	 -1.005875	 5
1462172459.657	 0	 0.070526	 -0.262344	 -1.005875	 5
1462172459.667	 0	 0.070557	 -0.262360	 -1.008820	 5
1462172459.676	 0	 0.072495	 -0.259552	 -1.016617	 5
1462172459.686	 0	 0.070480	 -0.258514	 -1.010773	 5
1462172459.696	 0	 0.071426	 -0.259445	 -1.003876	 5
1462172459.705	 0	 0.069473	 -0.259415	 -1.004898	 5
1462172459.715	 0	 0.069473	 -0.259415	 -1.004898	 5
1462172459.724	 0	 0.069504	 -0.260407	 -1.007828	 5
1462172459.734	 0	 0.070541	 -0.261398	 -1.010788	 5
1462172459.744	 0	 0.069534	 -0.259460	 -1.012741	 5
1462172459.753	 0	 0.073318	 -0.253799	 -1.015625	 5
1462172459.763	 0	 0.070419	 -0.257523	 -1.004883	 5
1462172459.773	 0	 0.070419	 -0.257523	 -1.004883	 5
1462172459.782	 0	 0.078369	 -0.264450	 -1.007706	 5
1462172459.792	 0	 0.077301	 -0.263397	 -0.997925	 5
1462172459.801	 0	 0.075241	 -0.260437	 -0.989105	 5
1462172459.811	 0	 0.070313	 -0.257431	 -0.990158	 5
1462172459.821	 0	 0.066284	 -0.251572	 -0.991180	 5
1462172459.830	 0	 0.066284	 -0.251572	 -0.991180	 5
1462172459.840	 0	 0.062302	 -0.247620	 -0.991241	 5
1462172459.850	 0	 0.073181	 -0.250824	 -1.003845	 5
1462172459.859	 0	 0.074173	 -0.248962	 -1.011673	 5
1462172459.869	 0	 0.069412	 -0.251801	 -1.018631	 5
1462172459.878	 0	 0.071335	 -0.251831	 -1.015655	 5
1462172459.888	 0	 0.071335	 -0.251831	 -1.015656	 5
1462172459.898	 0	 0.073334	 -0.255692	 -1.011688	 5
1462172459.907	 0	 0.068390	 -0.251755	 -1.012756	 5
1462172459.917	 0	 0.070297	 -0.251755	 -1.004883	 5
1462172459.926	 0	 0.075302	 -0.259521	 -1.000870	 5
1462172459.936	 0	 0.075302	 -0.259521	 -1.000870	 5
1462172459.945	 0	 0.070465	 -0.261337	 -0.999985	 5
1462172459.955	 0	 0.068481	 -0.263168	 -0.993149	 5
1462172459.965	 0	 0.075287	 -0.257629	 -1.004807	 5
1462172459.974	 0	 0.073288	 -0.255661	 -1.004837	 5
1462172459.984	 0	 0.067352	 -0.253555	 -0.999008	 5
1462172459.994	 0	 0.067352	 -0.253555	 -0.999008	 5
1462172460.003	 0	 0.068375	 -0.253647	 -1.007843	 5
1462172460.013	 0	 0.067368	 -0.252609	 -1.001968	 5
1462172460.023	 0	 0.072311	 -0.255630	 -1.003860	 5
1462172460.032	 0	 0.075409	 -0.262451	 -1.006790	 5
1462172460.042	 0	 0.078293	 -0.260590	 -1.006729	 5
1462172460.051	 0	 0.078293	 -0.260590	 -1.006729	 5
1462172460.061	 0	 0.074341	 -0.256653	 -1.011673	 5
1462172460.070	 0	 0.073273	 -0.253754	 -1.008759	 5
1462172460.080	 0	 0.066376	 -0.250702	 -1.008850	 5
1462172460.090	 0	 0.065399	 -0.248779	 -1.011795	 5
1462172460.099	 0	 0.070328	 -0.254593	 -1.000946	 5
1462172460.109	 0	 0.070328	 -0.254593	 -1.000946	 5
1462172460.119	 0	 0.069504	 -0.265121	 -0.992157	 5
1462172460.128	 0	 0.069626	 -0.270889	 -0.992157	 5
1462172460.138	 0	 0.072495	 -0.268082	 -0.993088	 5
1462172460.147	 0	 0.075424	 -0.264359	 -1.003830	 5
1462172460.157	 0	 0.075424	 -0.264359	 -1.003830	 5
1462172460.167	 0	 0.072372	 -0.257584	 -1.007782	 5
1462172460.176	 0	 0.069351	 -0.251755	 -1.010788	 5
1462172460.186	 0	 0.074219	 -0.248993	 -1.016586	 5
1462172460.195	 0	 0.075363	 -0.257690	 -1.015594	 5
1462172460.205	 0	 0.074402	 -0.260513	 -1.008743	 5
1462172460.215	 0	 0.074402	 -0.260513	 -1.008743	 5
1462172460.224	 0	 0.074463	 -0.264359	 -1.007767	 5
1462172460.234	 0	 0.074249	 -0.253769	 -1.008743	 5
1462172460.244	 0	 0.072327	 -0.253769	 -1.012695	 5
1462172460.253	 0	 0.069046	 -0.239212	 -1.007812	 5
1462172460.263	 0	 0.076035	 -0.251785	 -0.989090	 5
1462172460.272	 0	 0.076035	 -0.251785	 -0.989090	 5
1462172460.282	 0	 0.076248	 -0.268982	 -0.969467	 5
1462172460.292	 0	 0.077209	 -0.270889	 -0.961609	 5
1462172460.301	 0	 0.083069	 -0.270065	 -0.963486	 5
1462172460.311	 0	 0.076279	 -0.269012	 -0.973389	 5
1462172460.320	 0	 0.073242	 -0.260361	 -0.984222	 5
1462172460.330	 0	 0.074158	 -0.251801	 -0.999908	 5
1462172460.340	 0	 0.074158	 -0.251801	 -0.999908	 5
1462172460.349	 0	 0.068405	 -0.253662	 -1.010803	 5
1462172460.359	 0	 0.065506	 -0.253616	 -1.012787	 5
1462172460.368	 0	 0.062637	 -0.257355	 -1.009888	 5
1462172460.378	 0	 0.067596	 -0.259415	 -1.012756	 5
1462172460.388	 0	 0.062668	 -0.255508	 -1.020676	 5
1462172460.397	 0	 0.061554	 -0.246857	 -1.026581	 5
1462172460.407	 0	 0.061554	 -0.246857	 -1.026581	 5
1462172460.416	 0	 0.059570	 -0.242966	 -1.029541	 5
1462172460.426	 0	 0.055618	 -0.243790	 -1.021774	 5
1462172460.436	 0	 0.059525	 -0.244843	 -1.019760	 5
1462172460.445	 0	 0.056595	 -0.250473	 -1.006058	 5
1462172460.455	 0	 0.060608	 -0.258209	 -0.997162	 5
1462172460.464	 0	 0.067490	 -0.260284	 -0.996078	 5
1462172460.474	 0	 0.075195	 -0.253784	 -1.005783	 5
1462172460.484	 0	 0.075195	 -0.253784	 -1.005783	 5
1462172460.493	 0	 0.077194	 -0.253876	 -1.012619	 5
1462172460.503	 0	 0.070282	 -0.250793	 -1.007813	 5
1462172460.513	 0	 0.069244	 -0.248810	 -1.003906	 5
1462172460.522	 0	 0.067368	 -0.257339	 -0.988235	 5
1462172460.532	 0	 0.063492	 -0.262039	 -0.978485	 5
1462172460.542	 0	 0.064529	 -0.264008	 -0.983383	 5
1462172460.551	 0	 0.064529	 -0.264008	 -0.983383	 5
1462172460.561	 0	 0.066589	 -0.264130	 -0.999039	 5
1462172460.570	 0	 0.067612	 -0.261322	 -1.011780	 5
1462172460.580	 0	 0.074417	 -0.255798	 -1.026398	 5
1462172460.589	 0	 0.073532	 -0.260590	 -1.023483	 5
1462172460.599	 0	 0.075470	 -0.261551	 -1.018555	 5
1462172460.609	 0	 0.075470	 -0.261551	 -1.018555	 5
1462172460.618	 0	 0.075439	 -0.261536	 -1.015610	 5
1462172460.628	 0	 0.073456	 -0.260529	 -1.013657	 5
1462172460.638	 0	 0.068542	 -0.261337	 -1.007858	 5
1462172460.647	 0	 0.069519	 -0.261353	 -1.007843	 5
1462172460.657	 0	 0.071259	 -0.251755	 -1.003876	 5
1462172460.667	 0	 0.071259	 -0.251755	 -1.003876	 5
1462172460.676	 0	 0.067383	 -0.255463	 -0.996079	 5
1462172460.686	 0	 0.070297	 -0.254578	 -0.997025	 5
1462172460.695	 0	 0.073303	 -0.260406	 -0.993057	 5
1462172460.705	 0	 0.072342	 -0.261337	 -0.992111	 5
1462172460.714	 0	 0.074265	 -0.260406	 -0.989120	 5
1462172460.724	 0	 0.074265	 -0.260407	 -0.989120	 5
1462172460.734	 0	 0.071320	 -0.257492	 -0.997009	 5
1462172460.743	 0	 0.066345	 -0.253540	 -0.997070	 5
1462172460.753	 0	 0.062332	 -0.247650	 -0.996155	 5
1462172460.763	 0	 0.062225	 -0.242828	 -0.994186	 5
1462172460.772	 0	 0.061142	 -0.242722	 -0.980453	 5
1462172460.782	 0	 0.061142	 -0.242722	 -0.980453	 5
1462172460.791	 0	 0.067245	 -0.251572	 -0.988235	 5
1462172460.801	 0	 0.081070	 -0.258652	 -0.993927	 5
1462172460.811	 0	 0.097137	 -0.276382	 -1.003510	 5
1462172460.820	 0	 0.103043	 -0.279434	 -1.004440	 5
1462172460.830	 0	 0.103043	 -0.279434	 -1.004440	 5
1462172460.840	 0	 0.105087	 -0.284256	 -1.003418	 5
1462172460.849	 0	 0.114960	 -0.289307	 -1.004257	 5
1462172460.859	 0	 0.122162	 -0.306808	 -1.004181	 5
1462172460.868	 0	 0.133362	 -0.327286	 -1.009918	 5
1462172460.878	 0	 0.144531	 -0.346802	 -1.013718	 5
1462172460.887	 0	 0.144531	 -0.346802	 -1.013718	 5
1462172460.897	 0	 0.143646	 -0.351562	 -1.009811	 5
1462172460.907	 0	 0.152039	 -0.377777	 -1.014603	 5
1462172460.916	 0	 0.154388	 -0.390457	 -1.034210	 5
1462172460.926	 0	 0.154785	 -0.396439	 -1.070511	 5
1462172460.935	 0	 0.142700	 -0.379791	 -1.066757	 5
1462172460.945	 0	 0.142700	 -0.379791	 -1.066757	 5
1462172460.955	 0	 0.159943	 -0.412872	 -1.062622	 5
1462172460.964	 0	 0.195633	 -0.435867	 -1.075867	 5
1462172460.974	 0	 0.324982	 -0.542007	 -1.122162	 5
1462172460.984	 0	 0.381256	 -0.610779	 -1.149872	 5
1462172460.993	 0	 0.381256	 -0.610779	 -1.149872	 5
1462172461.003	 0	 0.435852	 -0.647751	 -1.174622	 5
1462172461.012	 0	 0.439102	 -0.703720	 -1.188385	 5
1462172461.022	 0	 0.453705	 -0.737915	 -1.218613	 5
1462172461.032	 0	 0.458298	 -0.753708	 -1.269608	 5
1462172461.041	 0	 0.466354	 -0.788879	 -1.334290	 5
1462172461.051	 0	 0.466354	 -0.788879	 -1.334290	 5
1462172461.061	 0	 0.440186	 -0.778015	 -1.389618	 5
1462172461.070	 0	 0.515686	 -0.781906	 -1.439545	 5
1462172461.080	 0	 0.560211	 -0.799469	 -1.475204	 5
1462172461.089	 0	 0.593369	 -0.839798	 -1.495361	 5
1462172461.099	 0	 0.621796	 -0.884796	 -1.515640	 5
1462172461.108	 0	 0.621796	 -0.884796	 -1.515640	 5
1462172461.118	 0	 0.618317	 -0.904938	 -1.514725	 5
1462172461.128	 0	 0.607727	 -0.914276	 -1.506042	 5
1462172461.138	 0	 0.569260	 -0.891312	 -1.511505	 5
1462172461.147	 0	 0.555649	 -0.848648	 -1.509689	 5
1462172461.157	 0	 0.537064	 -0.802017	 -1.504990	 5
1462172461.166	 0	 0.537064	 -0.802017	 -1.504990	 5
1462172461.176	 0	 0.510269	 -0.744446	 -1.473923	 5
1462172461.185	 0	 0.488495	 -0.694702	 -1.440826	 5
1462172461.195	 0	 0.476364	 -0.681808	 -1.422348	 5
1462172461.205	 0	 0.463730	 -0.693863	 -1.391129	 5
1462172461.214	 0	 0.449631	 -0.732758	 -1.346252	 5
1462172461.224	 0	 0.449631	 -0.732758	 -1.346252	 5
1462172461.233	 0	 0.416580	 -0.702972	 -1.314316	 5
1462172461.243	 0	 0.363663	 -0.655411	 -1.281677	 5
1462172461.253	 0	 0.285172	 -0.596695	 -1.251373	 5
1462172461.262	 0	 0.194046	 -0.494400	 -1.223145	 5
1462172461.272	 0	 0.111053	 -0.409592	 -1.188934	 5
1462172461.282	 0	 0.111053	 -0.409592	 -1.188934	 5
1462172461.291	 0	 0.023468	 -0.333389	 -1.166611	 5
1462172461.301	 0	 -0.084274	 -0.188293	 -1.119919	 5
1462172461.310	 0	 -0.133636	 -0.134888	 -1.058777	 5
1462172461.320	 0	 -0.177597	 -0.108475	 -0.986771	 5
1462172461.330	 0	 -0.177597	 -0.108475	 -0.986771	 5
1462172461.339	 0	 -0.229263	 -0.092377	 -0.899200	 5
1462172461.349	 0	 -0.279083	 -0.085739	 -0.771378	 5
1462172461.358	 0	 -0.322845	 -0.082230	 -0.659180	 5
1462172461.368	 0	 -0.354721	 -0.080063	 -0.571335	 5
1462172461.378	 0	 -0.406174	 -0.123779	 -0.333664	 5
1462172461.387	 0	 -0.406174	 -0.123779	 -0.333664	 5
1462172461.397	 0	 -0.415665	 -0.160675	 -0.257309	 5
1462172461.407	 0	 -0.416382	 -0.140244	 -0.221008	 5
1462172461.416	 0	 -0.426132	 -0.100449	 -0.200485	 5
1462172461.426	 0	 -0.454391	 -0.099854	 -0.204834	 5
1462172461.435	 0	 -0.505585	 -0.129395	 -0.184036	 5
1462172461.445	 0	 -0.535782	 -0.146744	 -0.136414	 5
1462172461.454	 0	 -0.535782	 -0.146744	 -0.136414	 5
1462172461.464	 0	 -0.552246	 -0.162567	 -0.104309	 5
1462172461.474	 0	 -0.565872	 -0.205826	 0.021042	 5
1462172461.483	 0	 -0.535492	 -0.229324	 0.073441	 5
1462172461.493	 0	 -0.496155	 -0.265472	 0.132858	 5
1462172461.503	 0	 -0.496155	 -0.265472	 0.132858	 5
1462172461.512	 0	 -0.449326	 -0.338272	 0.210007	 5
1462172461.522	 0	 -0.412537	 -0.391708	 0.269363	 5
1462172461.532	 0	 -0.391891	 -0.403641	 0.283401	 5
1462172461.541	 0	 -0.396011	 -0.402222	 0.176361	 5
1462172461.551	 0	 -0.396011	 -0.402222	 0.176361	 5
1462172461.560	 0	 -0.433517	 -0.411255	 0.128723	 5
1462172461.570	 0	 -0.451874	 -0.407211	 0.092148	 5
1462172461.580	 0	 -0.456696	 -0.402420	 0.070480	 5
1462172461.589	 0	 -0.460358	 -0.372421	 0.085175	 5
1462172461.599	 0	 -0.468704	 -0.359528	 0.119431	 5
1462172461.608	 0	 -0.479736	 -0.349579	 0.134964	 5
1462172461.618	 0	 -0.479736	 -0.349579	 0.134964	 5
1462172461.627	 0	 -0.468155	 -0.327011	 0.084152	 5
1462172461.637	 0	 -0.450119	 -0.281601	 0.015778	 5
1462172461.647	 0	 -0.445572	 -0.241684	 -0.057678	 5
1462172461.656	 0	 -0.456070	 -0.186920	 -0.118591	 5
1462172461.666	 0	 -0.455887	 -0.131424	 -0.176437	 5
1462172461.676	 0	 -0.455887	 -0.131424	 -0.176437	 5
1462172461.685	 0	 -0.453598	 -0.079865	 -0.241104	 5
1462172461.695	 0	 -0.430023	 -0.023911	 -0.297592	 5
1462172461.705	 0	 -0.404373	 0.014832	 -0.319748	 5
1462172461.714	 0	 -0.409424	 -0.023529	 -0.315933	 5
1462172461.724	 0	 -0.409424	 -0.023529	 -0.315933	 5
1462172461.733	 0	 -0.433228	 0.000015	 -0.331970	 5
1462172461.743	 0	 -0.444870	 0.047348	 -0.343857	 5
1462172461.752	 0	 -0.425552	 0.076401	 -0.408295	 5
1462172461.762	 0	 -0.391861	 0.120499	 -0.478409	 5
1462172461.772	 0	 -0.343430	 0.123672	 -0.577759	 5
1462172461.781	 0	 -0.343430	 0.123672	 -0.577759	 5
1462172461.791	 0	 -0.184372	 0.058182	 -0.812973	 5
1462172461.801	 0	 -0.136703	 -0.020752	 -0.971359	 5
1462172461.810	 0	 -0.102936	 -0.057739	 -1.084732	 5
1462172461.820	 0	 -0.062439	 -0.102371	 -1.159729	 5
1462172461.830	 0	 0.010574	 -0.163132	 -1.235275	 5
1462172461.839	 0	 0.010574	 -0.163132	 -1.235275	 5
1462172461.849	 0	 0.143280	 -0.233902	 -1.312881	 5
1462172461.858	 0	 0.352890	 -0.529251	 -1.656555	 5
1462172461.868	 0	 0.826721	 -0.748627	 -1.818588	 5
1462172461.877	 0	 1.004700	 -1.012039	 -1.916367	 5
1462172461.887	 0	 1.120804	 -1.244659	 -1.914932	 5
1462172461.897	 0	 1.120804	 -1.244659	 -1.914932	 5
1462172461.906	 0	 1.158722	 -1.420670	 -1.914581	 5
1462172461.916	 0	 1.126434	 -1.489746	 -1.829803	 5
1462172461.926	 0	 0.980652	 -1.461716	 -1.704330	 5
1462172461.935	 0	 0.756821	 -1.309509	 -1.537704	 5
1462172461.945	 0	 0.756821	 -1.309509	 -1.537704	 5
1462172461.954	 0	 0.539810	 -0.927979	 -1.647400	 5
1462172461.964	 0	 0.562012	 -0.861099	 -1.817719	 5
1462172461.974	 0	 0.615616	 -0.829147	 -1.912079	 5
1462172461.983	 0	 0.656662	 -0.834824	 -1.907562	 5
1462172461.993	 0	 0.652527	 -0.855392	 -1.813461	 5
1462172462.002	 0	 0.617172	 -0.877152	 -1.712921	 5
1462172462.012	 0	 0.617172	 -0.877151	 -1.712921	 5
1462172462.022	 0	 0.575989	 -0.794296	 -1.519119	 5
1462172462.031	 0	 0.366058	 -0.684006	 -1.395508	 5
1462172462.041	 0	 0.244812	 -0.569962	 -1.277451	 5
1462172462.050	 0	 0.177017	 -0.482330	 -1.195923	 5
1462172462.060	 0	 0.177017	 -0.482330	 -1.195923	 5
1462172462.070	 0	 0.187836	 -0.456329	 -1.151566	 5
1462172462.079	 0	 0.240494	 -0.503662	 -1.144943	 5
1462172462.089	 0	 0.291000	 -0.585648	 -1.146255	 5
1462172462.098	 0	 0.450943	 -0.603394	 -1.099747	 5
1462172462.108	 0	 0.459885	 -0.862320	 -0.890945	 5
1462172462.118	 0	 0.459885	 -0.862320	 -0.890945	 5
1462172462.127	 0	 0.231049	 -0.771942	 -0.790176	 5
1462172462.137	 0	 0.069534	 -0.475647	 -0.773560	 5
1462172462.147	 0	 -0.019638	 -0.330780	 -0.867935	 5
1462172462.156	 0	 -0.069016	 -0.333740	 -0.907898	 5
1462172462.166	 0	 -0.144836	 -0.335083	 -0.933578	 5
1462172462.175	 0	 -0.144836	 -0.335083	 -0.933578	 5
1462172462.185	 0	 -0.197784	 -0.156326	 -1.020493	 5
1462172462.195	 0	 -0.246201	 -0.112183	 -1.064331	 5
1462172462.204	 0	 -0.227341	 -0.114746	 -1.103302	 5
1462172462.214	 0	 -0.194702	 -0.130951	 -1.119522	 5
1462172462.223	 0	 -0.194702	 -0.130951	 -1.119522	 5
1462172462.233	 0	 -0.161987	 -0.158600	 -1.112198	 5
1462172462.243	 0	 -0.136002	 -0.194687	 -1.094223	 5
1462172462.252	 0	 -0.112900	 -0.234512	 -1.065445	 5
1462172462.262	 0	 -0.087509	 -0.286987	 -1.053360	 5
1462172462.271	 0	 -0.070419	 -0.287003	 -0.987366	 5
1462172462.281	 0	 -0.081299	 -0.286652	 -0.966934	 5
1462172462.291	 0	 -0.081299	 -0.286652	 -0.966934	 5
1462172462.300	 0	 -0.086411	 -0.278793	 -0.959122	 5
1462172462.310	 0	 -0.083481	 -0.275070	 -0.969894	 5
1462172462.320	 0	 -0.077606	 -0.268600	 -0.994324	 5
1462172462.329	 0	 -0.067032	 -0.258270	 -1.002014	 5
1462172462.339	 0	 -0.067032	 -0.258270	 -1.002014	 5
1462172462.349	 0	 -0.053619	 -0.243256	 -1.015518	 5
1462172462.358	 0	 -0.045761	 -0.243485	 -1.022278	 5
1462172462.368	 0	 -0.052261	 -0.258728	 -1.023376	 5
1462172462.377	 0	 -0.056625	 -0.274170	 -1.046997	 5
1462172462.387	 0	 -0.056625	 -0.274170	 -1.046997	 5
1462172462.397	 0	 -0.053970	 -0.259811	 -1.049896	 5
1462172462.406	 0	 -0.055527	 -0.240387	 -1.029282	 5
1462172462.416	 0	 -0.063660	 -0.232407	 -1.006836	 5
1462172462.425	 0	 -0.059616	 -0.241104	 -1.000885	 5
1462172462.435	 0	 -0.013367	 -0.264221	 -0.990433	 5
1462172462.444	 0	 -0.007828	 -0.284729	 -1.020798	 5
1462172462.454	 0	 -0.007828	 -0.284729	 -1.020798	 5
1462172462.464	 0	 -0.006470	 -0.299255	 -1.031586	 5
1462172462.473	 0	 -0.014542	 -0.291306	 -1.018936	 5
1462172462.483	 0	 -0.035385	 -0.280151	 -1.000565	 5
1462172462.493	 0	 -0.018738	 -0.289108	 -0.984634	 5
1462172462.502	 0	 -0.014420	 -0.313171	 -0.970871	 5
1462172462.512	 0	 0.014359	 -0.320816	 -1.017548	 5
1462172462.521	 0	 0.014359	 -0.320816	 -1.017548	 5
1462172462.531	 0	 -0.003113	 -0.277161	 -1.021683	 5
1462172462.541	 0	 -0.005234	 -0.268433	 -1.023666	 5
1462172462.550	 0	 -0.011032	 -0.267410	 -1.036514	 5
1462172462.560	 0	 -0.011032	 -0.267410	 -1.036514	 5
1462172462.569	 0	 -0.008255	 -0.255997	 -1.047241	 5
1462172462.579	 0	 -0.018463	 -0.236481	 -1.042450	 5
1462172462.589	 0	 -0.031342	 -0.228470	 -1.037765	 5
1462172462.598	 0	 -0.039169	 -0.230164	 -1.027069	 5
1462172462.608	 0	 -0.033173	 -0.236099	 -1.031906	 5
1462172462.617	 0	 -0.033173	 -0.236099	 -1.031906	 5
1462172462.627	 0	 -0.033249	 -0.233200	 -1.029922	 5
1462172462.637	 0	 -0.029617	 -0.223602	 -1.021042	 5
1462172462.646	 0	 -0.022018	 -0.220779	 -1.002258	 5
1462172462.656	 0	 -0.022842	 -0.227493	 -1.002289	 5
1462172462.666	 0	 -0.008896	 -0.240341	 -1.005035	 5
1462172462.675	 0	 -0.004654	 -0.255844	 -1.007950	 5
1462172462.685	 0	 -0.004654	 -0.255844	 -1.007950	 5
1462172462.694	 0	 -0.004868	 -0.245270	 -1.009903	 5
1462172462.704	 0	 0.001892	 -0.242508	 -1.007858	 5
1462172462.714	 0	 -0.003845	 -0.247223	 -1.008896	 5
1462172462.723	 0	 -0.004883	 -0.248093	 -1.000076	 5
1462172462.733	 0	 -0.004883	 -0.248093	 -1.000076	 5
1462172462.742	 0	 -0.002991	 -0.248093	 -0.991226	 5
1462172462.752	 0	 -0.011642	 -0.253677	 -0.990387	 5
1462172462.762	 0	 -0.017502	 -0.253555	 -0.990463	 5
1462172462.771	 0	 -0.016525	 -0.249771	 -0.999298	 5
1462172462.781	 0	 -0.016525	 -0.249771	 -0.999298	 5
1462172462.790	 0	 -0.015610	 -0.245987	 -1.006149	 5
1462172462.800	 0	 -0.017258	 -0.258484	 -1.010086	 5
1462172462.810	 0	 -0.024048	 -0.255508	 -1.021957	 5
1462172462.819	 0	 -0.022079	 -0.252716	 -1.033722	 5
1462172462.829	 0	 -0.017227	 -0.251892	 -1.035599	 5
1462172462.839	 0	 -0.020325	 -0.247894	 -1.021896	 5
1462172462.848	 0	 -0.020325	 -0.247894	 -1.021896	 5
1462172462.858	 0	 -0.028137	 -0.251495	 -1.010254	 5
1462172462.867	 0	 -0.026932	 -0.259262	 -1.018097	 5
1462172462.877	 0	 -0.014511	 -0.248932	 -1.013977	 5
1462172462.887	 0	 -0.018295	 -0.255554	 -1.009109	 5
1462172462.896	 0	 -0.018295	 -0.255554	 -1.009110	 5
1462172462.906	 0	 -0.015320	 -0.258530	 -1.009079	 5
1462172462.915	 0	 -0.010468	 -0.252899	 -1.020798	 5
1462172462.925	 0	 -0.026443	 -0.241852	 -1.001389	 5
1462172462.935	 0	 -0.024536	 -0.238068	 -1.005264	 5
1462172462.944	 0	 -0.009735	 -0.244217	 -1.011948	 5
1462172462.954	 0	 -0.008545	 -0.260513	 -0.993301	 5
1462172462.963	 0	 -0.008545	 -0.260513	 -0.993301	 5
1462172462.973	 0	 -0.014542	 -0.268784	 -0.950211	 5
1462172462.983	 0	 -0.012543	 -0.274536	 -0.938415	 5
