% Compass data recorded with 'snsrlog'
% 
% 
% Label description:
% 	 0: Default Label
% 	 1: still_drop
% 	 2: walk_drop
% 	 3: other
% 	 4: dtw_same
% 	 5: dtw_diff
% 	 6: delete
% 
% Column description:
% 	 1: Seconds.milliseconds since 1970
% 	 2: Magnetic heading in degrees starting at due north and continuing clockwise (e.g. east = 90) - negative values indicate invalid values
% 		 NOTE: True heading only provides valid values when GPS is activated at same time!
% 	 3: True heading in degrees starting at due north and continuing clockwise (e.g. east = 90) - negative values indicate invalid values
% 	 4: Error likelihood - negative values indicate invalid values
% 	 5: Geomagnetic data for the x-axis measured in microteslas
% 	 6: Geomagnetic data for the y-axis measured in microteslas
% 	 7: Geomagnetic data for the z-axis measured in microteslas
% 	 8: Label used for the current sample
% 
% 
1462070918.629	 127.016006	 -1.000000	 15.000000	 -13.326918	 -28.954407	 -6.953815	 1
1462070918.649	 128.071045	 -1.000000	 15.000000	 -13.298012	 -28.925598	 -6.480644	 1
1462070918.670	 128.486557	 -1.000000	 15.000000	 -13.003151	 -28.908314	 -6.530750	 1
1462070918.690	 129.487869	 -1.000000	 15.000000	 -12.239979	 -29.323181	 -6.530750	 1
1462070918.710	 130.477966	 -1.000000	 15.000000	 -11.407425	 -29.668903	 -6.463951	 1
1462070918.730	 130.357727	 -1.000000	 15.000000	 -10.852390	 -29.530609	 -6.463951	 1
1462070918.752	 129.402298	 -1.000000	 15.000000	 -10.019836	 -29.738045	 -7.131958	 1
1462070918.772	 128.983337	 -1.000000	 15.000000	 -8.979149	 -29.876331	 -7.399158	 1
1462070918.801	 128.570709	 -1.000000	 15.000000	 -8.077219	 -30.014618	 -7.599560	 1
1462070918.812	 128.038818	 -1.000000	 15.000000	 -7.175291	 -30.152905	 -7.799965	 1
1462070918.832	 127.563904	 -1.000000	 15.000000	 -6.169294	 -30.187481	 -7.966969	 1
1462070918.860	 128.284027	 -1.000000	 15.000000	 -4.816401	 -30.429485	 -7.733166	 1
1462070918.872	 127.361626	 -1.000000	 15.000000	 -3.498194	 -30.844353	 -8.267578	 1
1462070918.892	 127.056488	 -1.000000	 15.000000	 -2.214677	 -30.533203	 -8.701782	 1
1462070918.920	 126.635124	 -1.000000	 15.000000	 -0.688334	 -30.394917	 -9.369789	 1
1462070918.932	 128.222290	 -1.000000	 15.000000	 1.288977	 -30.775215	 -9.603588	 1
1462070918.952	 128.104141	 -1.000000	 15.000000	 3.335665	 -30.671490	 -10.171398	 1
1462070918.973	 127.831902	 -1.000000	 15.000000	 5.555800	 -30.049187	 -10.037792	 1
1462070918.993	 127.360077	 -1.000000	 15.000000	 7.567797	 -29.841755	 -10.037792	 1
1462070919.013	 127.364090	 -1.000000	 15.000000	 9.475725	 -29.254021	 -9.870789	 1
1462070919.033	 126.733948	 -1.000000	 15.000000	 11.071447	 -28.285992	 -10.004395	 1
1462070919.053	 125.743790	 -1.000000	 15.000000	 12.424343	 -27.214249	 -10.104595	 1
1462070919.073	 125.094017	 -1.000000	 15.000000	 13.638479	 -26.280792	 -10.004395	 1
1462070919.102	 123.728027	 -1.000000	 15.000000	 15.372961	 -24.828751	 -9.803993	 1
1462070919.129	 123.160721	 -1.000000	 15.000000	 16.691168	 -23.791580	 -9.603588	 1
1462070919.142	 123.385834	 -1.000000	 15.000000	 18.078753	 -22.685272	 -9.202782	 1
1462070919.164	 124.064476	 -1.000000	 15.000000	 19.258200	 -21.509811	 -8.601574	 1
1462070919.188	 123.736649	 -1.000000	 15.000000	 20.264198	 -20.161491	 -8.568176	 1
1462070919.204	 124.360664	 -1.000000	 15.000000	 20.819231	 -19.400894	 -8.367775	 1
1462070919.224	 125.375359	 -1.000000	 15.000000	 21.651781	 -18.294586	 -8.167370	 1
1462070919.248	 127.158813	 -1.000000	 15.000000	 22.172125	 -16.877121	 -7.799965	 1
1462070919.267	 129.907166	 -1.000000	 15.000000	 22.831228	 -15.874519	 -7.165356	 1
1462070919.284	 133.566345	 -1.000000	 15.000000	 23.490328	 -15.425072	 -6.063141	 1
1462070919.307	 136.217407	 -1.000000	 15.000000	 24.149431	 -14.215034	 -5.027721	 1
1462070919.325	 138.928314	 -1.000000	 15.000000	 24.184120	 -13.350723	 -4.059105	 1
1462070919.345	 141.794800	 -1.000000	 15.000000	 24.218811	 -12.832138	 -3.290894	 1
1462070919.365	 144.983032	 -1.000000	 15.000000	 24.461636	 -12.382690	 -2.589485	 1
1462070919.385	 148.326477	 -1.000000	 15.000000	 24.461636	 -11.760384	 -2.121876	 1
1462070919.406	 151.607178	 -1.000000	 15.000000	 24.392258	 -11.760384	 -1.988270	 1
1462070919.428	 153.919006	 -1.000000	 15.000000	 24.565706	 -11.864098	 -1.821266	 1
1462070919.447	 155.291153	 -1.000000	 15.000000	 24.773846	 -12.002388	 -1.687664	 1
1462070919.467	 156.198364	 -1.000000	 15.000000	 24.600399	 -12.313545	 -1.721069	 1
1462070919.490	 156.790680	 -1.000000	 15.000000	 24.184124	 -12.451836	 -1.654274	 1
1462070919.507	 157.552780	 -1.000000	 15.000000	 23.906607	 -13.004997	 -1.253468	 1
1462070919.528	 157.572235	 -1.000000	 15.000000	 24.149431	 -13.385300	 -1.019665	 1
1462070919.549	 157.529648	 -1.000000	 15.000000	 24.114742	 -13.973030	 -0.785862	 1
1462070919.567	 156.847427	 -1.000000	 15.000000	 23.733156	 -14.353325	 -0.819263	 1
1462070919.588	 155.641296	 -1.000000	 15.000000	 23.802536	 -15.044777	 -0.952862	 1
1462070919.609	 153.642868	 -1.000000	 15.000000	 23.802536	 -15.390503	 -1.420471	 1
1462070919.629	 152.266815	 -1.000000	 15.000000	 23.316881	 -15.874519	 -1.554070	 1
1462070919.650	 150.466919	 -1.000000	 15.000000	 22.900606	 -15.874519	 -1.888073	 1
1462070919.672	 149.204071	 -1.000000	 15.000000	 22.588400	 -16.254814	 -1.921471	 1
1462070919.699	 147.402924	 -1.000000	 15.000000	 22.449642	 -16.462250	 -2.322277	 1
1462070919.711	 145.247467	 -1.000000	 15.000000	 22.137436	 -16.220245	 -2.756481	 1
1462070919.730	 142.690247	 -1.000000	 15.000000	 22.068056	 -16.220245	 -3.558094	 1
1462070919.758	 140.292755	 -1.000000	 15.000000	 22.102745	 -16.393105	 -4.192699	 1
1462070919.787	 137.028290	 -1.000000	 15.000000	 22.414953	 -16.220238	 -5.428516	 1
1462070919.808	 135.512161	 -1.000000	 15.000000	 21.929298	 -16.081955	 -5.962929	 1
1462070919.846	 134.984604	 -1.000000	 15.000000	 22.102749	 -16.462250	 -6.597534	 1
1462070919.846	 134.765564	 -1.000000	 15.000000	 22.310884	 -16.323959	 -6.864738	 1
1462070919.866	 135.440399	 -1.000000	 15.000000	 22.241507	 -16.393112	 -7.198742	 1
1462070919.883	 134.889450	 -1.000000	 15.000000	 22.553713	 -15.943672	 -7.232140	 1
1462070919.889	 136.401154	 -1.000000	 15.000000	 23.386263	 -15.943672	 -7.432545	 1
1462070919.910	 136.754761	 -1.000000	 15.000000	 23.525021	 -15.459663	 -7.165344	 1
1462070919.930	 136.569305	 -1.000000	 15.000000	 23.594402	 -15.321373	 -7.165344	 1
1462070919.950	 136.264191	 -1.000000	 15.000000	 24.010677	 -15.113937	 -6.898144	 1
1462070919.971	 136.685135	 -1.000000	 15.000000	 23.906607	 -15.217667	 -6.664345	 1
1462070919.991	 136.964859	 -1.000000	 15.000000	 23.733160	 -14.975662	 -6.363739	 1
1462070920.011	 137.249268	 -1.000000	 15.000000	 24.322884	 -14.802803	 -5.996330	 1
1462070920.031	 138.351578	 -1.000000	 15.000000	 24.357574	 -14.491646	 -5.896130	 1
1462070920.053	 138.797852	 -1.000000	 15.000000	 24.600399	 -14.180489	 -5.662331	 1
1462070920.071	 139.014557	 -1.000000	 15.000000	 24.808538	 -13.903908	 -5.662331	 1
1462070920.092	 138.512115	 -1.000000	 15.000000	 25.016674	 -13.419891	 -5.528725	 1
1462070920.121	 139.009995	 -1.000000	 15.000000	 25.051363	 -13.316177	 -5.628925	 1
1462070920.141	 139.394302	 -1.000000	 15.000000	 25.328878	 -13.316170	 -5.361717	 1
1462070920.161	 139.732925	 -1.000000	 15.000000	 25.363567	 -13.212456	 -5.328320	 1
1462070920.181	 140.728577	 -1.000000	 15.000000	 25.641085	 -12.866730	 -4.727112	 1
1462070920.204	 142.037231	 -1.000000	 15.000000	 25.467638	 -12.970451	 -4.426506	 1
1462070920.222	 143.216492	 -1.000000	 15.000000	 25.259499	 -13.247025	 -4.292908	 1
1462070920.242	 143.464081	 -1.000000	 15.000000	 25.328880	 -13.247025	 -4.292908	 1
1462070920.265	 143.479721	 -1.000000	 15.000000	 25.155434	 -12.935867	 -4.192707	 1
1462070920.284	 143.497177	 -1.000000	 15.000000	 25.190125	 -13.108734	 -4.359703	 1
1462070920.305	 143.515411	 -1.000000	 15.000000	 25.363571	 -13.212448	 -4.393105	 1
1462070920.325	 143.809402	 -1.000000	 15.000000	 25.259502	 -13.177872	 -4.159302	 1
1462070920.344	 143.892014	 -1.000000	 15.000000	 25.120743	 -12.970444	 -3.958900	 1
1462070920.364	 143.613556	 -1.000000	 15.000000	 25.224810	 -13.350739	 -4.326305	 1
1462070920.386	 143.817215	 -1.000000	 15.000000	 25.016670	 -13.558174	 -4.326305	 1
1462070920.404	 143.772018	 -1.000000	 15.000000	 25.328878	 -13.592743	 -4.426506	 1
1462070920.424	 143.631134	 -1.000000	 15.000000	 25.571707	 -13.212448	 -4.459911	 1
1462070920.445	 143.504898	 -1.000000	 15.000000	 25.675774	 -13.316170	 -4.493309	 1
1462070920.464	 143.465836	 -1.000000	 15.000000	 25.849224	 -13.281601	 -4.059105	 1
1462070920.484	 143.345566	 -1.000000	 15.000000	 26.196121	 -13.005020	 -4.125908	 1
1462070920.511	 143.287766	 -1.000000	 15.000000	 25.883913	 -12.763016	 -3.758507	 1
1462070920.525	 143.295853	 -1.000000	 15.000000	 25.849224	 -13.419891	 -3.992310	 1
1462070920.545	 143.265167	 -1.000000	 15.000000	 25.918606	 -13.212456	 -3.992310	 1
1462070920.565	 143.213425	 -1.000000	 15.000000	 25.883917	 -13.247025	 -4.159313	 1
1462070920.585	 143.182037	 -1.000000	 15.000000	 25.641088	 -13.558174	 -4.393116	 1
1462070920.605	 143.161453	 -1.000000	 15.000000	 25.710466	 -13.903900	 -4.593517	 1
1462070920.625	 143.121109	 -1.000000	 15.000000	 25.710466	 -13.489029	 -4.393116	 1
1462070920.646	 143.085175	 -1.000000	 15.000000	 25.883913	 -13.523605	 -4.359718	 1
1462070920.666	 143.071732	 -1.000000	 15.000000	 25.641085	 -13.627327	 -4.326317	 1
1462070920.687	 143.103622	 -1.000000	 15.000000	 25.675774	 -13.523613	 -3.825310	 1
1462070920.706	 143.093369	 -1.000000	 15.000000	 25.641085	 -13.212456	 -3.925514	 1
1462070920.728	 143.085617	 -1.000000	 15.000000	 25.675774	 -13.385323	 -4.025715	 1
1462070920.750	 143.110687	 -1.000000	 15.000000	 25.190121	 -13.800186	 -4.159313	 1
1462070920.767	 143.094879	 -1.000000	 15.000000	 25.190121	 -13.316170	 -4.159313	 1
1462070920.791	 143.055069	 -1.000000	 15.000000	 25.328880	 -13.177872	 -4.292919	 1
1462070920.807	 143.039139	 -1.000000	 15.000000	 25.502331	 -13.489029	 -4.259521	 1
1462070920.827	 143.028473	 -1.000000	 15.000000	 25.190125	 -13.247025	 -4.092518	 1
1462070920.850	 142.998611	 -1.000000	 15.000000	 25.467642	 -12.970451	 -4.159313	 1
1462070920.869	 142.982910	 -1.000000	 15.000000	 25.745159	 -13.177887	 -4.092510	 1
1462070920.899	 142.974197	 -1.000000	 15.000000	 25.502331	 -13.281609	 -4.125916	 1
1462070920.913	 142.970718	 -1.000000	 15.000000	 25.328880	 -13.177887	 -3.958912	 1
1462070920.931	 142.962280	 -1.000000	 15.000000	 25.675777	 -13.247025	 -4.092518	 1
1462070920.958	 142.960892	 -1.000000	 15.000000	 25.675777	 -13.247025	 -3.825317	 1
1462070920.971	 142.952988	 -1.000000	 15.000000	 25.537018	 -13.247025	 -4.092522	 1
1462070920.991	 142.951477	 -1.000000	 15.000000	 25.328880	 -13.316170	 -3.958923	 1
1462070921.017	 142.947021	 -1.000000	 15.000000	 25.294191	 -13.212456	 -3.992321	 1
1462070921.031	 142.939789	 -1.000000	 15.000000	 25.190121	 -13.177887	 -4.092522	 1
1462070921.049	 142.931473	 -1.000000	 15.000000	 25.328878	 -13.177887	 -4.092522	 1
1462070921.077	 142.931168	 -1.000000	 15.000000	 25.328878	 -13.454475	 -4.025719	 1
1462070921.093	 142.919159	 -1.000000	 15.000000	 25.641083	 -13.489044	 -4.393127	 1
1462070921.120	 142.895355	 -1.000000	 15.000000	 25.641083	 -13.350754	 -4.727135	 1
1462070921.140	 142.878342	 -1.000000	 15.000000	 25.641083	 -13.419891	 -4.526733	 1
1462070921.159	 142.861908	 -1.000000	 15.000000	 25.467632	 -13.661896	 -4.760536	 1
1462070921.186	 142.847244	 -1.000000	 15.000000	 25.537014	 -13.523605	 -4.560131	 1
1462070921.200	 142.837708	 -1.000000	 15.000000	 25.398256	 -13.385315	 -4.292931	 1
1462070921.220	 142.833817	 -1.000000	 15.000000	 25.467636	 -13.661888	 -4.292931	 1
1462070921.240	 142.827545	 -1.000000	 15.000000	 25.363567	 -13.489021	 -4.259533	 1
1462070921.260	 142.819016	 -1.000000	 15.000000	 25.328878	 -13.177864	 -4.092529	 1
1462070921.281	 142.814102	 -1.000000	 15.000000	 25.155428	 -13.074142	 -3.925526	 1
1462070921.301	 142.799408	 -1.000000	 15.000000	 25.224808	 -13.004997	 -4.192726	 1
1462070921.321	 142.786972	 -1.000000	 15.000000	 25.086050	 -12.659271	 -3.858715	 1
1462070921.341	 142.764206	 -1.000000	 15.000000	 25.224810	 -12.728424	 -4.259521	 1
1462070921.361	 142.738815	 -1.000000	 15.000000	 25.328880	 -12.832146	 -4.426525	 1
1462070921.381	 142.705963	 -1.000000	 15.000000	 25.190125	 -12.763008	 -4.693726	 1
1462070921.403	 142.678192	 -1.000000	 15.000000	 25.086056	 -12.521004	 -4.326317	 1
1462070921.422	 142.650558	 -1.000000	 15.000000	 25.259502	 -12.832146	 -4.560120	 1
1462070921.442	 142.641418	 -1.000000	 15.000000	 25.155432	 -13.005005	 -4.059113	 1
1462070921.464	 142.643051	 -1.000000	 15.000000	 24.947292	 -13.005013	 -3.725109	 1
1462070921.482	 142.635803	 -1.000000	 15.000000	 25.363567	 -13.005013	 -3.925514	 1
1462070921.504	 142.636063	 -1.000000	 15.000000	 25.641085	 -13.350739	 -3.858715	 1
1462070921.525	 142.635666	 -1.000000	 15.000000	 25.814535	 -13.177879	 -3.691711	 1
1462070921.545	 142.618790	 -1.000000	 15.000000	 25.675777	 -12.970444	 -4.159313	 1
1462070921.565	 142.596176	 -1.000000	 15.000000	 26.022675	 -12.901306	 -4.226112	 1
1462070921.586	 142.590607	 -1.000000	 15.000000	 25.779846	 -13.212456	 -3.925507	 1
1462070921.604	 142.577026	 -1.000000	 15.000000	 25.467638	 -13.039597	 -4.159309	 1
1462070921.626	 142.570679	 -1.000000	 15.000000	 25.328878	 -13.316170	 -4.159309	 1
1462070921.647	 142.566849	 -1.000000	 15.000000	 25.537014	 -13.177872	 -3.892101	 1
1462070921.664	 142.554031	 -1.000000	 15.000000	 25.363567	 -13.005013	 -4.125904	 1
1462070921.684	 142.540421	 -1.000000	 15.000000	 25.328878	 -12.832146	 -4.025703	 1
1462070921.705	 142.536377	 -1.000000	 15.000000	 25.606396	 -13.177872	 -3.892101	 1
1462070921.725	 142.522003	 -1.000000	 15.000000	 25.641088	 -12.935867	 -4.059105	 1
1462070921.744	 142.513245	 -1.000000	 15.000000	 25.502331	 -13.212448	 -4.125904	 1
1462070921.771	 142.510773	 -1.000000	 15.000000	 25.537020	 -13.385307	 -4.025703	 1
1462070921.785	 142.505234	 -1.000000	 15.000000	 25.641088	 -13.489021	 -4.192707	 1
1462070921.804	 142.503387	 -1.000000	 15.000000	 25.537018	 -13.661880	 -4.226105	 1
1462070921.825	 142.503220	 -1.000000	 15.000000	 25.606396	 -13.592728	 -4.092506	 1
1462070921.846	 142.498749	 -1.000000	 15.000000	 25.779846	 -13.489021	 -4.125904	 1
1462070921.866	 142.499847	 -1.000000	 15.000000	 25.641085	 -13.696457	 -4.125904	 1
1462070921.887	 142.501160	 -1.000000	 15.000000	 25.641085	 -13.627312	 -4.059101	 1
1462070921.906	 142.501114	 -1.000000	 15.000000	 25.432949	 -13.419876	 -3.992298	 1
1462070921.928	 142.503113	 -1.000000	 15.000000	 25.398260	 -13.800179	 -4.226097	 1
1462070921.951	 142.514572	 -1.000000	 15.000000	 25.294189	 -14.180466	 -4.192699	 1
1462070921.967	 142.523727	 -1.000000	 15.000000	 25.224810	 -13.973038	 -4.125904	 1
1462070921.989	 142.530731	 -1.000000	 15.000000	 24.912605	 -13.731026	 -4.092506	 1
1462070922.009	 142.529556	 -1.000000	 15.000000	 25.086052	 -13.627312	 -4.259510	 1
1462070922.028	 142.535721	 -1.000000	 15.000000	 24.739157	 -13.350739	 -3.858704	 1
1462070922.050	 142.529984	 -1.000000	 15.000000	 24.808535	 -12.935867	 -3.925507	 1
1462070922.071	 142.524902	 -1.000000	 15.000000	 25.120743	 -13.108734	 -3.958904	 1
1462070922.088	 142.502350	 -1.000000	 15.000000	 25.571707	 -13.074158	 -4.459911	 1
1462070922.109	 142.479630	 -1.000000	 15.000000	 25.363571	 -13.143303	 -4.593517	 1
1462070922.129	 142.451340	 -1.000000	 15.000000	 25.432949	 -13.212448	 -4.860718	 1
1462070922.149	 142.422943	 -1.000000	 15.000000	 25.259502	 -13.177872	 -4.894115	 1
1462070922.169	 142.387527	 -1.000000	 15.000000	 25.120745	 -13.039597	 -5.094521	 1
1462070922.191	 142.363541	 -1.000000	 15.000000	 25.155434	 -13.350754	 -4.927513	 1
1462070922.220	 142.333588	 -1.000000	 15.000000	 25.398260	 -13.039597	 -4.827312	 1
1462070922.231	 142.304199	 -1.000000	 15.000000	 25.398260	 -12.901306	 -4.693714	 1
1462070922.254	 142.282959	 -1.000000	 15.000000	 25.502327	 -13.005020	 -4.459911	 1
1462070922.279	 142.277023	 -1.000000	 15.000000	 25.537018	 -13.247025	 -4.092506	 1
1462070922.291	 142.280380	 -1.000000	 15.000000	 25.328878	 -13.177887	 -3.758503	 1
1462070922.310	 142.294769	 -1.000000	 15.000000	 25.294189	 -13.627327	 -3.725098	 1
1462070922.339	 142.306870	 -1.000000	 15.000000	 25.432945	 -13.834763	 -3.925499	 1
1462070922.353	 142.317825	 -1.000000	 15.000000	 25.537018	 -13.869331	 -3.958900	 1
1462070922.371	 142.323303	 -1.000000	 15.000000	 25.328878	 -13.800186	 -4.159302	 1
1462070922.398	 142.325089	 -1.000000	 15.000000	 25.467638	 -14.007622	 -4.426502	 1
1462070922.415	 142.321304	 -1.000000	 15.000000	 25.779846	 -13.973053	 -4.526703	 1
1462070922.432	 142.310852	 -1.000000	 15.000000	 25.779846	 -13.903915	 -4.727104	 1
1462070922.458	 142.307678	 -1.000000	 15.000000	 25.190121	 -14.007629	 -4.693707	 1
1462070922.472	 142.302216	 -1.000000	 15.000000	 25.328878	 -13.938484	 -4.693707	 1
1462070922.492	 142.299072	 -1.000000	 15.000000	 25.155428	 -13.696480	 -4.459900	 1
1462070922.517	 142.297089	 -1.000000	 15.000000	 24.843222	 -13.523613	 -4.359699	 1
1462070922.532	 142.305161	 -1.000000	 15.000000	 24.947292	 -13.212463	 -3.725086	 1
1462070922.553	 142.306885	 -1.000000	 15.000000	 25.294189	 -13.212463	 -3.858685	 1
1462070922.577	 142.309723	 -1.000000	 15.000000	 25.120743	 -13.247025	 -3.892090	 1
1462070922.593	 142.313736	 -1.000000	 15.000000	 25.051363	 -13.454460	 -4.025696	 1
1462070922.613	 142.320557	 -1.000000	 15.000000	 25.120743	 -13.523605	 -3.958900	 1
1462070922.634	 142.324219	 -1.000000	 15.000000	 24.808535	 -13.558174	 -4.192699	 1
1462070922.654	 142.319580	 -1.000000	 15.000000	 25.051363	 -13.385307	 -4.292900	 1
1462070922.674	 142.312714	 -1.000000	 15.000000	 25.398260	 -13.454460	 -4.359703	 1
1462070922.695	 142.305374	 -1.000000	 15.000000	 25.502327	 -13.489029	 -4.393105	 1
1462070922.714	 142.296280	 -1.000000	 15.000000	 25.467638	 -13.592758	 -4.560108	 1
1462070922.737	 142.286331	 -1.000000	 15.000000	 25.779846	 -13.834763	 -4.727112	 1
1462070922.759	 142.281479	 -1.000000	 15.000000	 25.710464	 -14.042191	 -4.727112	 1
1462070922.776	 142.268494	 -1.000000	 15.000000	 25.710464	 -13.973038	 -4.994312	 1
1462070922.797	 142.255524	 -1.000000	 15.000000	 25.814535	 -13.800179	 -4.827309	 1
1462070922.816	 142.248138	 -1.000000	 15.000000	 25.953295	 -13.938461	 -4.693707	 1
1462070922.836	 142.241211	 -1.000000	 15.000000	 25.849224	 -14.042183	 -4.793907	 1
1462070922.858	 142.226852	 -1.000000	 15.000000	 25.849224	 -13.696457	 -4.793907	 1
1462070922.877	 142.219589	 -1.000000	 15.000000	 25.641085	 -13.558174	 -4.459908	 1
1462070922.896	 142.212402	 -1.000000	 15.000000	 25.363567	 -13.627312	 -4.593506	 1
1462070922.917	 142.198441	 -1.000000	 15.000000	 25.190117	 -13.385307	 -4.693707	 1
1462070922.937	 142.187256	 -1.000000	 15.000000	 25.328878	 -13.316170	 -4.493305	 1
1462070922.956	 142.178650	 -1.000000	 15.000000	 25.710464	 -13.350739	 -4.326305	 1
1462070922.976	 142.161453	 -1.000000	 15.000000	 25.710464	 -13.350739	 -4.660309	 1
1462070922.996	 142.144653	 -1.000000	 15.000000	 25.710464	 -13.281601	 -4.593506	 1
1462070923.017	 142.130676	 -1.000000	 15.000000	 25.363567	 -13.212456	 -4.526703	 1
1462070923.038	 142.111526	 -1.000000	 15.000000	 25.190117	 -13.039597	 -4.626904	 1
1462070923.058	 142.096542	 -1.000000	 15.000000	 24.877914	 -13.074165	 -4.593506	 1
1462070923.077	 142.096024	 -1.000000	 15.000000	 25.120743	 -13.108734	 -4.025696	 1
1462070923.098	 142.093140	 -1.000000	 15.000000	 25.051363	 -12.901299	 -3.958893	 1
1462070923.118	 142.087906	 -1.000000	 15.000000	 25.675777	 -12.763008	 -3.758492	 1
1462070923.147	 142.092865	 -1.000000	 15.000000	 25.745155	 -12.901299	 -3.491283	 1
1462070923.169	 142.099915	 -1.000000	 15.000000	 25.814535	 -13.108734	 -3.558086	 1
1462070923.189	 142.102371	 -1.000000	 15.000000	 25.710466	 -13.005013	 -3.658287	 1
1462070923.212	 142.101883	 -1.000000	 15.000000	 25.814535	 -13.039581	 -3.758492	 1
1462070923.228	 142.102676	 -1.000000	 15.000000	 25.502327	 -13.281586	 -3.992298	 1
1462070923.249	 142.095566	 -1.000000	 15.000000	 25.745155	 -13.454453	 -4.359703	 1
1462070923.269	 142.096329	 -1.000000	 15.000000	 25.363571	 -13.489029	 -4.192699	 1
1462070923.289	 142.105087	 -1.000000	 15.000000	 24.981985	 -13.523598	 -4.025696	 1
1462070923.309	 142.112183	 -1.000000	 15.000000	 25.190121	 -13.523590	 -4.025696	 1
1462070923.330	 142.118317	 -1.000000	 15.000000	 25.086052	 -13.489021	 -4.059093	 1
1462070923.349	 142.121674	 -1.000000	 15.000000	 24.669777	 -13.143295	 -3.992298	 1
1462070923.369	 142.105530	 -1.000000	 15.000000	 25.016674	 -12.728424	 -4.259502	 1
1462070923.391	 142.069275	 -1.000000	 15.000000	 25.190121	 -12.486420	 -4.760509	 1
1462070923.420	 142.039322	 -1.000000	 15.000000	 25.086052	 -12.590141	 -4.660309	 1
1462070923.432	 142.010208	 -1.000000	 15.000000	 25.259499	 -12.555573	 -4.560108	 1
1462070923.453	 141.982941	 -1.000000	 15.000000	 25.259499	 -12.624718	 -4.560108	 1
1462070923.480	 141.958435	 -1.000000	 15.000000	 25.086050	 -12.866730	 -4.727112	 1
1462070923.491	 141.946304	 -1.000000	 15.000000	 25.190117	 -13.316177	 -4.626911	 1
1462070923.512	 141.929565	 -1.000000	 15.000000	 25.363567	 -13.350754	 -4.793915	 1
1462070923.539	 141.915985	 -1.000000	 15.000000	 25.432949	 -13.350754	 -4.660316	 1
1462070923.554	 141.902603	 -1.000000	 15.000000	 25.710466	 -13.281609	 -4.526711	 1
1462070923.572	 141.893875	 -1.000000	 15.000000	 25.779846	 -13.419891	 -4.459911	 1
1462070923.599	 141.885880	 -1.000000	 15.000000	 25.779846	 -13.212456	 -4.259510	 1
1462070923.611	 141.880341	 -1.000000	 15.000000	 25.710464	 -13.212456	 -4.192707	 1
1462070923.631	 141.872833	 -1.000000	 15.000000	 25.779842	 -13.143318	 -4.192707	 1
1462070923.658	 141.868942	 -1.000000	 15.000000	 25.675772	 -13.385323	 -4.292908	 1
1462070923.672	 141.861801	 -1.000000	 15.000000	 25.710461	 -13.212463	 -4.259510	 1
1462070923.693	 141.863281	 -1.000000	 15.000000	 25.571703	 -13.558182	 -4.259510	 1
1462070923.718	 141.865906	 -1.000000	 15.000000	 25.675774	 -13.523613	 -4.159309	 1
1462070923.732	 141.862839	 -1.000000	 15.000000	 25.675774	 -13.592758	 -4.426514	 1
1462070923.753	 141.853470	 -1.000000	 15.000000	 25.675774	 -13.385323	 -4.493309	 1
1462070923.777	 141.839386	 -1.000000	 15.000000	 25.710466	 -13.143318	 -4.459911	 1
1462070923.793	 141.818253	 -1.000000	 15.000000	 25.849224	 -12.866745	 -4.459911	 1
1462070923.813	 141.797150	 -1.000000	 15.000000	 25.641085	 -12.866745	 -4.526714	 1
1462070923.838	 141.786819	 -1.000000	 15.000000	 25.467636	 -12.763023	 -4.092510	 1
1462070923.854	 141.781982	 -1.000000	 15.000000	 25.502325	 -12.728447	 -3.858711	 1
1462070923.873	 141.787888	 -1.000000	 15.000000	 25.502325	 -13.281609	 -3.925514	 1
1462070923.894	 141.794647	 -1.000000	 15.000000	 25.571707	 -13.350754	 -3.925514	 1
1462070923.914	 141.796982	 -1.000000	 15.000000	 25.918602	 -13.350754	 -3.992310	 1
1462070923.935	 141.798538	 -1.000000	 15.000000	 25.814535	 -13.731049	 -4.359718	 1
1462070923.955	 141.796829	 -1.000000	 15.000000	 25.745155	 -13.800194	 -4.560120	 1
1462070923.977	 141.793289	 -1.000000	 15.000000	 25.675774	 -13.454475	 -4.359718	 1
1462070923.997	 141.781830	 -1.000000	 15.000000	 25.849220	 -13.350761	 -4.526722	 1
1462070924.018	 141.774521	 -1.000000	 15.000000	 25.502325	 -13.419907	 -4.526722	 1
1462070924.034	 141.765320	 -1.000000	 15.000000	 26.057360	 -13.350754	 -4.393116	 1
1462070924.058	 141.764954	 -1.000000	 15.000000	 26.196121	 -13.558189	 -4.192711	 1
1462070924.078	 141.771042	 -1.000000	 15.000000	 26.508327	 -14.007629	 -4.226112	 1
1462070924.096	 141.776840	 -1.000000	 15.000000	 26.369570	 -13.869339	 -4.159313	 1
1462070924.118	 141.787460	 -1.000000	 15.000000	 26.473639	 -14.180496	 -4.192711	 1
1462070924.147	 141.782700	 -1.000000	 15.000000	 26.126741	 -13.834770	 -4.593517	 1
1462070924.167	 141.780518	 -1.000000	 15.000000	 26.022671	 -13.800201	 -4.493317	 1
1462070924.185	 141.776047	 -1.000000	 15.000000	 25.571707	 -13.350761	 -4.326317	 1
1462070924.206	 141.775635	 -1.000000	 15.000000	 25.641085	 -13.558197	 -4.326317	 1
1462070924.229	 141.766571	 -1.000000	 15.000000	 25.814535	 -13.108757	 -4.226116	 1
1462070924.246	 141.774979	 -1.000000	 15.000000	 25.779842	 -13.350769	 -3.791912	 1
1462070924.267	 141.768265	 -1.000000	 15.000000	 25.953293	 -13.177902	 -4.159313	 1
1462070924.287	 141.757797	 -1.000000	 15.000000	 26.022671	 -13.108757	 -4.226112	 1
1462070924.307	 141.744324	 -1.000000	 15.000000	 26.161428	 -13.247055	 -4.426514	 1
1462070924.330	 141.739105	 -1.000000	 15.000000	 25.779842	 -13.212479	 -4.192711	 1
1462070924.348	 141.732925	 -1.000000	 15.000000	 25.779842	 -12.935905	 -3.992310	 1
1462070924.367	 141.726715	 -1.000000	 15.000000	 25.606392	 -12.763046	 -3.892109	 1
1462070924.389	 141.720276	 -1.000000	 15.000000	 25.606392	 -12.832184	 -3.958912	 1
1462070924.408	 141.712830	 -1.000000	 15.000000	 25.120739	 -12.555595	 -3.892109	 1
1462070924.428	 141.700012	 -1.000000	 15.000000	 25.537014	 -12.763031	 -4.159313	 1
1462070924.449	 141.667084	 -1.000000	 15.000000	 25.675774	 -12.763031	 -4.894123	 1
1462070924.471	 141.646088	 -1.000000	 15.000000	 25.432949	 -13.074188	 -4.793922	 1
1462070924.488	 141.627716	 -1.000000	 15.000000	 25.571709	 -13.143341	 -4.727119	 1
1462070924.510	 141.612442	 -1.000000	 15.000000	 25.606400	 -13.316208	 -4.760521	 1
1462070924.529	 141.601685	 -1.000000	 15.000000	 25.259502	 -13.247063	 -4.626923	 1
1462070924.549	 141.622345	 -1.000000	 15.000000	 24.947296	 -13.627365	 -3.858715	 1
1462070924.569	 141.640228	 -1.000000	 15.000000	 25.224810	 -13.696510	 -3.925514	 1
1462070924.590	 141.650558	 -1.000000	 15.000000	 25.259499	 -13.661942	 -4.159313	 1
1462070924.612	 141.665649	 -1.000000	 15.000000	 25.432949	 -13.489067	 -3.791908	 1
1462070924.631	 141.667587	 -1.000000	 15.000000	 25.779846	 -13.350777	 -4.059105	 1
1462070924.652	 141.654129	 -1.000000	 15.000000	 26.022675	 -13.177910	 -4.426514	 1
1462070924.673	 141.636948	 -1.000000	 15.000000	 26.161434	 -12.832184	 -4.226112	 1
1462070924.691	 141.633362	 -1.000000	 15.000000	 25.779848	 -12.866753	 -3.858704	 1
1462070924.712	 141.620529	 -1.000000	 15.000000	 26.057364	 -12.866753	 -4.125904	 1
1462070924.739	 141.607849	 -1.000000	 15.000000	 25.675777	 -12.555603	 -3.958900	 1
1462070924.752	 141.594833	 -1.000000	 15.000000	 25.571707	 -12.313591	 -3.791893	 1
1462070924.771	 141.582809	 -1.000000	 15.000000	 25.363567	 -12.590164	 -4.059101	 1
1462070924.799	 141.560699	 -1.000000	 15.000000	 25.537014	 -12.555588	 -4.359703	 1
1462070924.815	 141.541260	 -1.000000	 15.000000	 25.432945	 -12.590164	 -4.326305	 1
1462070924.831	 141.539154	 -1.000000	 15.000000	 25.745153	 -13.316177	 -4.226105	 1
1462070924.858	 141.533829	 -1.000000	 15.000000	 25.849224	 -13.558182	 -4.526711	 1
1462070924.872	 141.525024	 -1.000000	 15.000000	 26.126741	 -13.489044	 -4.526711	 1
1462070924.892	 141.512146	 -1.000000	 15.000000	 26.300192	 -13.316177	 -4.493309	 1
1462070924.918	 141.494492	 -1.000000	 15.000000	 26.022675	 -13.316177	 -4.760517	 1
1462070924.932	 141.471756	 -1.000000	 15.000000	 25.849224	 -13.143318	 -4.860718	 1
1462070924.953	 141.443054	 -1.000000	 15.000000	 25.814535	 -12.763016	 -4.760517	 1
1462070924.977	 141.424255	 -1.000000	 15.000000	 25.467638	 -12.693871	 -4.426514	 1
1462070924.994	 141.412827	 -1.000000	 15.000000	 25.120743	 -12.832161	 -4.359718	 1
1462070925.013	 141.413223	 -1.000000	 15.000000	 25.224813	 -12.866730	 -3.925514	 1
1462070925.037	 141.407684	 -1.000000	 15.000000	 25.502331	 -12.935883	 -4.125916	 1
1462070925.054	 141.411194	 -1.000000	 15.000000	 25.398260	 -13.177895	 -4.025715	 1
1462070925.074	 141.411896	 -1.000000	 15.000000	 25.745155	 -13.247040	 -4.092518	 1
1462070925.094	 141.407364	 -1.000000	 15.000000	 26.196121	 -13.281616	 -4.192719	 1
1462070925.114	 141.394333	 -1.000000	 15.000000	 26.196121	 -13.212471	 -4.459923	 1
1462070925.135	 141.374985	 -1.000000	 15.000000	 26.230810	 -12.763023	 -4.292919	 1
1462070925.158	 141.347702	 -1.000000	 15.000000	 26.369570	 -12.901314	 -4.693726	 1
1462070925.178	 141.320938	 -1.000000	 15.000000	 26.334881	 -12.935883	 -4.727123	 1
1462070925.198	 141.304474	 -1.000000	 15.000000	 26.334881	 -13.212456	 -4.593517	 1
1462070925.218	 141.294434	 -1.000000	 15.000000	 26.126741	 -13.419891	 -4.593517	 1
1462070925.237	 141.290466	 -1.000000	 15.000000	 25.849224	 -13.834763	 -4.793922	 1
1462070925.257	 141.301041	 -1.000000	 15.000000	 25.745153	 -13.869331	 -4.292915	 1
1462070925.277	 141.305099	 -1.000000	 15.000000	 25.432945	 -13.834763	 -4.593517	 1
1462070925.297	 141.308441	 -1.000000	 15.000000	 25.398256	 -13.592758	 -4.426514	 1
1462070925.319	 141.310638	 -1.000000	 15.000000	 25.571703	 -13.489044	 -4.326313	 1
1462070925.337	 141.315872	 -1.000000	 15.000000	 25.398256	 -13.454475	 -4.226112	 1
1462070925.358	 141.308762	 -1.000000	 15.000000	 25.467638	 -13.247040	 -4.493309	 1
1462070925.378	 141.305771	 -1.000000	 15.000000	 25.641088	 -13.281609	 -4.326305	 1
1462070925.399	 141.299545	 -1.000000	 15.000000	 25.641088	 -13.212456	 -4.393105	 1
1462070925.419	 141.294266	 -1.000000	 15.000000	 25.814537	 -13.108734	 -4.226097	 1
1462070925.439	 141.291214	 -1.000000	 15.000000	 25.779848	 -13.074165	 -4.125896	 1
1462070925.458	 141.303101	 -1.000000	 15.000000	 25.814537	 -13.385323	 -3.825294	 1
1462070925.479	 141.304367	 -1.000000	 15.000000	 25.918606	 -13.074173	 -3.925495	 1
1462070925.499	 141.305450	 -1.000000	 15.000000	 25.953295	 -13.039597	 -3.892090	 1
1462070925.519	 141.301117	 -1.000000	 15.000000	 25.953295	 -13.039597	 -4.092491	 1
1462070925.539	 141.285904	 -1.000000	 15.000000	 26.334881	 -12.728439	 -4.125893	 1
1462070925.559	 141.264542	 -1.000000	 15.000000	 26.300192	 -12.417290	 -4.092491	 1
1462070925.581	 141.241669	 -1.000000	 15.000000	 26.265503	 -12.521011	 -4.259499	 1
1462070925.600	 141.224228	 -1.000000	 15.000000	 26.230812	 -12.763008	 -4.292896	 1
1462070925.620	 141.212540	 -1.000000	 15.000000	 26.126745	 -12.866730	 -4.192696	 1
1462070925.640	 141.205231	 -1.000000	 15.000000	 26.230812	 -12.970451	 -4.092491	 1
1462070925.660	 141.201324	 -1.000000	 15.000000	 26.196121	 -13.143318	 -4.125893	 1
1462070925.680	 141.223267	 -1.000000	 15.000000	 25.883913	 -13.592758	 -3.624886	 1
1462070925.701	 141.240524	 -1.000000	 15.000000	 25.849224	 -13.419899	 -3.658287	 1
1462070925.721	 141.263474	 -1.000000	 15.000000	 25.745153	 -13.523613	 -3.558086	 1
1462070925.741	 141.295593	 -1.000000	 15.000000	 25.398256	 -13.661911	 -3.424488	 1
1462070925.761	 141.323151	 -1.000000	 15.000000	 25.294189	 -13.558197	 -3.524689	 1
1462070925.783	 141.339340	 -1.000000	 15.000000	 25.294189	 -13.143326	 -3.591492	 1
1462070925.801	 141.355652	 -1.000000	 15.000000	 25.190117	 -13.247047	 -3.691692	 1
1462070925.825	 141.372849	 -1.000000	 15.000000	 25.224808	 -13.350761	 -3.725098	 1
1462070925.846	 141.384720	 -1.000000	 15.000000	 25.190117	 -13.316193	 -3.892101	 1
1462070925.863	 141.396561	 -1.000000	 15.000000	 25.398256	 -13.316193	 -3.825306	 1
1462070925.885	 141.405807	 -1.000000	 15.000000	 25.675774	 -13.385338	 -3.892109	 1
1462070925.906	 141.416321	 -1.000000	 15.000000	 25.779846	 -13.281624	 -3.725105	 1
1462070925.923	 141.413284	 -1.000000	 15.000000	 25.745155	 -13.039619	 -4.025707	 1
1462070925.945	 141.406311	 -1.000000	 15.000000	 25.779846	 -13.074188	 -4.192711	 1
1462070925.972	 141.396622	 -1.000000	 15.000000	 25.675774	 -13.177902	 -4.426514	 1
1462070925.983	 141.383545	 -1.000000	 15.000000	 25.710464	 -13.143326	 -4.526714	 1
1462070926.004	 141.374680	 -1.000000	 15.000000	 25.363567	 -13.212471	 -4.526714	 1
1462070926.024	 141.361191	 -1.000000	 15.000000	 25.606396	 -12.970459	 -4.426514	 1
1462070926.044	 141.351288	 -1.000000	 15.000000	 25.675774	 -12.763031	 -4.092506	 1
1462070926.064	 141.339767	 -1.000000	 15.000000	 25.710466	 -12.521027	 -3.925499	 1
1462070926.085	 141.334854	 -1.000000	 15.000000	 25.779846	 -12.590179	 -3.725098	 1
1462070926.104	 141.326691	 -1.000000	 15.000000	 26.230810	 -12.555611	 -3.691700	 1
1462070926.125	 141.330765	 -1.000000	 15.000000	 25.883913	 -13.039619	 -3.758495	 1
1462070926.144	 141.338715	 -1.000000	 15.000000	 25.883913	 -13.454483	 -3.958900	 1
1462070926.173	 141.350662	 -1.000000	 15.000000	 25.883913	 -13.800217	 -4.092506	 1
1462070926.194	 141.366165	 -1.000000	 15.000000	 25.537018	 -13.938492	 -4.159302	 1
1462070926.214	 141.367523	 -1.000000	 15.000000	 25.016674	 -13.489052	 -4.459908	 1
1462070926.240	 141.368866	 -1.000000	 15.000000	 25.016674	 -13.489059	 -4.459908	 1
1462070926.255	 141.361130	 -1.000000	 15.000000	 25.086056	 -13.350761	 -4.660309	 1
1462070926.275	 141.355072	 -1.000000	 15.000000	 25.016674	 -12.935890	 -4.259502	 1
1462070926.299	 141.351959	 -1.000000	 15.000000	 25.086052	 -13.005035	 -4.192699	 1
1462070926.316	 141.361221	 -1.000000	 15.000000	 25.328878	 -13.523621	 -4.092499	 1
1462070926.335	 141.370514	 -1.000000	 15.000000	 25.294189	 -13.558197	 -4.125904	 1
1462070926.359	 141.385361	 -1.000000	 15.000000	 25.016670	 -13.558197	 -3.992302	 1
1462070926.375	 141.394791	 -1.000000	 15.000000	 25.051361	 -13.938492	 -4.493309	 1
1462070926.396	 141.395599	 -1.000000	 15.000000	 24.947292	 -13.627335	 -4.593513	 1
1462070926.418	 141.395905	 -1.000000	 15.000000	 25.016670	 -13.627335	 -4.593513	 1
1462070926.436	 141.399948	 -1.000000	 15.000000	 25.224810	 -13.627335	 -4.393108	 1
1462070926.456	 141.400497	 -1.000000	 15.000000	 25.675774	 -13.661911	 -4.426506	 1
1462070926.479	 141.395889	 -1.000000	 15.000000	 25.814535	 -13.316177	 -4.292908	 1
1462070926.498	 141.394058	 -1.000000	 15.000000	 26.196121	 -13.696480	 -4.393108	 1
1462070926.520	 141.393784	 -1.000000	 15.000000	 25.987984	 -13.627335	 -4.326305	 1
1462070926.538	 141.386520	 -1.000000	 15.000000	 25.779846	 -13.558197	 -4.593506	 1
1462070926.558	 141.377151	 -1.000000	 15.000000	 25.432949	 -13.281624	 -4.526711	 1
1462070926.578	 141.362045	 -1.000000	 15.000000	 25.328880	 -13.247047	 -4.760509	 1
1462070926.598	 140.273163	 -1.000000	 15.000000	 25.086052	 -12.935898	 -4.660309	 1
1462070926.618	 139.367767	 -1.000000	 15.000000	 25.190121	 -13.177902	 -5.161316	 1
1462070926.639	 138.193222	 -1.000000	 15.000000	 25.363567	 -12.935890	 -5.461922	 1
1462070926.657	 137.833710	 -1.000000	 15.000000	 25.259499	 -13.039604	 -5.695728	 1
1462070926.678	 138.386185	 -1.000000	 15.000000	 25.190117	 -13.108749	 -5.762524	 1
1462070926.698	 137.661285	 -1.000000	 15.000000	 25.120739	 -13.177902	 -6.363731	 1
1462070926.718	 136.800522	 -1.000000	 15.000000	 25.155428	 -12.935898	 -6.530739	 1
1462070926.739	 137.185577	 -1.000000	 15.000000	 24.843224	 -13.039612	 -6.430534	 1
1462070926.758	 136.980804	 -1.000000	 15.000000	 25.155432	 -12.728462	 -6.397133	 1
1462070926.781	 137.623505	 -1.000000	 15.000000	 24.843227	 -12.693893	 -6.363731	 1
1462070926.799	 137.482834	 -1.000000	 15.000000	 25.120745	 -12.417313	 -6.163330	 1
1462070926.819	 138.427811	 -1.000000	 15.000000	 25.086056	 -12.244453	 -6.196728	 1
1462070926.841	 139.533264	 -1.000000	 15.000000	 25.398260	 -11.933304	 -5.962929	 1
1462070926.860	 139.570999	 -1.000000	 15.000000	 24.981985	 -12.209885	 -6.363731	 1
1462070926.879	 141.765213	 -1.000000	 15.000000	 25.432949	 -12.244453	 -6.263531	 1
1462070926.899	 143.130005	 -1.000000	 15.000000	 25.155432	 -12.106155	 -6.196728	 1
1462070926.920	 143.662842	 -1.000000	 15.000000	 25.432949	 -11.829575	 -5.729126	 1
1462070926.940	 144.605179	 -1.000000	 15.000000	 25.398260	 -11.518425	 -5.829327	 1
1462070926.961	 145.574890	 -1.000000	 15.000000	 25.502327	 -11.414719	 -5.729126	 1
1462070926.981	 143.505264	 -1.000000	 15.000000	 25.224810	 -10.792412	 -6.397133	 1
1462070927.001	 143.222382	 -1.000000	 15.000000	 24.947292	 -10.861557	 -7.399147	 1
1462070927.021	 141.622269	 -1.000000	 15.000000	 24.322878	 -10.999840	 -8.668358	 1
1462070927.041	 139.504120	 -1.000000	 15.000000	 23.941292	 -10.896126	 -9.837379	 1
1462070927.062	 137.748291	 -1.000000	 15.000000	 23.525017	 -10.965263	 -10.839394	 1
1462070927.083	 137.434708	 -1.000000	 15.000000	 23.178122	 -11.794998	 -11.841408	 1
1462070927.103	 137.339798	 -1.000000	 15.000000	 22.831224	 -12.209869	 -12.309013	 1
1462070927.122	 136.285065	 -1.000000	 15.000000	 22.449638	 -12.659309	 -13.010426	 1
1462070927.142	 134.562561	 -1.000000	 15.000000	 21.582399	 -13.523628	 -13.845436	 1
1462070927.166	 131.202866	 -1.000000	 15.000000	 20.888607	 -14.007645	 -14.914246	 1
1462070927.185	 128.012756	 -1.000000	 15.000000	 19.917297	 -14.629944	 -15.983055	 1
1462070927.205	 123.785957	 -1.000000	 15.000000	 18.807228	 -15.321396	 -17.118675	 1
1462070927.223	 123.903275	 -1.000000	 15.000000	 17.593094	 -16.323990	 -17.820091	 1
1462070927.245	 121.220474	 -1.000000	 15.000000	 16.274887	 -17.568596	 -18.554909	 1
1462070927.265	 119.942619	 -1.000000	 15.000000	 14.783233	 -18.640343	 -19.055908	 1
1462070927.286	 119.636871	 -1.000000	 15.000000	 12.805925	 -19.919525	 -19.156113	 1
1462070927.304	 119.540245	 -1.000000	 15.000000	 10.793929	 -21.302414	 -19.289719	 1
1462070927.326	 119.483109	 -1.000000	 15.000000	 8.955379	 -22.719887	 -19.456726	 1
1462070927.355	 119.409660	 -1.000000	 15.000000	 7.394347	 -23.722488	 -19.356522	 1
1462070927.402	 119.682648	 -1.000000	 15.000000	 5.590487	 -24.897942	 -19.022522	 1
1462070927.403	 119.615196	 -1.000000	 15.000000	 4.272283	 -25.727676	 -18.488113	 1
1462070927.412	 119.357590	 -1.000000	 15.000000	 2.850008	 -26.315414	 -17.719894	 1
1462070927.424	 119.190369	 -1.000000	 15.000000	 1.288977	 -26.764847	 -16.884880	 1
1462070927.444	 119.650101	 -1.000000	 15.000000	 -0.410813	 -27.352585	 -15.849464	 1
1462070927.464	 119.992287	 -1.000000	 15.000000	 -1.659638	 -27.767448	 -15.114647	 1
1462070927.485	 119.933243	 -1.000000	 15.000000	 -3.012534	 -28.009453	 -14.814049	 1
1462070927.505	 120.581360	 -1.000000	 15.000000	 -3.983842	 -28.147747	 -14.212841	 1
1462070927.525	 121.302551	 -1.000000	 15.000000	 -5.059220	 -28.320610	 -13.645031	 1
1462070927.545	 121.823494	 -1.000000	 15.000000	 -5.926462	 -28.424335	 -13.077221	 1
1462070927.566	 122.284378	 -1.000000	 15.000000	 -6.689634	 -28.424335	 -12.275612	 1
1462070927.586	 123.325684	 -1.000000	 15.000000	 -7.556873	 -28.666340	 -10.839394	 1
1462070927.606	 123.971214	 -1.000000	 15.000000	 -8.528183	 -29.357788	 -9.970978	 1
1462070927.628	 124.591827	 -1.000000	 15.000000	 -9.187286	 -29.461506	 -8.935558	 1
1462070927.649	 125.297440	 -1.000000	 15.000000	 -9.777008	 -29.496075	 -7.966942	 1
1462070927.666	 126.439270	 -1.000000	 15.000000	 -10.366734	 -29.738079	 -6.731129	 1
1462070927.688	 126.899841	 -1.000000	 15.000000	 -11.129908	 -29.668938	 -5.996315	 1
1462070927.709	 127.154015	 -1.000000	 15.000000	 -11.546183	 -29.392357	 -5.395103	 1
1462070927.727	 127.468178	 -1.000000	 15.000000	 -11.893080	 -29.392357	 -4.660290	 1
1462070927.751	 127.725975	 -1.000000	 15.000000	 -12.378736	 -29.392357	 -3.791878	 1
1462070927.769	 127.678856	 -1.000000	 15.000000	 -12.656254	 -29.254070	 -3.457874	 1
1462070927.798	 127.783661	 -1.000000	 15.000000	 -12.899078	 -29.150352	 -2.956867	 1
1462070927.811	 127.832321	 -1.000000	 15.000000	 -13.003151	 -28.908344	 -2.589466	 1
1462070927.829	 128.007690	 -1.000000	 15.000000	 -13.350046	 -28.908344	 -1.988258	 1
1462070927.858	 128.044922	 -1.000000	 15.000000	 -13.141907	 -28.908344	 -2.255463	 1
1462070927.871	 128.114944	 -1.000000	 15.000000	 -13.662251	 -28.873772	 -2.021656	 1
1462070927.889	 128.565094	 -1.000000	 15.000000	 -13.315353	 -29.012066	 -2.222057	 1
1462070927.917	 128.677765	 -1.000000	 15.000000	 -13.592869	 -28.804634	 -2.021656	 1
1462070927.932	 128.583328	 -1.000000	 15.000000	 -13.662247	 -28.735493	 -2.088459	 1
1462070927.949	 128.128479	 -1.000000	 15.000000	 -14.043833	 -28.770061	 -2.055054	 1
1462070927.977	 128.033142	 -1.000000	 15.000000	 -14.043833	 -28.631767	 -2.121849	 1
1462070927.991	 127.908157	 -1.000000	 15.000000	 -14.286661	 -28.320610	 -1.888050	 1
1462070928.009	 128.449249	 -1.000000	 15.000000	 -14.009148	 -28.458904	 -1.620846	 1
1462070928.030	 128.513809	 -1.000000	 15.000000	 -13.974457	 -28.562622	 -1.854652	 1
1462070928.050	 128.670624	 -1.000000	 15.000000	 -13.974457	 -28.493477	 -1.721046	 1
1462070928.070	 128.846954	 -1.000000	 15.000000	 -13.801010	 -28.804626	 -1.821247	 1
1462070928.090	 129.208145	 -1.000000	 15.000000	 -13.766321	 -29.046638	 -1.787842	 1
1462070928.111	 129.409424	 -1.000000	 15.000000	 -13.627562	 -29.046638	 -1.921440	 1
1462070928.131	 129.465820	 -1.000000	 15.000000	 -13.592873	 -28.666340	 -1.954845	 1
1462070928.151	 129.766388	 -1.000000	 15.000000	 -13.696939	 -28.908344	 -1.854645	 1
1462070928.181	 129.846161	 -1.000000	 15.000000	 -13.801008	 -28.735481	 -1.687645	 1
1462070928.201	 130.007614	 -1.000000	 15.000000	 -13.662247	 -28.804626	 -1.687645	 1
1462070928.221	 129.934433	 -1.000000	 15.000000	 -14.009144	 -28.528046	 -1.888050	 1
1462070928.241	 129.911819	 -1.000000	 15.000000	 -14.286661	 -28.528046	 -1.620846	 1
1462070928.261	 129.719955	 -1.000000	 15.000000	 -14.564178	 -27.974884	 -1.821251	 1
1462070928.284	 129.495163	 -1.000000	 15.000000	 -14.737625	 -27.525444	 -1.854652	 1
1462070928.306	 129.533081	 -1.000000	 15.000000	 -15.223282	 -27.041428	 -2.121849	 1
1462070928.322	 129.643661	 -1.000000	 15.000000	 -15.362040	 -27.387154	 -1.787849	 1
1462070928.344	 129.686447	 -1.000000	 15.000000	 -15.327351	 -27.767448	 -2.222054	 1
1462070928.366	 129.936310	 -1.000000	 15.000000	 -15.257973	 -27.905743	 -2.288857	 1
1462070928.383	 130.458847	 -1.000000	 15.000000	 -15.015146	 -28.493477	 -2.455860	 1
1462070928.405	 130.552032	 -1.000000	 15.000000	 -15.015146	 -28.700909	 -2.522663	 1
1462070928.426	 130.207993	 -1.000000	 15.000000	 -14.737633	 -28.562614	 -2.923470	 1
1462070928.445	 129.962494	 -1.000000	 15.000000	 -14.598871	 -28.078602	 -2.856667	 1
1462070928.465	 130.815430	 -1.000000	 15.000000	 -14.286665	 -28.044025	 -2.422462	 1
1462070928.487	 130.804962	 -1.000000	 15.000000	 -14.147903	 -27.629158	 -2.489258	 1
1462070928.504	 131.511200	 -1.000000	 15.000000	 -13.905075	 -27.940308	 -2.255455	 1
1462070928.524	 131.471527	 -1.000000	 15.000000	 -14.113213	 -27.871162	 -2.188652	 1
1462070928.546	 131.875580	 -1.000000	 15.000000	 -13.939766	 -27.974876	 -2.088451	 1
1462070928.564	 131.983017	 -1.000000	 15.000000	 -13.801008	 -28.320599	 -2.355652	 1
1462070928.586	 131.914841	 -1.000000	 15.000000	 -14.182594	 -28.493462	 -2.121849	 1
1462070928.605	 131.887558	 -1.000000	 15.000000	 -14.147903	 -27.905731	 -2.155251	 1
1462070928.625	 131.869904	 -1.000000	 15.000000	 -14.113214	 -27.940300	 -2.121849	 1
1462070928.644	 131.831253	 -1.000000	 15.000000	 -14.598869	 -27.940300	 -1.988243	 1
1462070928.672	 131.800369	 -1.000000	 15.000000	 -14.598869	 -27.871162	 -1.854645	 1
1462070928.685	 131.764832	 -1.000000	 15.000000	 -14.460112	 -27.802013	 -2.055046	 1
1462070928.706	 131.729843	 -1.000000	 15.000000	 -14.633558	 -28.113167	 -2.155251	 1
1462070928.726	 131.697968	 -1.000000	 15.000000	 -14.737625	 -27.871162	 -1.988243	 1
1462070928.746	 131.677048	 -1.000000	 15.000000	 -14.633558	 -27.974876	 -1.954845	 1
1462070928.766	 131.653275	 -1.000000	 15.000000	 -14.668247	 -27.802013	 -1.921448	 1
1462070928.787	 131.644119	 -1.000000	 15.000000	 -14.633558	 -28.044025	 -1.687645	 1
1462070928.807	 131.648834	 -1.000000	 15.000000	 -14.460112	 -28.078594	 -1.453842	 1
1462070928.828	 131.636276	 -1.000000	 15.000000	 -14.633560	 -28.320599	 -1.888050	 1
1462070928.850	 131.629410	 -1.000000	 15.000000	 -14.390732	 -28.562603	 -2.055054	 1
1462070928.867	 131.605927	 -1.000000	 15.000000	 -14.668251	 -28.562603	 -2.255455	 1
1462070928.890	 131.587402	 -1.000000	 15.000000	 -14.529493	 -28.424309	 -2.188660	 1
1462070928.907	 131.559464	 -1.000000	 15.000000	 -14.460114	 -28.286022	 -2.455860	 1
1462070928.928	 131.559265	 -1.000000	 15.000000	 -14.078529	 -28.458881	 -2.088451	 1
1462070928.949	 131.553070	 -1.000000	 15.000000	 -14.217285	 -28.044014	 -1.888050	 1
1462070928.972	 131.541321	 -1.000000	 15.000000	 -14.460112	 -27.732861	 -1.654247	 1
1462070928.988	 131.517349	 -1.000000	 15.000000	 -14.911076	 -27.560005	 -1.554047	 1
1462070929.012	 131.497284	 -1.000000	 15.000000	 -15.084522	 -27.663727	 -1.320244	 1
1462070929.030	 131.474655	 -1.000000	 15.000000	 -15.223280	 -27.663727	 -1.320244	 1
1462070929.049	 131.458359	 -1.000000	 15.000000	 -15.223280	 -27.871162	 -1.253445	 1
1462070929.069	 131.449951	 -1.000000	 15.000000	 -14.980453	 -28.113167	 -1.353645	 1
1462070929.092	 131.438736	 -1.000000	 15.000000	 -14.911076	 -28.113167	 -1.554050	 1
1462070929.111	 131.423630	 -1.000000	 15.000000	 -15.084526	 -28.009449	 -1.520649	 1
1462070929.131	 131.415604	 -1.000000	 15.000000	 -15.188597	 -28.044025	 -1.153240	 1
1462070929.151	 131.411667	 -1.000000	 15.000000	 -15.188597	 -28.182320	 -1.019638	 1
1462070929.173	 131.406448	 -1.000000	 15.000000	 -15.188597	 -28.182320	 -1.086441	 1
1462070929.192	 131.399185	 -1.000000	 15.000000	 -15.396732	 -28.251457	 -1.019638	 1
1462070929.212	 131.390427	 -1.000000	 15.000000	 -15.327354	 -28.182312	 -1.153240	 1
1462070929.240	 131.373581	 -1.000000	 15.000000	 -15.431421	 -28.009449	 -1.387047	 1
1462070929.256	 131.352158	 -1.000000	 15.000000	 -15.396732	 -27.698296	 -1.487247	 1
1462070929.272	 131.335526	 -1.000000	 15.000000	 -15.327351	 -27.836590	 -1.420444	 1
1462070929.299	 131.325607	 -1.000000	 15.000000	 -14.911076	 -27.836590	 -1.487247	 1
1462070929.313	 131.317749	 -1.000000	 15.000000	 -15.015144	 -28.078594	 -1.453846	 1
1462070929.333	 131.317703	 -1.000000	 15.000000	 -14.668247	 -28.286030	 -1.520645	 1
1462070929.359	 131.316727	 -1.000000	 15.000000	 -14.807007	 -28.562603	 -1.587444	 1
1462070929.373	 131.312714	 -1.000000	 15.000000	 -15.049835	 -28.528034	 -1.487244	 1
1462070929.394	 131.299133	 -1.000000	 15.000000	 -15.604872	 -28.597179	 -1.487244	 1
1462070929.418	 131.286514	 -1.000000	 15.000000	 -15.466110	 -28.320599	 -1.420444	 1
1462070929.432	 131.271667	 -1.000000	 15.000000	 -15.743629	 -28.251453	 -1.286842	 1
1462070929.455	 130.024078	 -1.000000	 15.000000	 -15.778318	 -28.009441	 -1.453850	 1
1462070929.478	 129.719254	 -1.000000	 15.000000	 -15.708939	 -27.871147	 -1.387047	 1
1462070929.494	 130.213882	 -1.000000	 15.000000	 -15.188593	 -27.836578	 -1.554050	 1
1462070929.515	 130.384293	 -1.000000	 15.000000	 -14.980457	 -28.113152	 -1.821251	 1
1462070929.535	 130.474533	 -1.000000	 15.000000	 -14.911076	 -28.251446	 -1.888050	 1
1462070929.555	 130.575195	 -1.000000	 15.000000	 -14.737625	 -28.355164	 -2.055054	 1
1462070929.575	 130.327057	 -1.000000	 15.000000	 -14.564177	 -28.389740	 -2.422462	 1
1462070929.595	 130.466797	 -1.000000	 15.000000	 -14.772316	 -28.458881	 -2.155262	 1
1462070929.615	 130.467590	 -1.000000	 15.000000	 -14.911072	 -28.389740	 -1.954857	 1
1462070929.638	 130.456924	 -1.000000	 15.000000	 -15.292658	 -28.286022	 -2.121864	 1
1462070929.658	 130.447418	 -1.000000	 15.000000	 -15.466108	 -28.251453	 -1.888062	 1
1462070929.676	 130.441818	 -1.000000	 15.000000	 -15.500797	 -28.078594	 -1.587456	 1
1462070929.696	 130.433228	 -1.000000	 15.000000	 -15.466108	 -27.905731	 -1.687660	 1
1462070929.719	 130.416992	 -1.000000	 15.000000	 -15.535486	 -27.698296	 -1.888062	 1
1462070929.736	 130.412308	 -1.000000	 15.000000	 -15.049833	 -27.698296	 -1.754463	 1
1462070929.757	 130.405167	 -1.000000	 15.000000	 -15.049833	 -27.629143	 -1.821266	 1
1462070929.778	 130.391937	 -1.000000	 15.000000	 -15.257973	 -27.559998	 -1.888069	 1
1462070929.797	 130.380661	 -1.000000	 15.000000	 -15.500797	 -27.871147	 -1.787865	 1
1462070929.821	 130.368637	 -1.000000	 15.000000	 -16.021143	 -27.974865	 -1.420464	 1
1462070929.839	 130.356873	 -1.000000	 15.000000	 -16.229282	 -27.974865	 -1.220058	 1
1462070929.869	 130.348969	 -1.000000	 15.000000	 -16.125214	 -28.009441	 -1.119858	 1
1462070929.881	 130.346313	 -1.000000	 15.000000	 -15.778318	 -28.147736	 -1.253456	 1
1462070929.901	 130.342163	 -1.000000	 15.000000	 -15.639561	 -28.009441	 -1.387058	 1
1462070929.928	 130.347672	 -1.000000	 15.000000	 -15.084526	 -28.009441	 -1.453857	 1
1462070929.942	 130.340775	 -1.000000	 15.000000	 -15.153904	 -27.594574	 -1.787861	 1
1462070929.961	 130.333832	 -1.000000	 15.000000	 -14.980453	 -27.905724	 -2.155262	 1
1462070929.987	 130.334000	 -1.000000	 15.000000	 -14.980453	 -28.044014	 -1.888062	 1
1462070930.000	 130.337311	 -1.000000	 15.000000	 -14.980453	 -28.113159	 -1.754463	 1
1462070930.019	 130.334778	 -1.000000	 15.000000	 -15.084526	 -28.009441	 -1.854664	 1
1462070930.039	 130.337494	 -1.000000	 15.000000	 -14.668251	 -28.216877	 -2.121868	 1
1462070930.060	 130.336197	 -1.000000	 15.000000	 -15.084526	 -28.078590	 -1.787865	 1
1462070930.081	 130.330002	 -1.000000	 15.000000	 -15.396732	 -28.251446	 -1.821266	 1
1462070930.101	 130.322418	 -1.000000	 15.000000	 -15.431421	 -28.009441	 -1.721062	 1
1462070930.120	 130.310303	 -1.000000	 15.000000	 -15.708937	 -28.147728	 -1.721062	 1
1462070930.140	 130.292221	 -1.000000	 15.000000	 -16.437418	 -28.113152	 -1.286858	 1
1462070930.160	 130.271103	 -1.000000	 15.000000	 -16.298660	 -27.836571	 -1.420460	 1
1462070930.180	 130.245819	 -1.000000	 15.000000	 -15.917076	 -27.387131	 -1.654259	 1
1462070930.208	 130.217377	 -1.000000	 15.000000	 -15.778318	 -27.594563	 -2.055065	 1
1462070930.232	 130.198517	 -1.000000	 15.000000	 -15.674250	 -27.836571	 -1.821266	 1
1462070930.250	 130.180115	 -1.000000	 15.000000	 -15.500801	 -27.663715	 -1.854664	 1
1462070930.269	 130.163071	 -1.000000	 15.000000	 -15.362040	 -27.663715	 -1.921459	 1
1462070930.292	 130.137787	 -1.000000	 15.000000	 -15.778315	 -27.802010	 -2.055065	 1
1462070930.311	 130.122818	 -1.000000	 15.000000	 -15.570175	 -27.940300	 -1.854664	 1
1462070930.330	 130.110718	 -1.000000	 15.000000	 -15.188591	 -27.836586	 -2.021667	 1
1462070930.352	 130.098785	 -1.000000	 15.000000	 -15.188591	 -27.974873	 -2.088463	 1
1462070930.372	 130.086731	 -1.000000	 15.000000	 -15.500797	 -28.078590	 -1.854664	 1
1462070930.391	 130.080154	 -1.000000	 15.000000	 -15.500797	 -28.078590	 -1.587460	 1
1462070930.425	 130.072220	 -1.000000	 15.000000	 -15.604866	 -27.905724	 -1.487259	 1
1462070930.431	 130.055969	 -1.000000	 15.000000	 -16.125208	 -27.940300	 -1.453857	 1
1462070930.451	 130.049652	 -1.000000	 15.000000	 -15.882383	 -28.044018	 -1.220055	 1
1462070930.472	 130.042908	 -1.000000	 15.000000	 -15.813004	 -28.044018	 -1.286854	 1
1462070930.496	 130.045578	 -1.000000	 15.000000	 -15.604866	 -28.251453	 -1.086449	 1
1462070930.514	 130.038559	 -1.000000	 15.000000	 -15.847694	 -28.078594	 -1.253452	 1
1462070930.534	 130.032333	 -1.000000	 15.000000	 -15.708937	 -27.802013	 -1.186653	 1
1462070930.556	 130.012970	 -1.000000	 15.000000	 -15.847694	 -27.594582	 -1.587456	 1
1462070930.574	 129.991669	 -1.000000	 15.000000	 -15.847694	 -27.525436	 -1.654259	 1
1462070930.594	 129.958481	 -1.000000	 15.000000	 -16.159901	 -27.352570	 -1.821266	 1
1462070930.616	 129.927322	 -1.000000	 15.000000	 -16.090523	 -27.629150	 -1.954872	 1
1462070930.633	 129.899872	 -1.000000	 15.000000	 -16.055832	 -27.802013	 -1.921471	 1
1462070930.653	 129.872574	 -1.000000	 15.000000	 -16.090523	 -27.767445	 -1.888073	 1
1462070930.681	 129.853622	 -1.000000	 15.000000	 -15.813004	 -27.905731	 -1.821278	 1
1462070930.693	 129.843887	 -1.000000	 15.000000	 -15.708937	 -28.147736	 -1.587471	 1
1462070930.714	 129.835754	 -1.000000	 15.000000	 -15.917072	 -28.147736	 -1.320267	 1
1462070930.734	 129.826721	 -1.000000	 15.000000	 -15.743626	 -28.182304	 -1.554070	 1
1462070930.754	 129.820328	 -1.000000	 15.000000	 -15.778315	 -28.286022	 -1.453869	 1
1462070930.774	 129.808243	 -1.000000	 15.000000	 -16.125212	 -28.216877	 -1.387070	 1
1462070930.800	 129.797348	 -1.000000	 15.000000	 -15.847694	 -28.216877	 -1.587471	 1
1462070930.814	 129.785629	 -1.000000	 15.000000	 -15.639557	 -28.147728	 -1.787880	 1
1462070930.835	 129.772781	 -1.000000	 15.000000	 -15.882383	 -28.251446	 -1.687675	 1
1462070930.860	 129.764053	 -1.000000	 15.000000	 -15.604866	 -28.389732	 -1.821278	 1
1462070930.875	 129.755569	 -1.000000	 15.000000	 -15.466108	 -28.528023	 -2.021679	 1
1462070930.896	 129.733521	 -1.000000	 15.000000	 -15.882383	 -28.320587	 -2.222084	 1
1462070930.920	 129.721786	 -1.000000	 15.000000	 -15.570175	 -28.286018	 -1.988281	 1
1462070930.936	 129.711258	 -1.000000	 15.000000	 -15.396729	 -27.974861	 -1.954884	 1
1462070930.956	 129.704178	 -1.000000	 15.000000	 -15.500801	 -28.147724	 -1.787880	 1
1462070930.979	 129.700455	 -1.000000	 15.000000	 -15.327351	 -27.974861	 -1.687675	 1
1462070930.996	 129.697693	 -1.000000	 15.000000	 -15.188593	 -27.767426	 -1.620876	 1
1462070931.016	 129.688614	 -1.000000	 15.000000	 -15.362040	 -27.801994	 -1.787880	 1
1462070931.038	 129.678589	 -1.000000	 15.000000	 -15.431419	 -27.940289	 -1.854675	 1
1462070931.057	 129.662460	 -1.000000	 15.000000	 -15.466108	 -27.490852	 -1.888073	 1
1462070931.081	 129.650696	 -1.000000	 15.000000	 -15.327351	 -27.490852	 -1.821270	 1
1462070931.099	 129.644485	 -1.000000	 15.000000	 -15.153904	 -27.732857	 -1.854675	 1
1462070931.128	 129.638306	 -1.000000	 15.000000	 -15.153904	 -27.594563	 -1.787880	 1
1462070931.141	 129.640274	 -1.000000	 15.000000	 -14.980453	 -27.698280	 -1.620876	 1
1462070931.160	 129.642715	 -1.000000	 15.000000	 -15.292662	 -28.078571	 -1.520676	 1
1462070931.187	 129.647110	 -1.000000	 15.000000	 -15.362040	 -28.009430	 -1.320274	 1
1462070931.209	 129.645126	 -1.000000	 15.000000	 -15.431419	 -27.940289	 -1.520676	 1
1462070931.230	 129.637207	 -1.000000	 15.000000	 -15.604868	 -28.044006	 -1.687675	 1
1462070931.248	 129.625793	 -1.000000	 15.000000	 -15.570179	 -28.009430	 -1.854675	 1
1462070931.268	 129.622086	 -1.000000	 15.000000	 -15.119211	 -27.905712	 -1.821278	 1
1462070931.289	 129.617081	 -1.000000	 15.000000	 -15.015144	 -27.940289	 -1.988281	 1
1462070931.310	 129.622772	 -1.000000	 15.000000	 -14.945765	 -28.078575	 -1.654274	 1
1462070931.328	 129.628204	 -1.000000	 15.000000	 -15.015144	 -27.940289	 -1.520668	 1
1462070931.349	 129.629364	 -1.000000	 15.000000	 -15.223282	 -27.871147	 -1.520668	 1
1462070931.369	 129.622513	 -1.000000	 15.000000	 -15.292664	 -27.732861	 -1.787872	 1
1462070931.389	 129.598175	 -1.000000	 15.000000	 -15.847696	 -27.802010	 -2.188679	 1
1462070931.409	 129.566055	 -1.000000	 15.000000	 -15.604868	 -27.421707	 -2.556080	 1
1462070931.430	 129.539520	 -1.000000	 15.000000	 -15.535490	 -27.421707	 -2.355675	 1
1462070931.450	 129.521240	 -1.000000	 15.000000	 -15.362040	 -27.525429	 -2.188671	 1
1462070931.471	 129.510162	 -1.000000	 15.000000	 -15.257969	 -27.767433	 -2.088470	 1
1462070931.490	 129.514023	 -1.000000	 15.000000	 -14.772316	 -27.767433	 -1.821266	 1
1462070931.510	 129.521088	 -1.000000	 15.000000	 -15.153900	 -28.286018	 -1.587463	 1
1462070931.530	 129.528458	 -1.000000	 15.000000	 -15.257969	 -28.597168	 -1.620865	 1
1462070931.551	 129.528885	 -1.000000	 15.000000	 -15.396729	 -28.458881	 -1.754467	 1
1462070931.571	 129.526703	 -1.000000	 15.000000	 -15.500801	 -28.216877	 -1.654266	 1
1462070931.591	 129.524216	 -1.000000	 15.000000	 -15.604868	 -28.182304	 -1.554066	 1
1462070931.612	 129.521164	 -1.000000	 15.000000	 -15.639557	 -28.009441	 -1.453865	 1
1462070931.632	 129.518143	 -1.000000	 15.000000	 -15.188593	 -27.560005	 -1.620865	 1
1462070931.651	 129.519089	 -1.000000	 15.000000	 -14.980453	 -27.629158	 -1.687664	 1
1462070931.698	 129.514938	 -1.000000	 15.000000	 -15.119211	 -27.421722	 -1.687664	 1
1462070931.698	 129.505127	 -1.000000	 15.000000	 -15.223282	 -27.248863	 -1.787865	 1
1462070931.714	 129.490570	 -1.000000	 15.000000	 -15.396729	 -27.283440	 -1.888069	 1
1462070931.734	 129.477173	 -1.000000	 15.000000	 -15.639557	 -27.387161	 -1.654266	 1
1462070931.756	 128.161987	 -1.000000	 15.000000	 -15.986454	 -27.318008	 -1.654266	 1
