% Compass data recorded with 'snsrlog'
% 
% 
% Label description:
% 	 0: Default Label
% 	 1: still_drop
% 	 2: walk_drop
% 	 3: other
% 	 4: dtw_same
% 	 5: dtw_diff
% 	 6: delete
% 	 7: steal
% 
% Column description:
% 	 1: Seconds.milliseconds since 1970
% 	 2: Magnetic heading in degrees starting at due north and continuing clockwise (e.g. east = 90) - negative values indicate invalid values
% 		 NOTE: True heading only provides valid values when GPS is activated at same time!
% 	 3: True heading in degrees starting at due north and continuing clockwise (e.g. east = 90) - negative values indicate invalid values
% 	 4: Error likelihood - negative values indicate invalid values
% 	 5: Geomagnetic data for the x-axis measured in microteslas
% 	 6: Geomagnetic data for the y-axis measured in microteslas
% 	 7: Geomagnetic data for the z-axis measured in microteslas
% 	 8: Label used for the current sample
% 
% 
1463629217.007	 40.113190	 -1.000000	 25.000000	 -13.217018	 7.739883	 -42.950958	 2
1463629217.029	 39.754543	 -1.000000	 25.000000	 -12.667765	 7.595825	 -42.923126	 2
1463629217.049	 39.746151	 -1.000000	 25.000000	 -12.823866	 7.716827	 -42.906433	 2
1463629217.077	 40.041027	 -1.000000	 25.000000	 -12.546349	 7.301971	 -43.106842	 2
1463629217.097	 40.487499	 -1.000000	 25.000000	 -12.234142	 6.852524	 -43.407410	 2
1463629217.119	 40.538116	 -1.000000	 25.000000	 -11.991314	 6.956238	 -43.708038	 2
1463629217.137	 40.626389	 -1.000000	 25.000000	 -11.852556	 6.610519	 -44.042023	 2
1463629217.156	 40.319683	 -1.000000	 25.000000	 -11.124073	 6.022781	 -44.476227	 2
1463629217.185	 40.047924	 -1.000000	 25.000000	 -10.499660	 5.607925	 -44.476227	 2
1463629217.197	 40.006176	 -1.000000	 25.000000	 -9.667110	 5.123917	 -44.476227	 2
1463629217.218	 39.885586	 -1.000000	 25.000000	 -9.042696	 4.432465	 -44.810211	 2
1463629217.245	 38.716816	 -1.000000	 25.000000	 -8.314213	 4.052170	 -44.910400	 2
1463629217.257	 36.552631	 -1.000000	 25.000000	 -8.002010	 4.155884	 -44.943787	 2
1463629217.278	 36.271366	 -1.000000	 25.000000	 -7.967320	 4.121323	 -44.843597	 2
1463629217.298	 36.549568	 -1.000000	 25.000000	 -8.730492	 4.397888	 -44.709991	 2
1463629217.318	 36.745808	 -1.000000	 25.000000	 -9.528353	 4.985626	 -44.409424	 2
1463629217.338	 36.935616	 -1.000000	 25.000000	 -10.326214	 5.642502	 -44.309235	 2
1463629217.363	 37.310295	 -1.000000	 25.000000	 -10.603727	 5.642502	 -44.175629	 2
1463629217.379	 37.288113	 -1.000000	 25.000000	 -10.326210	 6.057373	 -44.242432	 2
1463629217.399	 35.977077	 -1.000000	 25.000000	 -8.799868	 5.849930	 -44.509613	 2
1463629217.423	 34.271729	 -1.000000	 25.000000	 -6.857250	 5.919083	 -45.044006	 2
1463629217.439	 32.533157	 -1.000000	 25.000000	 -4.671803	 5.884521	 -45.344604	 2
1463629217.461	 31.668400	 -1.000000	 25.000000	 -2.451668	 6.230240	 -45.411377	 2
1463629217.482	 28.985729	 -1.000000	 25.000000	 -0.023396	 6.852554	 -45.544983	 2
1463629217.500	 27.784977	 -1.000000	 25.000000	 1.884532	 8.477463	 -45.377960	 2
1463629217.522	 26.340982	 -1.000000	 25.000000	 4.382185	 9.791199	 -44.509552	 2
1463629217.540	 23.001104	 -1.000000	 25.000000	 6.775771	 11.554382	 -43.206940	 2
1463629217.561	 22.260530	 -1.000000	 25.000000	 9.793767	 13.041016	 -41.904327	 2
1463629217.582	 25.814501	 -1.000000	 25.000000	 13.089281	 14.735062	 -40.000488	 2
1463629217.603	 21.759996	 -1.000000	 25.000000	 17.147966	 15.668518	 -37.495453	 2
1463629217.621	 23.322010	 -1.000000	 25.000000	 21.276030	 16.878555	 -34.322418	 2
1463629217.643	 23.456650	 -1.000000	 25.000000	 25.057198	 17.812012	 -30.414551	 2
1463629217.663	 18.435207	 -1.000000	 25.000000	 28.318022	 19.194916	 -25.738464	 2
1463629217.683	 27.717871	 -1.000000	 25.000000	 30.399401	 20.716110	 -21.195984	 2
1463629217.702	 33.593342	 -1.000000	 25.000000	 31.301329	 23.551041	 -16.853912	 2
1463629217.724	 31.850885	 -1.000000	 25.000000	 30.746294	 26.178558	 -13.179871	 2
1463629217.752	 48.494019	 -1.000000	 25.000000	 29.219950	 29.359222	 -10.507843	 2
1463629217.763	 60.797211	 -1.000000	 25.000000	 27.242640	 32.505310	 -8.737610	 2
1463629217.783	 61.157791	 -1.000000	 25.000000	 24.849054	 35.098267	 -7.568604	 2
1463629217.814	 79.957649	 -1.000000	 25.000000	 21.935129	 36.896027	 -7.434998	 2
1463629217.825	 86.206512	 -1.000000	 25.000000	 18.778378	 38.451782	 -7.668793	 2
1463629217.846	 85.931015	 -1.000000	 25.000000	 15.899137	 39.869263	 -8.102966	 2
1463629217.873	 87.031204	 -1.000000	 25.000000	 12.707695	 40.975571	 -9.104980	 2
1463629217.885	 87.881264	 -1.000000	 25.000000	 10.071285	 41.667023	 -10.440979	 2
1463629217.904	 87.621872	 -1.000000	 25.000000	 7.920527	 41.943604	 -11.509796	 2
1463629217.933	 90.289124	 -1.000000	 25.000000	 6.255424	 42.496765	 -12.712250	 2
1463629217.946	 91.698639	 -1.000000	 25.000000	 4.625011	 42.323898	 -14.282074	 2
1463629217.964	 91.606819	 -1.000000	 25.000000	 3.063979	 42.635056	 -14.916656	 2
1463629217.992	 92.770882	 -1.000000	 25.000000	 1.225429	 43.222778	 -14.549255	 2
1463629218.005	 89.895981	 -1.000000	 25.000000	 -0.786571	 43.775940	 -14.415649	 2
1463629218.025	 84.152527	 -1.000000	 25.000000	 -3.006706	 44.190796	 -14.282043	 2
1463629218.052	 77.524200	 -1.000000	 25.000000	 -4.775875	 44.916824	 -13.781036	 2
1463629218.075	 72.318100	 -1.000000	 25.000000	 -6.510356	 44.847672	 -13.714233	 2
1463629218.094	 70.267426	 -1.000000	 25.000000	 -7.863252	 44.605667	 -14.148438	 2
1463629218.114	 70.236961	 -1.000000	 25.000000	 -9.250835	 44.467377	 -14.816437	 2
1463629218.141	 72.518326	 -1.000000	 25.000000	 -10.222141	 43.983368	 -16.018860	 2
1463629218.155	 80.446632	 -1.000000	 25.000000	 -10.707798	 42.877045	 -17.288086	 2
1463629218.175	 82.535393	 -1.000000	 25.000000	 -10.846560	 41.839874	 -19.492523	 2
1463629218.201	 88.797478	 -1.000000	 25.000000	 -10.360903	 40.456970	 -22.097778	 2
1463629218.215	 99.904488	 -1.000000	 25.000000	 -9.320217	 38.866638	 -24.368988	 2
1463629218.236	 102.709526	 -1.000000	 25.000000	 -8.244841	 37.310883	 -26.540039	 2
1463629218.263	 107.238647	 -1.000000	 25.000000	 -7.620427	 36.204559	 -28.811279	 2
1463629218.276	 111.643768	 -1.000000	 25.000000	 -6.579738	 35.029099	 -30.347687	 2
1463629218.297	 112.978096	 -1.000000	 25.000000	 -5.573741	 34.579651	 -31.516693	 2
1463629218.317	 113.625214	 -1.000000	 25.000000	 -4.394291	 33.888214	 -32.719147	 2
1463629218.337	 112.993217	 -1.000000	 25.000000	 -2.659810	 33.611633	 -33.186737	 2
1463629218.357	 112.369942	 -1.000000	 25.000000	 -0.092778	 32.643616	 -33.520752	 2
1463629218.385	 111.935684	 -1.000000	 25.000000	 2.300807	 32.194168	 -33.821350	 2
1463629218.437	 111.746513	 -1.000000	 25.000000	 4.694393	 31.952164	 -33.587555	 2
1463629218.437	 111.227913	 -1.000000	 25.000000	 6.775767	 32.297897	 -32.719116	 2
1463629218.437	 109.995453	 -1.000000	 25.000000	 8.371489	 32.159607	 -32.117889	 2
1463629218.459	 105.727776	 -1.000000	 25.000000	 9.204039	 33.404221	 -31.449860	 2
1463629218.480	 99.613159	 -1.000000	 25.000000	 9.308107	 34.890839	 -30.080475	 2
1463629218.499	 94.800140	 -1.000000	 25.000000	 8.510246	 36.170029	 -29.111847	 2
1463629218.519	 92.225037	 -1.000000	 25.000000	 7.400179	 37.622070	 -28.043060	 2
1463629218.539	 91.361763	 -1.000000	 25.000000	 6.186043	 39.523544	 -26.673645	 2
1463629218.559	 92.794792	 -1.000000	 25.000000	 5.284114	 40.560715	 -25.137238	 2
1463629218.578	 96.424767	 -1.000000	 25.000000	 5.006597	 41.182999	 -23.801208	 2
1463629218.599	 101.344734	 -1.000000	 25.000000	 5.561629	 41.736145	 -22.197998	 2
1463629218.619	 105.368965	 -1.000000	 25.000000	 6.359489	 42.116455	 -20.561371	 2
1463629218.639	 106.221909	 -1.000000	 25.000000	 7.261421	 42.738770	 -18.423737	 2
1463629218.659	 105.935287	 -1.000000	 25.000000	 8.302111	 43.706787	 -16.152496	 2
1463629218.679	 106.774429	 -1.000000	 25.000000	 9.273420	 44.329102	 -14.014862	 2
1463629218.700	 108.300682	 -1.000000	 25.000000	 9.759077	 44.674805	 -11.342834	 2
1463629218.722	 109.732712	 -1.000000	 25.000000	 10.730389	 44.951385	 -9.004791	 2
1463629218.740	 106.743668	 -1.000000	 25.000000	 11.528249	 44.709381	 -7.501770	 2
1463629218.761	 106.209702	 -1.000000	 25.000000	 12.048592	 44.467377	 -6.265961	 2
1463629218.782	 103.115570	 -1.000000	 25.000000	 12.464867	 44.743958	 -5.063538	 2
1463629218.800	 102.595108	 -1.000000	 25.000000	 12.950520	 44.951385	 -4.595947	 2
1463629218.821	 102.367310	 -1.000000	 25.000000	 12.673002	 44.882248	 -4.395538	 2
1463629218.842	 102.704422	 -1.000000	 25.000000	 13.019899	 45.089676	 -4.195099	 2
1463629218.865	 98.558678	 -1.000000	 25.000000	 15.176348	 45.473175	 -4.543091	 2
1463629218.882	 101.782852	 -1.000000	 25.000000	 14.829473	 45.265762	 -5.344757	 2
1463629218.902	 104.615601	 -1.000000	 25.000000	 14.205097	 45.334915	 -6.547211	 2
1463629218.925	 105.038223	 -1.000000	 25.000000	 13.684786	 45.507736	 -7.716309	 2
1463629218.942	 112.379494	 -1.000000	 25.000000	 12.297286	 45.507736	 -9.119202	 2
1463629218.962	 116.834251	 -1.000000	 25.000000	 10.805724	 45.473190	 -10.221466	 2
1463629218.983	 116.849533	 -1.000000	 25.000000	 9.661037	 45.853424	 -10.522125	 2
1463629219.003	 120.513489	 -1.000000	 25.000000	 8.724477	 45.611435	 -10.355072	 2
1463629219.023	 123.552971	 -1.000000	 25.000000	 8.273540	 45.853409	 -9.854034	 2
1463629219.045	 123.495880	 -1.000000	 25.000000	 8.100101	 46.095398	 -9.018982	 2
1463629219.074	 119.402733	 -1.000000	 25.000000	 8.308228	 46.095398	 -8.217346	 2
1463629219.085	 117.001472	 -1.000000	 25.000000	 8.134791	 45.922562	 -7.582703	 2
1463629219.105	 116.323997	 -1.000000	 25.000000	 8.134791	 46.613922	 -6.981445	 2
1463629219.133	 121.472046	 -1.000000	 25.000000	 7.510416	 46.821335	 -7.181854	 2
1463629219.146	 123.981346	 -1.000000	 25.000000	 6.920731	 46.717621	 -7.682892	 2
1463629219.167	 123.851807	 -1.000000	 25.000000	 6.122916	 46.475647	 -8.183929	 2
1463629219.193	 122.706680	 -1.000000	 25.000000	 5.533227	 46.579346	 -9.152557	 2
1463629219.206	 122.230530	 -1.000000	 25.000000	 4.527289	 46.268234	 -10.588898	 2
1463629219.226	 122.925270	 -1.000000	 25.000000	 3.625416	 46.060837	 -11.657745	 2
1463629219.252	 122.853539	 -1.000000	 25.000000	 2.446043	 45.784286	 -12.593018	 2
1463629219.266	 122.375275	 -1.000000	 25.000000	 1.058546	 45.784286	 -13.728668	 2
1463629219.287	 122.257248	 -1.000000	 25.000000	 -0.259580	 45.092926	 -14.663910	 2
1463629219.312	 122.838882	 -1.000000	 25.000000	 -1.473641	 44.297852	 -15.833038	 2
1463629219.334	 124.079628	 -1.000000	 25.000000	 -2.583641	 43.813919	 -16.835052	 2
1463629219.354	 125.540421	 -1.000000	 25.000000	 -3.763018	 43.329956	 -17.903931	 2
1463629219.376	 126.690811	 -1.000000	 25.000000	 -4.734269	 42.915146	 -19.240021	 2
1463629219.388	 126.963173	 -1.000000	 25.000000	 -6.052392	 42.915146	 -20.108459	 2
1463629219.408	 127.091545	 -1.000000	 25.000000	 -7.370518	 42.776886	 -20.442474	 2
1463629219.431	 127.073112	 -1.000000	 25.000000	 -9.070205	 42.258362	 -20.743042	 2
1463629219.448	 126.933037	 -1.000000	 25.000000	 -10.388328	 42.534897	 -20.943451	 2
1463629219.469	 126.309525	 -1.000000	 25.000000	 -11.914577	 42.396637	 -20.809845	 2
1463629219.489	 125.619736	 -1.000000	 25.000000	 -13.579577	 41.843536	 -21.010254	 2
1463629219.509	 124.916328	 -1.000000	 25.000000	 -14.897700	 41.290451	 -20.609436	 2
1463629219.532	 124.557320	 -1.000000	 25.000000	 -16.077076	 40.875641	 -20.075012	 2
1463629219.551	 124.190674	 -1.000000	 25.000000	 -17.603321	 40.115158	 -19.206573	 2
1463629219.571	 123.625076	 -1.000000	 25.000000	 -18.609261	 39.873184	 -17.837067	 2
1463629219.592	 122.857346	 -1.000000	 25.000000	 -18.886757	 39.873184	 -16.300568	 2
1463629219.613	 122.881760	 -1.000000	 25.000000	 -18.782696	 40.115158	 -15.532349	 2
1463629219.632	 124.136848	 -1.000000	 25.000000	 -17.533951	 40.460846	 -14.931122	 2
1463629219.656	 126.124344	 -1.000000	 25.000000	 -15.556762	 40.910217	 -14.830902	 2
1463629219.679	 126.872086	 -1.000000	 25.000000	 -12.810278	 40.902222	 -14.395294	 2
1463629219.690	 126.661621	 -1.000000	 25.000000	 -10.312847	 41.317047	 -14.462097	 2
1463629219.711	 124.405014	 -1.000000	 25.000000	 -7.815413	 41.939255	 -14.061279	 2
1463629219.730	 121.591743	 -1.000000	 25.000000	 -5.491413	 42.388641	 -13.693817	 2
1463629219.751	 120.886284	 -1.000000	 25.000000	 -3.098038	 42.492340	 -12.791992	 2
1463629219.772	 120.082558	 -1.000000	 25.000000	 -0.878098	 42.630630	 -12.257538	 2
1463629219.795	 117.663727	 -1.000000	 25.000000	 1.029665	 42.457794	 -11.556091	 2
1463629219.820	 114.893166	 -1.000000	 25.000000	 2.625246	 42.457794	 -11.288849	 2
1463629219.832	 112.878746	 -1.000000	 25.000000	 3.700530	 42.423218	 -10.787842	 2
1463629219.852	 111.890007	 -1.000000	 25.000000	 4.463634	 42.284943	 -10.520630	 2
1463629219.872	 111.562325	 -1.000000	 25.000000	 5.157366	 41.939270	 -10.453827	 2
1463629219.892	 112.199417	 -1.000000	 25.000000	 5.816412	 41.766449	 -10.821228	 2
1463629219.912	 113.971252	 -1.000000	 25.000000	 6.475458	 41.455322	 -11.055084	 2
1463629219.932	 116.264191	 -1.000000	 25.000000	 6.857010	 41.075089	 -11.622925	 2
1463629219.952	 118.971535	 -1.000000	 25.000000	 7.065127	 41.005951	 -12.691772	 2
1463629219.973	 122.151695	 -1.000000	 25.000000	 6.926382	 40.660263	 -13.894287	 2
1463629219.993	 126.054611	 -1.000000	 25.000000	 6.752951	 40.418274	 -14.595734	 2
1463629220.013	 130.425949	 -1.000000	 25.000000	 6.302023	 40.245453	 -15.163574	 2
1463629220.033	 134.847443	 -1.000000	 25.000000	 5.955157	 40.591141	 -15.698029	 2
1463629220.053	 139.939163	 -1.000000	 25.000000	 5.712353	 40.141769	 -15.464172	 2
1463629220.074	 144.668518	 -1.000000	 25.000000	 6.059219	 40.487442	 -14.996521	 2
1463629220.095	 145.007599	 -1.000000	 25.000000	 6.232650	 40.522018	 -14.963104	 2
1463629220.125	 138.707611	 -1.000000	 25.000000	 6.926382	 40.383743	 -14.963104	 2
1463629220.135	 138.193680	 -1.000000	 25.000000	 7.377310	 40.072617	 -14.662506	 2
1463629220.155	 135.164307	 -1.000000	 25.000000	 7.966980	 40.176331	 -14.695892	 2
1463629220.175	 132.767792	 -1.000000	 25.000000	 8.071039	 40.003510	 -14.862915	 2
1463629220.195	 131.039795	 -1.000000	 25.000000	 7.972090	 39.731689	 -14.495300	 2
1463629220.218	 131.778503	 -1.000000	 25.000000	 7.590543	 39.558853	 -15.063110	 2
1463629220.239	 135.027771	 -1.000000	 25.000000	 7.278369	 39.040344	 -16.165375	 2
1463629220.257	 136.364273	 -1.000000	 25.000000	 6.272473	 38.798370	 -17.868866	 2
1463629220.283	 137.755493	 -1.000000	 25.000000	 5.405323	 38.487259	 -19.305145	 2
1463629220.306	 138.064468	 -1.000000	 25.000000	 4.468799	 37.968735	 -20.741455	 2
1463629220.318	 137.407379	 -1.000000	 25.000000	 2.769185	 37.588501	 -22.311340	 2
1463629220.337	 136.550949	 -1.000000	 25.000000	 1.034883	 37.173691	 -23.513824	 2
1463629220.366	 136.125427	 -1.000000	 25.000000	 -0.421928	 36.897141	 -24.916718	 2
1463629220.378	 136.705750	 -1.000000	 25.000000	 -2.121544	 36.032944	 -25.952148	 2
1463629220.397	 136.193924	 -1.000000	 25.000000	 -3.751788	 35.445297	 -27.054413	 2
1463629220.419	 136.103317	 -1.000000	 25.000000	 -5.208601	 34.753952	 -27.321594	 2
1463629220.436	 136.264618	 -1.000000	 25.000000	 -6.630729	 34.097168	 -27.889465	 2
1463629220.457	 135.231033	 -1.000000	 25.000000	 -8.399717	 33.232971	 -27.655670	 2
1463629220.478	 134.505234	 -1.000000	 25.000000	 -10.272762	 32.749039	 -28.123260	 2
1463629220.498	 133.678543	 -1.000000	 25.000000	 -12.076435	 32.334229	 -28.056458	 2
1463629220.518	 132.781479	 -1.000000	 25.000000	 -13.706682	 32.092239	 -28.423859	 2
1463629220.538	 132.173859	 -1.000000	 25.000000	 -15.198181	 31.573715	 -28.190033	 2
1463629220.560	 131.551605	 -1.000000	 25.000000	 -16.654993	 31.435455	 -27.789276	 2
1463629220.579	 130.356537	 -1.000000	 25.000000	 -18.225626	 32.493805	 -27.501556	 2
1463629220.604	 129.688141	 -1.000000	 25.000000	 -19.231508	 32.735779	 -26.466095	 2
1463629220.619	 129.042816	 -1.000000	 25.000000	 -19.786472	 33.427139	 -25.330475	 2
1463629220.639	 127.698410	 -1.000000	 25.000000	 -20.341438	 34.809845	 -23.927612	 2
1463629220.663	 126.833694	 -1.000000	 25.000000	 -19.508987	 36.192551	 -22.524750	 2
1463629220.679	 125.875015	 -1.000000	 25.000000	 -17.844084	 37.506104	 -20.921478	 2
1463629220.701	 126.579895	 -1.000000	 25.000000	 -15.381411	 38.577713	 -19.952850	 2
1463629220.723	 127.813019	 -1.000000	 25.000000	 -12.363775	 39.580170	 -18.984192	 2
1463629220.747	 130.986755	 -1.000000	 25.000000	 -9.033966	 40.133255	 -18.449768	 2
1463629220.769	 132.220367	 -1.000000	 25.000000	 -6.536612	 40.617188	 -17.380890	 2
1463629220.782	 133.344772	 -1.000000	 25.000000	 -4.420797	 41.135727	 -16.278625	 2
1463629220.801	 127.587479	 -1.000000	 25.000000	 -2.721210	 41.792511	 -15.376801	 2
1463629220.825	 123.258224	 -1.000000	 25.000000	 -1.299106	 42.034470	 -14.474976	 2
1463629220.843	 123.421432	 -1.000000	 25.000000	 0.365798	 42.311005	 -13.740143	 2
1463629220.872	 119.734489	 -1.000000	 25.000000	 2.446925	 42.311005	 -13.272522	 2
1463629220.885	 119.489388	 -1.000000	 25.000000	 4.701482	 42.069016	 -12.971893	 2
1463629220.902	 120.648727	 -1.000000	 25.000000	 6.574498	 41.792480	 -12.838287	 2
1463629220.932	 121.660530	 -1.000000	 25.000000	 8.274086	 41.619644	 -12.938477	 2
1463629220.944	 124.678413	 -1.000000	 25.000000	 9.557450	 41.515945	 -12.905090	 2
1463629220.961	 126.131363	 -1.000000	 25.000000	 10.771444	 41.343124	 -13.873749	 2
1463629220.982	 130.629944	 -1.000000	 25.000000	 11.707954	 40.548080	 -15.042786	 2
1463629221.002	 136.467438	 -1.000000	 25.000000	 13.268805	 39.683899	 -16.211853	 2
1463629221.026	 143.447937	 -1.000000	 25.000000	 14.621540	 38.404877	 -16.846497	 2
1463629221.048	 146.554840	 -1.000000	 25.000000	 16.390497	 37.125885	 -17.280701	 2
1463629221.071	 149.353806	 -1.000000	 25.000000	 18.402254	 35.812317	 -17.213867	 2
1463629221.082	 152.616379	 -1.000000	 25.000000	 20.240585	 35.086380	 -16.712891	 2
1463629221.112	 154.361877	 -1.000000	 25.000000	 22.113602	 34.464172	 -16.245239	 2
1463629221.132	 153.316986	 -1.000000	 25.000000	 23.743822	 33.945663	 -16.011444	 2
1463629221.152	 149.322174	 -1.000000	 25.000000	 24.576277	 33.185181	 -16.813080	 2
1463629221.172	 143.970764	 -1.000000	 25.000000	 25.027187	 32.113571	 -17.982086	 2
1463629221.193	 139.709915	 -1.000000	 25.000000	 25.582153	 31.214798	 -19.518585	 2
1463629221.213	 137.157150	 -1.000000	 25.000000	 25.582153	 29.970383	 -20.988220	 2
1463629221.235	 136.424377	 -1.000000	 25.000000	 25.478096	 28.760513	 -22.825317	 2
1463629221.258	 134.964828	 -1.000000	 25.000000	 25.304665	 28.311142	 -24.194763	 2
1463629221.281	 131.574966	 -1.000000	 25.000000	 24.610956	 28.103729	 -25.330414	 2
1463629221.294	 127.764381	 -1.000000	 25.000000	 23.882561	 27.930893	 -26.566284	 2
1463629221.314	 126.200912	 -1.000000	 25.000000	 23.119480	 27.861755	 -27.434692	 2
1463629221.334	 127.002106	 -1.000000	 25.000000	 22.529827	 27.827179	 -28.269745	 2
1463629221.354	 128.964355	 -1.000000	 25.000000	 22.078918	 27.446945	 -28.570343	 2
1463629221.374	 129.380692	 -1.000000	 25.000000	 21.974861	 27.550644	 -28.603760	 2
1463629221.397	 127.327477	 -1.000000	 25.000000	 21.558636	 27.135803	 -28.603760	 2
1463629221.421	 122.815208	 -1.000000	 25.000000	 21.073036	 27.204941	 -29.004578	 2
1463629221.435	 116.421165	 -1.000000	 25.000000	 20.448696	 27.274063	 -29.605835	 2
1463629221.455	 109.023804	 -1.000000	 25.000000	 20.032471	 26.928391	 -30.073456	 2
1463629221.475	 101.498077	 -1.000000	 25.000000	 19.963100	 26.375305	 -30.607910	 2
1463629221.497	 93.994164	 -1.000000	 25.000000	 20.032475	 26.029633	 -31.275940	 2
1463629221.515	 86.579216	 -1.000000	 25.000000	 20.067160	 25.372849	 -32.044159	 2
1463629221.536	 79.275352	 -1.000000	 25.000000	 20.032475	 24.992630	 -32.545197	 2
1463629221.560	 72.633636	 -1.000000	 25.000000	 19.581564	 24.266693	 -33.781036	 2
1463629221.583	 61.525284	 -1.000000	 25.000000	 18.471628	 23.367935	 -35.117096	 2
1463629221.605	 60.850338	 -1.000000	 25.000000	 17.188263	 22.365494	 -36.486542	 2
1463629221.636	 56.709229	 -1.000000	 25.000000	 15.800846	 21.190186	 -37.421753	 2
1463629221.638	 52.915825	 -1.000000	 25.000000	 14.725595	 19.219818	 -38.791229	 2
1463629221.660	 49.086086	 -1.000000	 25.000000	 13.823771	 17.698853	 -40.060486	 2
1463629221.681	 45.480476	 -1.000000	 25.000000	 12.679150	 16.005020	 -41.162720	 2
1463629221.697	 42.020172	 -1.000000	 25.000000	 12.193554	 14.345779	 -41.964355	 2
1463629221.719	 39.588718	 -1.000000	 25.000000	 11.707954	 12.617401	 -42.899597	 2
1463629221.743	 37.997314	 -1.000000	 25.000000	 10.840818	 11.476669	 -43.601013	 2
1463629221.757	 36.658810	 -1.000000	 25.000000	 9.938997	 10.301376	 -43.868225	 2
1463629221.780	 35.311985	 -1.000000	 25.000000	 9.037172	 9.126053	 -44.536224	 2
1463629221.799	 33.969955	 -1.000000	 25.000000	 7.753808	 8.054474	 -45.037262	 2
1463629221.818	 32.608582	 -1.000000	 25.000000	 6.470446	 7.259415	 -45.538269	 2
1463629221.838	 31.506176	 -1.000000	 25.000000	 5.325825	 6.395233	 -45.905701	 2
1463629221.865	 30.890814	 -1.000000	 25.000000	 4.111833	 5.807587	 -46.473511	 2
1463629221.878	 29.464247	 -1.000000	 25.000000	 3.314067	 5.427338	 -46.640503	 2
1463629221.898	 29.887033	 -1.000000	 25.000000	 2.377561	 4.701416	 -46.807495	 2
1463629221.925	 29.226122	 -1.000000	 25.000000	 1.961335	 4.148331	 -46.941101	 2
1463629221.939	 27.051971	 -1.000000	 25.000000	 1.649165	 3.629807	 -46.840881	 2
1463629221.959	 26.905645	 -1.000000	 25.000000	 1.545107	 3.249557	 -46.874298	 2
1463629221.979	 26.013582	 -1.000000	 25.000000	 1.753221	 2.834747	 -46.874298	 2
1463629222.000	 26.209764	 -1.000000	 25.000000	 2.218204	 3.054977	 -46.568542	 2
1463629222.020	 25.944324	 -1.000000	 25.000000	 1.524486	 3.124100	 -46.568542	 2
1463629222.044	 25.286919	 -1.000000	 25.000000	 0.865452	 3.366074	 -46.735535	 2
1463629222.060	 23.454889	 -1.000000	 25.000000	 0.032990	 3.296951	 -46.668732	 2
1463629222.081	 23.869577	 -1.000000	 25.000000	 -1.319761	 3.193237	 -46.768921	 2
1463629222.110	 22.605257	 -1.000000	 25.000000	 -2.360340	 3.054977	 -46.835724	 2
1463629222.133	 21.976545	 -1.000000	 25.000000	 -2.915317	 2.571030	 -46.969299	 2
1463629222.150	 21.540386	 -1.000000	 25.000000	 -3.227489	 2.121674	 -46.869110	 2
1463629222.172	 20.909655	 -1.000000	 25.000000	 -3.400918	 1.879684	 -47.036102	 2
1463629222.192	 20.188555	 -1.000000	 25.000000	 -3.504976	 1.568588	 -47.203094	 2
1463629222.211	 19.739416	 -1.000000	 25.000000	 -3.609033	 1.395737	 -47.303284	 2
1463629222.235	 19.515003	 -1.000000	 25.000000	 -3.574347	 1.568588	 -47.203094	 2
1463629222.253	 19.190226	 -1.000000	 25.000000	 -3.817149	 1.603149	 -47.236511	 2
1463629222.282	 19.068016	 -1.000000	 25.000000	 -3.713092	 1.637726	 -47.203094	 2
1463629222.296	 18.807467	 -1.000000	 15.000000	 -3.841757	 1.663986	 -47.215698	 2
1463629222.313	 19.067144	 -1.000000	 15.000000	 -3.911130	 1.525726	 -47.282501	 2
1463629222.342	 19.702835	 -1.000000	 15.000000	 -4.223306	 0.938080	 -47.583099	 2
1463629222.355	 20.248299	 -1.000000	 15.000000	 -4.362050	 0.523285	 -47.850250	 2
1463629222.372	 20.788319	 -1.000000	 15.000000	 -4.535485	 0.143051	 -47.950439	 2
1463629222.401	 21.151043	 -1.000000	 15.000000	 -4.674231	 0.281311	 -47.416107	 2
1463629222.418	 21.353985	 -1.000000	 15.000000	 -4.743604	 0.350449	 -47.082123	 2
1463629222.434	 20.936384	 -1.000000	 15.000000	 -4.951725	 0.626984	 -46.814941	 2
1463629222.453	 21.427006	 -1.000000	 15.000000	 -5.680140	 0.938080	 -46.447540	 2
1463629222.473	 21.899727	 -1.000000	 15.000000	 -6.165748	 1.352890	 -46.380737	 2
