% Compass data recorded with 'snsrlog'
% 
% 
% Label description:
% 	 0: Default Label
% 	 1: still_drop
% 	 2: walk_drop
% 	 3: other
% 	 4: dtw_same
% 	 5: dtw_diff
% 	 6: delete
% 
% Column description:
% 	 1: Seconds.milliseconds since 1970
% 	 2: Magnetic heading in degrees starting at due north and continuing clockwise (e.g. east = 90) - negative values indicate invalid values
% 		 NOTE: True heading only provides valid values when GPS is activated at same time!
% 	 3: True heading in degrees starting at due north and continuing clockwise (e.g. east = 90) - negative values indicate invalid values
% 	 4: Error likelihood - negative values indicate invalid values
% 	 5: Geomagnetic data for the x-axis measured in microteslas
% 	 6: Geomagnetic data for the y-axis measured in microteslas
% 	 7: Geomagnetic data for the z-axis measured in microteslas
% 	 8: Label used for the current sample
% 
% 
1462074325.238	 0.000000	 0.000000	 -1.000000	 1.429464	 0.000000	 1.826185	 2
1462074325.644	 174.931992	 -1.000000	 10.000000	 39.677368	 4.058891	 -19.556862	 2
1462074325.664	 176.404633	 -1.000000	 10.000000	 39.538612	 4.542900	 -20.224869	 2
1462074325.683	 178.131653	 -1.000000	 10.000000	 38.810127	 4.854057	 -20.525482	 2
1462074325.704	 179.454437	 -1.000000	 10.000000	 38.255096	 5.061493	 -21.327095	 2
1462074325.723	 180.492218	 -1.000000	 10.000000	 37.908199	 5.683792	 -21.995094	 2
1462074325.743	 180.961121	 -1.000000	 10.000000	 37.040955	 6.548103	 -23.230911	 2
1462074325.771	 181.439957	 -1.000000	 10.000000	 36.069649	 8.000145	 -24.032524	 2
1462074325.784	 181.665283	 -1.000000	 10.000000	 35.306473	 9.728775	 -25.234940	 2
1462074325.804	 181.945984	 -1.000000	 10.000000	 34.161720	 11.491974	 -26.003151	 2
1462074325.824	 183.481995	 -1.000000	 10.000000	 32.843513	 13.220596	 -26.537560	 2
1462074325.844	 186.610504	 -1.000000	 10.000000	 31.906893	 14.638069	 -26.771370	 2
1462074325.864	 190.061325	 -1.000000	 10.000000	 30.866203	 16.159256	 -27.439369	 2
1462074325.885	 193.345428	 -1.000000	 10.000000	 29.825514	 17.265572	 -27.439369	 2
1462074325.905	 195.661438	 -1.000000	 10.000000	 28.958273	 18.268173	 -27.405975	 2
1462074325.927	 197.656769	 -1.000000	 10.000000	 28.958273	 19.443619	 -27.272369	 2
1462074325.949	 199.769943	 -1.000000	 10.000000	 29.305168	 20.619087	 -26.270355	 2
1462074325.966	 201.303375	 -1.000000	 10.000000	 29.964272	 21.345108	 -25.168137	 2
1462074325.987	 202.271805	 -1.000000	 10.000000	 31.143719	 21.552544	 -23.698517	 2
1462074326.006	 202.903519	 -1.000000	 10.000000	 33.155716	 21.068527	 -21.560890	 2
1462074326.026	 203.003754	 -1.000000	 10.000000	 34.890198	 20.031357	 -18.955658	 2
1462074326.048	 201.884552	 -1.000000	 10.000000	 36.659370	 18.683029	 -16.651016	 2
1462074326.070	 201.500351	 -1.000000	 10.000000	 38.359161	 17.265556	 -13.678375	 2
1462074326.089	 201.969055	 -1.000000	 10.000000	 40.024261	 15.813522	 -11.340343	 2
1462074326.110	 202.720337	 -1.000000	 10.000000	 40.856812	 15.260361	 -9.603519	 2
1462074326.129	 201.712082	 -1.000000	 10.000000	 41.550606	 14.707199	 -8.735111	 2
1462074326.158	 199.264374	 -1.000000	 10.000000	 42.036263	 14.084892	 -8.534710	 2
1462074326.171	 196.784958	 -1.000000	 10.000000	 42.556606	 13.635445	 -8.568108	 2
1462074326.190	 193.799606	 -1.000000	 10.000000	 42.799431	 13.255142	 -8.467907	 2
1462074326.218	 190.829300	 -1.000000	 10.000000	 42.972878	 12.598274	 -8.100506	 2
1462074326.230	 188.890839	 -1.000000	 10.000000	 43.146324	 12.287125	 -7.065094	 2
1462074326.249	 190.459579	 -1.000000	 10.000000	 43.493225	 12.356277	 -5.328270	 2
1462074326.277	 191.414597	 -1.000000	 10.000000	 43.423843	 12.356277	 -3.858646	 2
1462074326.291	 194.427170	 -1.000000	 10.000000	 43.215706	 13.186020	 -2.188622	 2
1462074326.309	 203.380249	 -1.000000	 10.000000	 43.042259	 14.188614	 -0.752399	 2
1462074326.336	 204.798065	 -1.000000	 10.000000	 42.487228	 14.880074	 0.249615	 2
1462074326.350	 210.704346	 -1.000000	 10.000000	 41.862816	 15.917244	 1.852837	 2
1462074326.370	 223.623062	 -1.000000	 10.000000	 41.134331	 16.919846	 3.556259	 2
1462074326.393	 225.509644	 -1.000000	 10.000000	 40.544609	 17.645866	 4.124069	 2
1462074326.411	 229.157364	 -1.000000	 10.000000	 39.850815	 18.406464	 4.190868	 2
1462074326.430	 232.344009	 -1.000000	 10.000000	 39.503918	 19.374496	 3.522858	 2
1462074326.473	 229.230728	 -1.000000	 10.000000	 39.157021	 20.065933	 1.585632	 2
1462074326.483	 227.432938	 -1.000000	 10.000000	 38.844814	 21.068535	 -0.251396	 2
1462074326.491	 226.167252	 -1.000000	 10.000000	 38.567299	 22.105705	 -0.719002	 2
1462074326.513	 228.080002	 -1.000000	 10.000000	 38.393852	 23.315742	 -0.084393	 2
1462074326.531	 228.436172	 -1.000000	 10.000000	 37.457230	 24.802361	 0.884224	 2
1462074326.551	 231.741669	 -1.000000	 10.000000	 36.277782	 26.254410	 2.353844	 2
1462074326.576	 239.665375	 -1.000000	 10.000000	 35.063644	 27.948456	 2.921654	 2
1462074326.595	 239.729568	 -1.000000	 10.000000	 32.843513	 29.884514	 2.654449	 2
1462074326.639	 245.394791	 -1.000000	 10.000000	 30.762133	 31.889717	 1.919636	 2
1462074326.640	 248.966965	 -1.000000	 10.000000	 29.097033	 33.480049	 1.452026	 2
1462074326.674	 247.986893	 -1.000000	 10.000000	 27.605379	 34.551804	 -0.117794	 2
1462074326.694	 257.104218	 -1.000000	 10.000000	 26.252483	 35.554398	 -1.153210	 2
1462074326.698	 262.384125	 -1.000000	 10.000000	 25.870897	 36.072998	 -2.455826	 2
1462074326.714	 262.161194	 -1.000000	 10.000000	 25.454622	 36.280426	 -3.992252	 2
1462074326.734	 266.228058	 -1.000000	 10.000000	 24.830208	 36.349564	 -5.595474	 2
1462074326.755	 267.448639	 -1.000000	 10.000000	 24.518002	 36.868164	 -6.564091	 2
1462074326.774	 266.998169	 -1.000000	 10.000000	 24.067036	 36.971863	 -7.599503	 2
1462074326.794	 266.524933	 -1.000000	 10.000000	 23.442627	 36.971863	 -8.601517	 2
1462074326.814	 265.606903	 -1.000000	 10.000000	 22.922283	 37.075577	 -9.970940	 2
1462074326.835	 264.353638	 -1.000000	 10.000000	 22.159111	 36.799011	 -11.841362	 2
1462074326.854	 264.269775	 -1.000000	 10.000000	 20.528702	 36.695282	 -13.811993	 2
1462074326.874	 264.231873	 -1.000000	 10.000000	 19.245186	 36.591568	 -15.916214	 2
1462074326.895	 262.954193	 -1.000000	 10.000000	 17.649462	 36.868164	 -17.653046	 2
1462074326.917	 263.536743	 -1.000000	 10.000000	 15.810912	 36.626144	 -18.955666	 2
1462074326.941	 262.999023	 -1.000000	 10.000000	 14.631466	 36.902710	 -19.690468	 2
1462074326.956	 261.467438	 -1.000000	 10.000000	 13.729534	 37.041016	 -20.558876	 2
1462074326.978	 261.604462	 -1.000000	 10.000000	 13.001052	 37.490448	 -20.458687	 2
1462074326.996	 262.048157	 -1.000000	 10.000000	 12.688845	 37.663300	 -19.556862	 2
1462074327.016	 263.014435	 -1.000000	 10.000000	 12.966359	 38.147324	 -18.354446	 2
1462074327.037	 258.459564	 -1.000000	 10.000000	 13.521392	 38.977051	 -16.283623	 2
1462074327.060	 252.392563	 -1.000000	 11.000000	 15.047734	 39.322769	 -12.943573	 2
1462074327.077	 249.021271	 -1.000000	 11.000000	 16.678146	 39.426498	 -9.302921	 2
1462074327.097	 250.122284	 -1.000000	 11.000000	 18.204491	 39.495651	 -6.029678	 2
1462074327.117	 253.873718	 -1.000000	 11.000000	 19.349247	 39.668503	 -2.723034	 2
1462074327.137	 254.381409	 -1.000000	 11.000000	 20.632767	 39.357361	 -0.752407	 2
1462074327.157	 263.261719	 -1.000000	 11.000000	 21.291870	 39.461060	 -0.050995	 2
1462074327.181	 264.463531	 -1.000000	 11.000000	 21.812212	 39.219055	 -0.017593	 2
1462074327.208	 256.260590	 -1.000000	 11.000000	 22.748829	 38.977051	 -0.384998	 2
1462074327.220	 249.710510	 -1.000000	 11.000000	 23.616074	 38.458450	 -0.685604	 2
1462074327.239	 247.413391	 -1.000000	 11.000000	 23.754829	 38.320160	 -0.418400	 2
1462074327.268	 247.097351	 -1.000000	 11.000000	 24.309864	 37.766998	 0.917618	 2
1462074327.281	 247.619720	 -1.000000	 11.000000	 24.344559	 37.870728	 2.287037	 2
1462074327.299	 249.659271	 -1.000000	 11.000000	 24.413937	 37.870728	 4.023865	 2
1462074327.328	 252.745575	 -1.000000	 11.000000	 24.760834	 37.870728	 5.560287	 2
1462074327.340	 255.951050	 -1.000000	 11.000000	 24.899593	 37.524994	 7.230312	 2
1462074327.359	 259.215057	 -1.000000	 11.000000	 24.413937	 37.732422	 8.432728	 2
1462074327.387	 262.824524	 -1.000000	 11.000000	 24.136417	 37.732422	 9.100739	 2
1462074327.400	 266.389648	 -1.000000	 11.000000	 23.477318	 37.836151	 9.534943	 2
1462074327.420	 271.387421	 -1.000000	 11.000000	 22.956972	 37.801575	 9.969151	 2
1462074327.447	 276.329987	 -1.000000	 11.000000	 22.887590	 37.594147	 10.503559	 2
1462074327.461	 273.204895	 -1.000000	 11.000000	 22.922279	 37.352142	 10.870968	 2
1462074327.481	 274.439453	 -1.000000	 11.000000	 23.130417	 37.144714	 11.138168	 2
1462074327.503	 275.828491	 -1.000000	 11.000000	 23.407930	 36.937271	 11.472176	 2
1462074327.521	 275.226501	 -1.000000	 11.000000	 23.546692	 36.798981	 11.806179	 2
1462074327.542	 274.116394	 -1.000000	 11.000000	 23.477312	 36.937271	 12.006580	 2
1462074327.563	 275.062286	 -1.000000	 11.000000	 23.338554	 36.798981	 11.872978	 2
1462074327.642	 275.392426	 -1.000000	 11.000000	 23.061039	 36.729843	 12.273785	 2
1462074327.645	 274.978333	 -1.000000	 11.000000	 23.095730	 36.626114	 12.173584	 2
1462074327.645	 276.728790	 -1.000000	 11.000000	 22.714144	 36.868118	 11.538975	 2
1462074327.665	 275.475555	 -1.000000	 11.000000	 22.922283	 37.075562	 10.269756	 2
1462074327.688	 275.305969	 -1.000000	 11.000000	 22.401939	 37.524994	 9.167542	 2
1462074327.698	 270.019348	 -1.000000	 11.000000	 21.916283	 37.870728	 7.697918	 2
1462074327.713	 270.374207	 -1.000000	 11.000000	 21.257183	 38.251022	 5.927689	 2
1462074327.733	 270.422241	 -1.000000	 11.000000	 20.771526	 38.873322	 4.190865	 2
1462074327.753	 275.687653	 -1.000000	 11.000000	 19.904284	 39.461060	 2.554241	 2
1462074327.773	 276.570435	 -1.000000	 11.000000	 20.112419	 39.875916	 0.683811	 2
1462074327.795	 276.689880	 -1.000000	 11.000000	 20.181797	 40.221649	 -1.453812	 2
1462074327.815	 270.419525	 -1.000000	 11.000000	 20.216488	 40.671082	 -2.890030	 2
1462074327.845	 268.157043	 -1.000000	 11.000000	 19.488007	 40.636520	 -4.259453	 2
1462074327.854	 267.850830	 -1.000000	 11.000000	 19.418627	 40.774796	 -5.528667	 2
1462074327.874	 268.659729	 -1.000000	 11.000000	 18.586077	 40.774796	 -6.864685	 2
1462074327.897	 268.874054	 -1.000000	 11.000000	 17.996355	 40.325363	 -7.966900	 2
1462074327.914	 268.903046	 -1.000000	 11.000000	 17.302563	 39.979645	 -9.236118	 2
1462074327.934	 268.542664	 -1.000000	 11.000000	 17.198494	 39.599350	 -10.538738	 2
1462074327.955	 268.477570	 -1.000000	 11.000000	 16.504702	 39.391907	 -11.407146	 2
1462074327.975	 268.468750	 -1.000000	 11.000000	 16.296562	 39.115326	 -12.475964	 2
1462074327.995	 268.892120	 -1.000000	 11.000000	 16.192493	 39.426483	 -13.043774	 2
1462074328.015	 269.611603	 -1.000000	 11.000000	 15.810909	 39.391907	 -13.811981	 2
1462074328.036	 269.708984	 -1.000000	 11.000000	 15.533391	 39.530212	 -14.479988	 2
1462074328.057	 268.758453	 -1.000000	 11.000000	 15.186495	 39.115356	 -15.415199	 2
1462074328.076	 266.496124	 -1.000000	 11.000000	 15.117116	 39.253647	 -15.014397	 2
1462074328.096	 266.189941	 -1.000000	 11.000000	 15.568081	 39.219070	 -14.312996	 2
1462074328.117	 260.020203	 -1.000000	 11.000000	 16.782215	 39.115356	 -12.275566	 2
1462074328.141	 259.185211	 -1.000000	 11.000000	 18.551388	 38.942490	 -8.968918	 2
1462074328.157	 254.824310	 -1.000000	 11.000000	 20.736834	 38.977066	 -5.127861	 2
1462074328.178	 256.417114	 -1.000000	 11.000000	 22.887590	 38.147339	 -1.453808	 2
1462074328.198	 260.414703	 -1.000000	 11.000000	 24.518002	 37.213882	 1.986443	 2
1462074328.217	 260.955719	 -1.000000	 11.000000	 25.905586	 36.384155	 4.591679	 2
1462074328.238	 263.292572	 -1.000000	 11.000000	 27.154415	 35.208679	 5.593693	 2
1462074328.260	 263.608826	 -1.000000	 11.000000	 28.195105	 34.102364	 6.261703	 2
1462074328.278	 258.863678	 -1.000000	 11.000000	 29.062344	 33.238052	 6.695908	 2
1462074328.298	 255.605942	 -1.000000	 11.000000	 29.929586	 32.512032	 6.862915	 2
1462074328.320	 252.686249	 -1.000000	 11.000000	 30.623379	 31.682297	 7.063316	 2
1462074328.349	 250.499191	 -1.000000	 11.000000	 31.247789	 31.198288	 7.864929	 2
1462074328.361	 249.768890	 -1.000000	 11.000000	 31.525307	 30.575981	 8.866943	 2
1462074328.380	 250.264481	 -1.000000	 11.000000	 31.906893	 30.195686	 9.501549	 2
1462074328.409	 251.302307	 -1.000000	 11.000000	 32.392548	 29.988251	 9.902355	 2
1462074328.421	 252.651703	 -1.000000	 11.000000	 32.808823	 30.126534	 10.570362	 2
1462074328.440	 254.406937	 -1.000000	 11.000000	 32.635376	 30.299393	 10.336563	 2
1462074328.468	 256.350372	 -1.000000	 11.000000	 32.219101	 30.575974	 9.134144	 2
1462074328.481	 258.104889	 -1.000000	 11.000000	 32.115032	 30.956268	 8.031929	 2
1462074328.501	 258.923889	 -1.000000	 11.000000	 32.010963	 30.645111	 6.996513	 2
1462074328.528	 257.560669	 -1.000000	 11.000000	 31.698757	 30.403107	 5.426693	 2
1462074328.540	 252.920425	 -1.000000	 11.000000	 32.288479	 29.953659	 4.524876	 2
1462074328.560	 250.561981	 -1.000000	 11.000000	 33.467926	 29.123917	 4.124069	 2
1462074328.587	 249.382507	 -1.000000	 11.000000	 34.404549	 28.190460	 3.489460	 2
1462074328.602	 245.866928	 -1.000000	 11.000000	 35.063644	 27.810165	 3.389259	 2
1462074328.630	 241.319366	 -1.000000	 11.000000	 35.930885	 27.084152	 3.021851	 2
1462074328.655	 237.542084	 -1.000000	 11.000000	 36.104336	 26.703850	 3.122055	 2
1462074328.677	 237.030884	 -1.000000	 11.000000	 36.208405	 26.530991	 3.689861	 2
1462074328.691	 237.561615	 -1.000000	 11.000000	 36.208405	 26.876701	 4.424671	 2
1462074328.712	 238.413452	 -1.000000	 11.000000	 35.965576	 27.049568	 4.524872	 2
1462074328.734	 240.193909	 -1.000000	 11.000000	 35.653374	 27.360710	 4.625076	 2
1462074328.752	 240.434875	 -1.000000	 11.000000	 35.271786	 27.810150	 3.790066	 2
1462074328.772	 242.319336	 -1.000000	 11.000000	 34.820824	 28.743607	 2.153442	 2
1462074328.794	 243.129303	 -1.000000	 11.000000	 33.918892	 29.158478	 -0.251389	 2
1462074328.813	 243.238922	 -1.000000	 11.000000	 33.121029	 29.815353	 -2.823227	 2
1462074328.833	 241.515900	 -1.000000	 11.000000	 32.219101	 30.437653	 -5.094463	 2
1462074328.856	 240.072479	 -1.000000	 11.000000	 31.525307	 30.783371	 -7.098492	 2
1462074328.873	 239.877136	 -1.000000	 11.000000	 30.519308	 31.163666	 -8.467911	 2
1462074328.895	 240.397781	 -1.000000	 11.000000	 29.478619	 31.716812	 -9.336319	 2
1462074328.913	 241.757965	 -1.000000	 11.000000	 28.368551	 31.855095	 -10.004326	 2
1462074328.935	 241.942047	 -1.000000	 11.000000	 27.466621	 32.615692	 -11.073135	 2
1462074328.956	 245.342911	 -1.000000	 11.000000	 26.321865	 33.203423	 -11.841351	 2
1462074328.975	 246.972641	 -1.000000	 11.000000	 25.211796	 33.410858	 -13.310966	 2
1462074328.995	 247.193192	 -1.000000	 11.000000	 24.136417	 33.168854	 -14.680389	 2
1462074329.014	 247.515076	 -1.000000	 11.000000	 23.650761	 33.307144	 -16.350410	 2
1462074329.035	 247.248032	 -1.000000	 11.000000	 22.887590	 32.684845	 -17.552826	 2
1462074329.058	 247.211899	 -1.000000	 11.000000	 22.089729	 32.650276	 -18.588234	 2
1462074329.077	 246.193024	 -1.000000	 11.000000	 21.291870	 32.684845	 -19.289650	 2
1462074329.096	 245.674011	 -1.000000	 11.000000	 20.598080	 33.099716	 -20.091255	 2
1462074329.116	 245.603760	 -1.000000	 11.000000	 19.141115	 33.583733	 -20.625664	 2
1462074329.137	 243.078506	 -1.000000	 11.000000	 17.857597	 34.309761	 -20.993073	 2
1462074329.157	 239.527008	 -1.000000	 11.000000	 17.233185	 34.724625	 -21.126671	 2
1462074329.176	 239.046356	 -1.000000	 11.000000	 17.094425	 34.932068	 -20.659065	 2
1462074329.199	 228.190399	 -1.000000	 11.000000	 18.100422	 35.104919	 -19.156044	 2
1462074329.216	 221.266541	 -1.000000	 11.000000	 20.389940	 34.482620	 -17.085220	 2
1462074329.236	 220.329498	 -1.000000	 11.000000	 23.130419	 33.964035	 -14.847389	 2
1462074329.258	 218.565643	 -1.000000	 11.000000	 25.905586	 32.788567	 -12.642960	 2
1462074329.277	 220.086258	 -1.000000	 11.000000	 28.611376	 31.405670	 -10.906132	 2
1462074329.297	 220.292053	 -1.000000	 11.000000	 30.762133	 29.953629	 -9.770512	 2
1462074329.318	 220.422806	 -1.000000	 11.000000	 32.253784	 29.227615	 -9.002300	 2
1462074329.338	 218.298782	 -1.000000	 11.000000	 33.433235	 27.844719	 -8.467888	 2
1462074329.359	 215.204147	 -1.000000	 11.000000	 34.612686	 27.084122	 -7.933475	 2
1462074329.378	 212.354797	 -1.000000	 11.000000	 35.896202	 26.288956	 -7.165264	 2
1462074329.398	 210.550018	 -1.000000	 11.000000	 36.728752	 25.459221	 -6.163250	 2
1462074329.418	 210.305771	 -1.000000	 11.000000	 37.665371	 24.456619	 -4.927433	 2
1462074329.438	 211.301788	 -1.000000	 11.000000	 38.289780	 23.765182	 -3.324211	 2
1462074329.458	 213.332947	 -1.000000	 11.000000	 38.671368	 22.970016	 -1.821190	 2
1462074329.479	 213.607849	 -1.000000	 11.000000	 38.567299	 23.073738	 -0.451767	 2
1462074329.499	 219.580399	 -1.000000	 11.000000	 38.636681	 23.350311	 0.283043	 2
1462074329.522	 220.388687	 -1.000000	 11.000000	 37.665367	 23.765182	 0.550247	 2
1462074329.539	 226.300064	 -1.000000	 11.000000	 37.214401	 24.629486	 -0.084362	 2
1462074329.560	 228.188171	 -1.000000	 11.000000	 36.694057	 25.009781	 -0.852573	 2
1462074329.580	 229.111420	 -1.000000	 11.000000	 36.485924	 25.078926	 -1.854588	 2
1462074329.611	 228.853043	 -1.000000	 11.000000	 36.034954	 24.975212	 -3.691620	 2
1462074329.622	 228.329926	 -1.000000	 11.000000	 36.312469	 24.767776	 -5.829254	 2
1462074329.642	 227.119995	 -1.000000	 11.000000	 36.381851	 24.214615	 -7.232071	 2
1462074329.670	 221.968658	 -1.000000	 11.000000	 36.728745	 24.145477	 -7.833282	 2
1462074329.682	 214.898071	 -1.000000	 11.000000	 36.867504	 23.938042	 -7.566082	 2
1462074329.702	 210.268082	 -1.000000	 11.000000	 36.971573	 23.834320	 -6.063061	 2
1462074329.731	 212.114059	 -1.000000	 11.000000	 37.145027	 24.076324	 -4.159233	 2
1462074329.742	 217.895294	 -1.000000	 11.000000	 37.595993	 24.387482	 -3.190617	 2
1462074329.762	 220.910522	 -1.000000	 11.000000	 37.249096	 24.594917	 -3.457817	 2
1462074329.791	 220.673248	 -1.000000	 11.000000	 36.867508	 24.560349	 -4.960838	 2
1462074329.802	 218.447601	 -1.000000	 11.000000	 36.624680	 24.940643	 -6.664261	 2
1462074329.824	 216.293945	 -1.000000	 11.000000	 35.688061	 24.906075	 -9.169296	 2
1462074329.849	 215.875595	 -1.000000	 11.000000	 34.335167	 25.148079	 -12.075138	 2
1462074329.863	 216.842804	 -1.000000	 11.000000	 33.086342	 25.493805	 -14.413177	 2
1462074329.883	 218.018311	 -1.000000	 11.000000	 31.664064	 26.427261	 -16.450600	 2
1462074329.908	 217.225861	 -1.000000	 11.000000	 29.860205	 26.842133	 -18.321022	 2
1462074329.924	 215.911575	 -1.000000	 11.000000	 28.403240	 27.533577	 -19.256241	 2
1462074329.944	 215.980225	 -1.000000	 11.000000	 27.397240	 27.844719	 -19.490044	 2
1462074329.967	 217.812897	 -1.000000	 11.000000	 26.668758	 28.432449	 -19.790657	 2
1462074329.986	 220.297821	 -1.000000	 11.000000	 26.113726	 28.985611	 -19.456642	 2
1462074330.005	 222.481491	 -1.000000	 11.000000	 25.766830	 29.746208	 -19.790649	 2
1462074330.025	 224.835022	 -1.000000	 11.000000	 25.628071	 30.022797	 -20.124649	 2
1462074330.047	 227.817429	 -1.000000	 11.000000	 24.448626	 30.575958	 -20.525459	 2
1462074330.065	 229.562927	 -1.000000	 11.000000	 23.199800	 31.059967	 -21.193459	 2
1462074330.089	 230.132599	 -1.000000	 11.000000	 21.742836	 31.336555	 -22.061867	 2
1462074330.106	 230.487839	 -1.000000	 11.000000	 20.251183	 31.647697	 -22.562874	 2
1462074330.126	 231.002487	 -1.000000	 11.000000	 18.516701	 32.200851	 -23.297684	 2
1462074330.149	 231.676956	 -1.000000	 11.000000	 17.025047	 32.996017	 -23.665092	 2
1462074330.166	 232.100082	 -1.000000	 11.000000	 15.394634	 33.445450	 -24.166100	 2
1462074330.190	 231.978134	 -1.000000	 11.000000	 14.076427	 33.791183	 -24.433304	 2
1462074330.208	 231.017593	 -1.000000	 11.000000	 12.862291	 34.378914	 -24.466705	 2
1462074330.237	 229.645905	 -1.000000	 11.000000	 12.272570	 35.035782	 -23.698494	 2
1462074330.251	 227.231186	 -1.000000	 11.000000	 12.758224	 35.035782	 -22.562874	 2
1462074330.269	 223.788376	 -1.000000	 11.000000	 14.007051	 35.934662	 -20.558846	 2
1462074330.297	 220.804031	 -1.000000	 11.000000	 15.706844	 36.591537	 -18.788628	 2
1462074330.312	 216.701828	 -1.000000	 11.000000	 17.684151	 36.487823	 -17.152008	 2
1462074330.328	 216.146652	 -1.000000	 11.000000	 19.696148	 36.211243	 -16.216797	 2
1462074330.347	 213.060730	 -1.000000	 11.000000	 21.291872	 35.865524	 -15.481987	 2
1462074330.369	 208.485443	 -1.000000	 11.000000	 22.956972	 34.828354	 -15.147980	 2
1462074330.388	 203.759064	 -1.000000	 11.000000	 24.483315	 33.929459	 -14.880775	 2
1462074330.408	 203.119431	 -1.000000	 11.000000	 26.217796	 33.238007	 -14.012360	 2
1462074330.429	 202.427429	 -1.000000	 11.000000	 27.848207	 32.581131	 -13.043743	 2
1462074330.448	 202.963974	 -1.000000	 11.000000	 29.270479	 31.716827	 -11.741123	 2
1462074330.469	 203.036591	 -1.000000	 11.000000	 30.345858	 31.059952	 -10.371708	 2
1462074330.488	 203.587021	 -1.000000	 11.000000	 31.733442	 30.575943	 -8.902092	 2
1462074330.509	 205.414261	 -1.000000	 11.000000	 32.739441	 30.333939	 -7.733074	 2
1462074330.529	 205.661545	 -1.000000	 11.000000	 33.225098	 29.919075	 -6.463852	 2
1462074330.549	 206.617416	 -1.000000	 11.000000	 33.676067	 30.022797	 -5.896049	 2
1462074330.571	 208.444550	 -1.000000	 11.000000	 34.127029	 29.988228	 -5.461845	 2
1462074330.590	 210.811661	 -1.000000	 11.000000	 33.433239	 29.849930	 -5.862652	 2
1462074330.609	 215.149811	 -1.000000	 11.000000	 33.016960	 29.642502	 -6.063053	 2
1462074330.631	 215.736923	 -1.000000	 11.000000	 33.155716	 29.849930	 -6.330261	 2
1462074330.656	 220.304733	 -1.000000	 11.000000	 33.294476	 29.919075	 -6.463860	 2
1462074330.671	 220.922928	 -1.000000	 11.000000	 32.982269	 29.607925	 -7.566074	 2
1462074330.691	 221.918762	 -1.000000	 11.000000	 33.225098	 29.365921	 -8.133881	 2
1462074330.715	 218.940399	 -1.000000	 11.000000	 33.710754	 29.020210	 -9.336296	 2
1462074330.732	 218.537323	 -1.000000	 11.000000	 33.849510	 28.190475	 -10.137909	 2
1462074330.754	 207.984573	 -1.000000	 11.000000	 34.335167	 27.706467	 -10.471909	 2
1462074330.776	 205.234299	 -1.000000	 11.000000	 34.855511	 27.464462	 -9.570099	 2
1462074330.794	 204.862091	 -1.000000	 11.000000	 35.757439	 26.980438	 -8.033672	 2
1462074330.814	 206.017136	 -1.000000	 11.000000	 35.965576	 26.634712	 -6.497253	 2
1462074330.835	 208.434052	 -1.000000	 11.000000	 36.416542	 26.738419	 -5.395035	 2
1462074330.854	 208.761154	 -1.000000	 11.000000	 36.208405	 26.876701	 -5.194633	 2
1462074330.873	 211.997284	 -1.000000	 11.000000	 36.034958	 27.049553	 -5.829239	 2
1462074330.895	 212.015167	 -1.000000	 11.000000	 35.167717	 27.429855	 -7.399063	 2
1462074330.914	 212.017593	 -1.000000	 11.000000	 34.577995	 27.948433	 -9.169292	 2
1462074330.934	 212.005966	 -1.000000	 11.000000	 33.190411	 28.709030	 -11.173321	 2
1462074330.962	 212.004395	 -1.000000	 11.000000	 32.253792	 29.365898	 -12.676342	 2
1462074330.973	 213.271515	 -1.000000	 11.000000	 31.074343	 30.472214	 -14.012360	 2
1462074330.994	 213.443008	 -1.000000	 11.000000	 30.276480	 30.990791	 -14.847366	 2
1462074331.014	 215.512863	 -1.000000	 11.000000	 28.958273	 31.682243	 -15.715775	 2
1462074331.035	 217.284485	 -1.000000	 11.000000	 28.229790	 32.062546	 -16.884796	 2
1462074331.055	 217.524246	 -1.000000	 11.000000	 27.223791	 32.373688	 -18.120613	 2
1462074331.075	 219.136185	 -1.000000	 11.000000	 26.529999	 32.027962	 -18.989029	 2
1462074331.095	 219.354340	 -1.000000	 11.000000	 25.177105	 32.477402	 -20.158051	 2
1462074331.115	 219.709305	 -1.000000	 11.000000	 24.205797	 32.269966	 -21.160065	 2
1462074331.140	 219.757355	 -1.000000	 11.000000	 22.991661	 32.719406	 -21.861473	 2
1462074331.156	 219.559738	 -1.000000	 11.000000	 21.916286	 32.892265	 -22.496086	 2
1462074331.176	 219.637741	 -1.000000	 11.000000	 20.667461	 33.030563	 -23.030495	 2
1462074331.199	 219.648300	 -1.000000	 11.000000	 19.765530	 33.237991	 -23.698509	 2
1462074331.217	 220.456268	 -1.000000	 11.000000	 19.071735	 34.067734	 -24.032509	 2
1462074331.241	 221.354202	 -1.000000	 11.000000	 18.447323	 33.791153	 -24.166115	 2
1462074331.257	 221.923615	 -1.000000	 11.000000	 17.684151	 33.860298	 -23.898903	 2
1462074331.277	 222.000671	 -1.000000	 11.000000	 17.580082	 34.517166	 -23.798698	 2
1462074331.300	 220.155579	 -1.000000	 11.000000	 18.031052	 34.759171	 -22.830086	 2
1462074331.319	 219.905884	 -1.000000	 11.000000	 18.794222	 34.759171	 -21.360466	 2
1462074331.348	 213.154785	 -1.000000	 11.000000	 20.528704	 34.966614	 -19.757240	 2
1462074331.361	 210.550949	 -1.000000	 11.000000	 23.061043	 34.932037	 -17.853424	 2
1462074331.380	 210.779373	 -1.000000	 11.000000	 25.628071	 34.033157	 -15.314987	 2
1462074331.407	 212.015213	 -1.000000	 11.000000	 28.403240	 32.995987	 -13.043755	 2
1462074331.421	 212.582245	 -1.000000	 11.000000	 31.178408	 31.613091	 -10.972923	 2
1462074331.440	 211.392532	 -1.000000	 11.000000	 33.329163	 29.884468	 -8.968895	 2
1462074331.467	 208.833191	 -1.000000	 11.000000	 35.375851	 28.052132	 -7.799881	 2
1462074331.480	 206.085739	 -1.000000	 11.000000	 36.798126	 26.427231	 -7.165276	 2
1462074331.499	 203.985519	 -1.000000	 11.000000	 37.838814	 25.251778	 -6.898075	 2
1462074331.519	 203.701279	 -1.000000	 11.000000	 38.324471	 24.007172	 -6.630875	 2
1462074331.541	 201.519775	 -1.000000	 11.000000	 38.740749	 23.246574	 -6.296867	 2
1462074331.559	 200.609879	 -1.000000	 11.000000	 38.879509	 22.900848	 -5.695660	 2
1462074331.580	 200.486725	 -1.000000	 11.000000	 39.087646	 23.177422	 -4.827251	 2
1462074331.600	 202.667892	 -1.000000	 11.000000	 38.983578	 23.142853	 -3.791840	 2
1462074331.620	 205.605865	 -1.000000	 11.000000	 38.914196	 23.765152	 -3.391033	 2
1462074331.651	 211.746490	 -1.000000	 11.000000	 38.428539	 24.664032	 -3.457829	 2
1462074331.670	 212.577530	 -1.000000	 11.000000	 37.734749	 25.424629	 -3.123821	 2
1462074331.690	 215.644562	 -1.000000	 11.000000	 37.249092	 25.632065	 -3.257427	 2
1462074331.710	 219.112122	 -1.000000	 11.000000	 37.283783	 25.804924	 -3.558029	 2
1462074331.730	 219.581406	 -1.000000	 11.000000	 37.318474	 25.493767	 -4.059036	 2
1462074331.751	 218.274673	 -1.000000	 11.000000	 38.116333	 24.629463	 -4.159241	 2
1462074331.771	 218.097824	 -1.000000	 11.000000	 38.948883	 23.592293	 -3.758434	 2
1462074331.791	 213.554092	 -1.000000	 11.000000	 39.642677	 22.624260	 -3.290825	 2
1462074331.811	 208.011246	 -1.000000	 11.000000	 40.024261	 21.967392	 -2.455814	 2
1462074331.832	 204.913437	 -1.000000	 11.000000	 40.613983	 21.310516	 -0.885994	 2
1462074331.855	 206.611618	 -1.000000	 11.000000	 40.822124	 20.895645	 0.383224	 2
1462074331.872	 206.841446	 -1.000000	 11.000000	 40.960884	 20.619064	 0.583626	 2
1462074331.895	 209.952271	 -1.000000	 11.000000	 41.342468	 20.791924	 0.149418	 2
1462074331.917	 211.202682	 -1.000000	 11.000000	 40.856812	 21.137642	 -1.119797	 2
1462074331.934	 211.371918	 -1.000000	 11.000000	 40.163017	 21.690804	 -3.591434	 2
1462074331.954	 210.173492	 -1.000000	 11.000000	 39.087639	 22.555122	 -6.497276	 2
1462074331.975	 208.783676	 -1.000000	 11.000000	 37.665367	 23.626877	 -10.004326	 2
1462074331.995	 208.595581	 -1.000000	 11.000000	 35.896194	 24.422043	 -13.177372	 2
1462074332.013	 206.419083	 -1.000000	 11.000000	 34.439232	 24.906052	 -15.849403	 2
1462074332.035	 205.452713	 -1.000000	 11.000000	 32.878201	 25.493782	 -18.087234	 2
1462074332.053	 205.321930	 -1.000000	 11.000000	 31.664064	 25.804924	 -19.723854	 2
1462074332.076	 204.655441	 -1.000000	 11.000000	 30.762136	 25.874069	 -20.993073	 2
1462074332.101	 204.565247	 -1.000000	 11.000000	 29.582689	 25.735786	 -22.061897	 2
1462074332.114	 203.137665	 -1.000000	 11.000000	 28.992968	 25.562920	 -23.498116	 2
1462074332.134	 202.944458	 -1.000000	 11.000000	 28.472624	 25.251762	 -24.733925	 2
1462074332.155	 201.207260	 -1.000000	 11.000000	 27.952278	 25.009758	 -25.836136	 2
1462074332.175	 200.019577	 -1.000000	 11.000000	 27.501314	 24.352890	 -26.938362	 2
1462074332.195	 199.858841	 -1.000000	 11.000000	 27.570692	 23.661446	 -27.940376	 2
1462074332.217	 197.186295	 -1.000000	 11.000000	 27.570692	 22.900848	 -28.541580	 2
1462074332.235	 196.824615	 -1.000000	 11.000000	 28.472622	 21.517952	 -28.140778	 2
1462074332.255	 192.006149	 -1.000000	 11.000000	 29.790829	 20.065910	 -27.806770	 2
1462074332.280	 191.354034	 -1.000000	 11.000000	 31.317171	 18.337296	 -27.205574	 2
1462074332.296	 188.810410	 -1.000000	 11.000000	 33.398544	 16.539536	 -26.337151	 2
1462074332.316	 188.466171	 -1.000000	 11.000000	 35.653374	 14.430618	 -24.967728	 2
1462074332.337	 186.530685	 -1.000000	 11.000000	 37.318474	 12.632858	 -24.032524	 2
1462074332.356	 186.268738	 -1.000000	 11.000000	 38.810127	 10.593086	 -22.863503	 2
1462074332.379	 181.863052	 -1.000000	 11.000000	 39.885506	 9.175613	 -21.560883	 2
1462074332.401	 181.266815	 -1.000000	 11.000000	 40.371162	 7.723579	 -20.959671	 2
1462074332.417	 177.105820	 -1.000000	 11.000000	 40.475227	 6.859268	 -21.059883	 2
1462074332.440	 176.157394	 -1.000000	 11.000000	 39.989574	 6.167816	 -21.327080	 2
1462074332.459	 176.029037	 -1.000000	 11.000000	 39.087646	 5.407219	 -22.729897	 2
1462074332.488	 175.214005	 -1.000000	 11.000000	 37.838818	 4.854065	 -24.533524	 2
1462074332.502	 173.986130	 -1.000000	 11.000000	 36.381851	 4.577484	 -26.403961	 2
1462074332.520	 171.824402	 -1.000000	 11.000000	 34.265789	 4.197189	 -28.441383	 2
1462074332.548	 168.308884	 -1.000000	 11.000000	 31.906897	 3.436592	 -30.979828	 2
1462074332.561	 163.253326	 -1.000000	 11.000000	 28.784828	 3.298294	 -33.585060	 2
1462074332.577	 157.258774	 -1.000000	 11.000000	 25.593386	 2.883430	 -35.856300	 2
1462074332.607	 151.181763	 -1.000000	 11.000000	 22.055042	 2.675995	 -38.060738	 2
1462074332.620	 145.556808	 -1.000000	 11.000000	 18.932976	 2.261124	 -39.864357	 2
1462074332.639	 140.340622	 -1.000000	 11.000000	 16.574081	 2.122833	 -41.267181	 2
1462074332.668	 135.770569	 -1.000000	 11.000000	 14.596773	 1.673393	 -41.968582	 2
1462074332.688	 131.916519	 -1.000000	 11.000000	 12.931670	 1.535103	 -43.037399	 2
1462074332.708	 128.573608	 -1.000000	 11.000000	 11.509396	 1.085663	 -43.538406	 2
1462074332.728	 123.205261	 -1.000000	 11.000000	 10.364638	 0.774513	 -43.839012	 2
1462074332.750	 122.478737	 -1.000000	 11.000000	 8.872985	 0.809082	 -44.540421	 2
1462074332.769	 120.245903	 -1.000000	 11.000000	 7.658849	 0.497932	 -44.841034	 2
1462074332.788	 115.419601	 -1.000000	 11.000000	 6.652849	 0.048485	 -44.740829	 2
1462074332.809	 114.766434	 -1.000000	 11.000000	 5.404024	 -0.366379	 -45.008034	 2
1462074332.843	 112.438065	 -1.000000	 11.000000	 3.496096	 -0.884964	 -45.175026	 2
1462074332.909	 107.774971	 -1.000000	 11.000000	 1.796307	 -2.164146	 -45.074837	 2
1462074332.910	 107.143890	 -1.000000	 11.000000	 0.165893	 -3.305038	 -44.774223	 2
1462074332.910	 105.257477	 -1.000000	 11.000000	 -1.533897	 -4.584213	 -44.540421	 2
1462074332.910	 102.780724	 -1.000000	 11.000000	 -2.956172	 -6.209114	 -44.039413	 2
1462074332.929	 102.445526	 -1.000000	 11.000000	 -4.551893	 -8.006882	 -43.505005	 2
1462074332.950	 101.491356	 -1.000000	 11.000000	 -6.598581	 -9.216911	 -42.870399	 2
1462074332.970	 100.398048	 -1.000000	 11.000000	 -8.610579	 -10.184944	 -42.135582	 2
1462074332.990	 99.714737	 -1.000000	 11.000000	 -10.900093	 -11.291260	 -41.267166	 2
1462074333.010	 99.478027	 -1.000000	 11.000000	 -13.328363	 -12.397575	 -40.398758	 2
1462074333.031	 99.445992	 -1.000000	 11.000000	 -14.993467	 -13.158165	 -39.797554	 2
1462074333.051	 99.616188	 -1.000000	 11.000000	 -15.860706	 -14.022476	 -39.096138	 2
1462074333.071	 99.708984	 -1.000000	 11.000000	 -16.936085	 -15.094223	 -38.728737	 2
1462074333.091	 99.209206	 -1.000000	 11.000000	 -17.803328	 -16.027679	 -38.094131	 2
1462074333.115	 98.698288	 -1.000000	 11.000000	 -18.566502	 -16.995705	 -37.292519	 2
1462074333.133	 98.629135	 -1.000000	 11.000000	 -18.809330	 -18.413170	 -36.390709	 2
1462074333.153	 106.490799	 -1.000000	 26.000000	 -20.188406	 -21.184700	 -35.492104	 2
1462074333.175	 107.465309	 -1.000000	 26.000000	 -20.708710	 -22.463837	 -34.055969	 2
1462074333.193	 107.597198	 -1.000000	 26.000000	 -20.778086	 -23.431831	 -33.120811	 2
1462074333.214	 107.100769	 -1.000000	 26.000000	 -20.847458	 -24.192398	 -32.185646	 2
1462074333.241	 107.033585	 -1.000000	 26.000000	 -21.679941	 -24.607254	 -31.384079	 2
1462074333.252	 106.247292	 -1.000000	 26.000000	 -22.824608	 -24.849251	 -30.816299	 2
1462074333.273	 106.446091	 -1.000000	 26.000000	 -23.275536	 -25.091248	 -30.582512	 2
1462074333.301	 106.472992	 -1.000000	 26.000000	 -24.142704	 -25.264114	 -30.482315	 2
1462074333.313	 107.153809	 -1.000000	 26.000000	 -24.454891	 -24.952972	 -29.981339	 2
1462074333.333	 107.249260	 -1.000000	 26.000000	 -25.009876	 -24.676392	 -29.246567	 2
1462074333.360	 107.262177	 -1.000000	 26.000000	 -24.767071	 -24.710968	 -28.611992	 2
1462074333.374	 107.502121	 -1.000000	 26.000000	 -25.113941	 -24.296112	 -28.411606	 2
1462074333.394	 107.534592	 -1.000000	 26.000000	 -25.426121	 -24.054108	 -28.177811	 2
1462074333.414	 108.076721	 -1.000000	 26.000000	 -26.085171	 -23.881256	 -28.478401	 2
1462074333.435	 108.150085	 -1.000000	 26.000000	 -26.085171	 -23.673828	 -29.279961	 2
1462074333.455	 108.016510	 -1.000000	 26.000000	 -26.223915	 -23.328117	 -29.747543	 2
1462074333.479	 107.998428	 -1.000000	 26.000000	 -26.397346	 -23.086113	 -29.847740	 2
1462074333.495	 108.414902	 -1.000000	 26.000000	 -26.501408	 -22.774971	 -29.881142	 2
1462074333.516	 108.837044	 -1.000000	 26.000000	 -26.570782	 -22.636696	 -30.148331	 2
1462074333.539	 108.894180	 -1.000000	 26.000000	 -26.432037	 -22.083549	 -30.281929	 2
1462074333.556	 108.665733	 -1.000000	 26.000000	 -26.813591	 -21.495842	 -30.582520	 2
1462074333.576	 108.000526	 -1.000000	 26.000000	 -27.195148	 -21.184700	 -30.749512	 2
1462074333.598	 107.910500	 -1.000000	 26.000000	 -27.784824	 -20.873558	 -30.515732	 2
1462074333.617	 106.779564	 -1.000000	 26.000000	 -28.374500	 -20.493271	 -30.215149	 2
1462074333.641	 106.073235	 -1.000000	 26.000000	 -29.068237	 -20.562408	 -29.680763	 2
1462074333.659	 105.977638	 -1.000000	 26.000000	 -29.380421	 -20.735268	 -29.112991	 2
1462074333.687	 104.655182	 -1.000000	 26.000000	 -29.970097	 -20.354973	 -28.745598	 2
1462074333.704	 102.269012	 -1.000000	 25.000000	 -30.421028	 -20.182121	 -28.511818	 2
1462074333.719	 101.335220	 -1.000000	 25.000000	 -30.837269	 -20.112976	 -28.044228	 2
1462074333.749	 100.508995	 -1.000000	 25.000000	 -31.600376	 -19.836411	 -27.643440	 2
1462074333.761	 99.783936	 -1.000000	 25.000000	 -32.051308	 -19.594406	 -27.342865	 2
1462074333.780	 99.387680	 -1.000000	 25.000000	 -32.016621	 -19.698128	 -27.042267	 2
1462074333.798	 99.310928	 -1.000000	 25.000000	 -32.085995	 -19.628983	 -26.908676	 2
1462074333.820	 98.681519	 -1.000000	 25.000000	 -31.912563	 -19.870979	 -26.674889	 2
1462074333.841	 98.373703	 -1.000000	 25.000000	 -31.322884	 -20.320412	 -26.841873	 2
1462074333.860	 98.702469	 -1.000000	 25.000000	 -31.322884	 -20.596977	 -26.574677	 2
1462074333.879	 97.547798	 -1.000000	 25.000000	 -30.941326	 -20.838982	 -26.608086	 2
1462074333.899	 97.344696	 -1.000000	 25.000000	 -30.663837	 -21.322983	 -26.741676	 2
1462074333.920	 97.322708	 -1.000000	 25.000000	 -30.733212	 -21.392136	 -26.808487	 2
1462074333.939	 96.957169	 -1.000000	 25.000000	 -30.767895	 -21.495850	 -26.775085	 2
1462074333.961	 96.917496	 -1.000000	 25.000000	 -30.906647	 -21.634132	 -26.975471	 2
1462074333.981	 97.103989	 -1.000000	 25.000000	 -31.392262	 -21.979858	 -27.042267	 2
1462074334.000	 97.496933	 -1.000000	 25.000000	 -31.149452	 -22.290985	 -27.008873	 2
1462074334.020	 97.645248	 -1.000000	 25.000000	 -30.906643	 -22.394699	 -27.309456	 2
1462074334.041	 97.507095	 -1.000000	 25.000000	 -30.594460	 -22.290985	 -27.409645	 2
1462074334.061	 98.201714	 -1.000000	 25.000000	 -30.316967	 -21.806992	 -27.543243	 2
1462074334.081	 98.899643	 -1.000000	 25.000000	 -30.178219	 -21.737846	 -27.676834	 2
1462074334.101	 98.793747	 -1.000000	 25.000000	 -30.421028	 -21.426712	 -27.443039	 2
1462074334.121	 100.059082	 -1.000000	 25.000000	 -30.455715	 -21.668709	 -27.543243	 2
1462074334.144	 100.846413	 -1.000000	 25.000000	 -30.871960	 -22.152702	 -27.543243	 2
1462074334.167	 102.105949	 -1.000000	 25.000000	 -30.733212	 -23.189835	 -27.543243	 2
1462074334.182	 102.715919	 -1.000000	 25.000000	 -30.767895	 -23.362694	 -27.175858	 2
1462074334.204	 103.629807	 -1.000000	 25.000000	 -30.247593	 -24.088684	 -27.142456	 2
1462074334.226	 104.234810	 -1.000000	 25.000000	 -30.247593	 -24.296112	 -26.608078	 2
1462074334.277	 104.618187	 -1.000000	 25.000000	 -30.039467	 -24.296112	 -26.140495	 2
1462074334.277	 104.624710	 -1.000000	 25.000000	 -29.970093	 -24.157822	 -25.873314	 2
