% Accelerometer data recorded with 'snsrlog'
% 
% Sampling frequency: 100 Hz
% 
% Label description:
% 	 0: Default Label
% 	 1: still_drop
% 	 2: walk_drop
% 	 3: other
% 	 4: dtw_same
% 	 5: dtw_diff
% 	 6: delete
% 
% Column description:
% 	 1: Seconds.milliseconds since 1970
% 	 2: Number of skipped measurements
% 	 3: Acceleration value in x-direction
% 	 4: Acceleration value in y-direction
% 	 5: Acceleration value in z-direction
% 	 6: Label used for the current sample
% 
% 
1462070255.745	 0	 0.330322	 -0.608276	 -0.582596	 1
1462070255.755	 0	 0.338837	 -0.574844	 -0.600098	 1
1462070255.765	 0	 0.354431	 -0.529495	 -0.613556	 1
1462070255.775	 0	 0.364243	 -0.512543	 -0.616745	 1
1462070255.785	 0	 0.383804	 -0.517151	 -0.613724	 1
1462070255.795	 0	 0.397171	 -0.540298	 -0.609924	 1
1462070255.805	 1	 0.432114	 -0.529816	 -0.587143	 1
1462070255.825	 1	 0.499283	 -0.679077	 -0.628021	 1
1462070255.835	 1	 0.535782	 -0.617981	 -0.569794	 1
1462070255.845	 1	 0.553085	 -0.571991	 -0.564392	 1
1462070255.855	 1	 0.569809	 -0.560150	 -0.561020	 1
1462070255.865	 1	 0.551987	 -0.570297	 -0.566742	 1
1462070255.875	 1	 0.545135	 -0.576569	 -0.556900	 1
1462070255.885	 1	 0.587753	 -0.580154	 -0.585770	 1
1462070255.895	 1	 0.592682	 -0.581589	 -0.585602	 1
1462070255.905	 1	 0.538513	 -0.526932	 -0.574448	 1
1462070255.915	 1	 0.501953	 -0.489593	 -0.528595	 1
1462070255.925	 1	 0.589188	 -0.571838	 -0.498581	 1
1462070255.935	 1	 0.585602	 -0.575226	 -0.474304	 1
1462070255.945	 1	 0.611908	 -0.573303	 -0.480423	 1
1462070255.955	 2	 0.663910	 -0.574051	 -0.515900	 1
1462070255.975	 2	 0.655655	 -0.537674	 -0.510178	 1
1462070255.985	 2	 0.641571	 -0.517517	 -0.499802	 1
1462070255.995	 2	 0.632416	 -0.495255	 -0.489227	 1
1462070256.005	 2	 0.622116	 -0.478455	 -0.449524	 1
1462070256.015	 2	 0.623367	 -0.465775	 -0.404388	 1
1462070256.025	 2	 0.639587	 -0.455383	 -0.371017	 1
1462070256.035	 2	 0.654449	 -0.453583	 -0.337128	 1
1462070256.045	 2	 0.662689	 -0.451553	 -0.301025	 1
1462070256.055	 2	 0.675629	 -0.433273	 -0.261108	 1
1462070256.065	 2	 0.661804	 -0.418426	 -0.220901	 1
1462070256.075	 2	 0.659348	 -0.407135	 -0.171051	 1
1462070256.085	 2	 0.681610	 -0.359756	 -0.114456	 1
1462070256.095	 2	 0.656815	 -0.352554	 -0.095032	 1
1462070256.105	 3	 0.685928	 -0.347733	 -0.097382	 1
1462070256.125	 3	 0.715897	 -0.333343	 -0.136841	 1
1462070256.135	 3	 0.760193	 -0.334518	 -0.160233	 1
1462070256.145	 3	 0.807770	 -0.340088	 -0.209839	 1
1462070256.155	 3	 0.847244	 -0.344833	 -0.232452	 1
1462070256.165	 3	 0.891464	 -0.342834	 -0.203461	 1
1462070256.175	 3	 0.924103	 -0.353760	 -0.162567	 1
1462070256.185	 3	 0.925186	 -0.377380	 -0.112396	 1
1462070256.195	 3	 0.907288	 -0.373444	 -0.089737	 1
1462070256.205	 3	 0.898209	 -0.344910	 -0.081207	 1
1462070256.215	 3	 0.913651	 -0.324585	 -0.090210	 1
1462070256.225	 3	 0.917969	 -0.327957	 -0.109375	 1
1462070256.235	 3	 0.926651	 -0.308029	 -0.128418	 1
1462070256.245	 3	 0.923935	 -0.288147	 -0.126755	 1
1462070256.255	 3	 0.930847	 -0.281311	 -0.125320	 1
1462070256.265	 3	 0.935043	 -0.281281	 -0.128784	 1
1462070256.275	 3	 0.937881	 -0.288025	 -0.111206	 1
1462070256.285	 3	 0.963379	 -0.297562	 -0.074097	 1
1462070256.295	 3	 1.004501	 -0.316864	 -0.033661	 1
1462070256.305	 3	 1.053436	 -0.368927	 0.025330	 1
1462070256.315	 3	 1.089310	 -0.427917	 0.107269	 1
1462070256.325	 3	 1.114166	 -0.445068	 0.186462	 1
1462070256.335	 3	 1.124496	 -0.438736	 0.222092	 1
1462070256.345	 3	 1.146393	 -0.392822	 0.215912	 1
1462070256.355	 3	 1.170242	 -0.329315	 0.193985	 1
1462070256.365	 3	 1.186447	 -0.328278	 0.156525	 1
1462070256.375	 3	 1.226303	 -0.331894	 0.135635	 1
1462070256.385	 3	 1.266373	 -0.339386	 0.147903	 1
1462070256.395	 3	 1.262054	 -0.359924	 0.195084	 1
1462070256.405	 3	 1.236481	 -0.352585	 0.295410	 1
1462070256.415	 3	 1.211731	 -0.317154	 0.381714	 1
1462070256.425	 3	 1.181030	 -0.292847	 0.447708	 1
1462070256.435	 3	 1.149750	 -0.270950	 0.501465	 1
1462070256.445	 3	 1.106827	 -0.232666	 0.546417	 1
1462070256.455	 3	 1.071274	 -0.181335	 0.564651	 1
1462070256.465	 3	 1.030472	 -0.149124	 0.580719	 1
1462070256.475	 3	 0.982925	 -0.122742	 0.607788	 1
1462070256.485	 3	 0.931183	 -0.093063	 0.632675	 1
1462070256.495	 3	 0.884521	 -0.063797	 0.664963	 1
1462070256.505	 3	 0.879440	 -0.031326	 0.665695	 1
1462070256.515	 3	 0.902939	 -0.041229	 0.655838	 1
1462070256.525	 3	 0.925995	 -0.067917	 0.648697	 1
1462070256.535	 3	 0.937103	 -0.075775	 0.644302	 1
1462070256.545	 3	 0.927628	 -0.054016	 0.649841	 1
1462070256.555	 3	 0.908813	 -0.029648	 0.661179	 1
1462070256.565	 3	 0.900757	 -0.019714	 0.680115	 1
1462070256.575	 3	 0.890564	 -0.028824	 0.709976	 1
1462070256.585	 3	 0.864838	 -0.037567	 0.730942	 1
1462070256.595	 3	 0.839752	 -0.029846	 0.728638	 1
1462070256.605	 3	 0.811890	 -0.016724	 0.703247	 1
1462070256.615	 3	 0.788528	 0.009186	 0.641190	 1
1462070256.625	 3	 0.774551	 0.029007	 0.577789	 1
1462070256.635	 3	 0.776306	 0.027664	 0.529312	 1
1462070256.645	 3	 0.781967	 0.006195	 0.510849	 1
1462070256.655	 3	 0.799576	 -0.015640	 0.502884	 1
1462070256.665	 3	 0.819794	 -0.030365	 0.499344	 1
1462070256.675	 3	 0.845489	 -0.058975	 0.504044	 1
1462070256.685	 3	 0.874619	 -0.077026	 0.488907	 1
1462070256.695	 3	 0.902588	 -0.075317	 0.485580	 1
1462070256.705	 3	 0.913864	 -0.088318	 0.506561	 1
1462070256.715	 3	 0.911179	 -0.076447	 0.508423	 1
1462070256.725	 3	 0.901062	 -0.071838	 0.503952	 1
1462070256.735	 3	 0.882156	 -0.072983	 0.499939	 1
1462070256.745	 3	 0.859573	 -0.092697	 0.501831	 1
1462070256.755	 3	 0.856140	 -0.108002	 0.500549	 1
1462070256.765	 3	 0.860107	 -0.123993	 0.505936	 1
1462070256.775	 3	 0.877747	 -0.115692	 0.508301	 1
1462070256.785	 3	 0.902512	 -0.108597	 0.512680	 1
1462070256.795	 3	 0.921143	 -0.094452	 0.527771	 1
1462070256.805	 3	 0.911804	 -0.072266	 0.554947	 1
1462070256.815	 3	 0.875336	 -0.048492	 0.603119	 1
1462070256.825	 3	 0.833466	 -0.030838	 0.640396	 1
1462070256.835	 3	 0.809952	 -0.031006	 0.636444	 1
1462070256.845	 3	 0.804260	 -0.046295	 0.601303	 1
1462070256.855	 3	 0.813232	 -0.055908	 0.558395	 1
1462070256.865	 3	 0.821518	 -0.064911	 0.523132	 1
1462070256.875	 3	 0.843033	 -0.058258	 0.504578	 1
1462070256.885	 3	 0.879822	 -0.040726	 0.469131	 1
1462070256.895	 3	 0.903748	 -0.057678	 0.459640	 1
1462070256.905	 3	 0.929764	 -0.067093	 0.484833	 1
1462070256.915	 3	 0.942062	 -0.095734	 0.514313	 1
1462070256.925	 3	 0.940750	 -0.122009	 0.540268	 1
1462070256.935	 3	 0.924088	 -0.151337	 0.538574	 1
1462070256.945	 3	 0.903336	 -0.180283	 0.503876	 1
1462070256.955	 3	 0.899948	 -0.158264	 0.445847	 1
1462070256.965	 3	 0.903732	 -0.110794	 0.396149	 1
1462070256.975	 3	 0.887756	 -0.103973	 0.375107	 1
1462070256.985	 3	 0.883575	 -0.110260	 0.386108	 1
1462070256.995	 3	 0.874039	 -0.099380	 0.408203	 1
1462070257.005	 3	 0.860840	 -0.107025	 0.429428	 1
1462070257.015	 3	 0.850250	 -0.119690	 0.454773	 1
1462070257.025	 3	 0.855698	 -0.122009	 0.453827	 1
1462070257.035	 3	 0.855865	 -0.131805	 0.441376	 1
1462070257.045	 3	 0.858902	 -0.149475	 0.431137	 1
1462070257.055	 3	 0.871368	 -0.157715	 0.429794	 1
1462070257.065	 3	 0.885864	 -0.143875	 0.416122	 1
1462070257.075	 3	 0.897736	 -0.123474	 0.403763	 1
1462070257.085	 3	 0.892105	 -0.120468	 0.409790	 1
1462070257.095	 3	 0.884964	 -0.119247	 0.430878	 1
1462070257.105	 3	 0.899872	 -0.146912	 0.457901	 1
1462070257.115	 3	 0.909485	 -0.136765	 0.487885	 1
1462070257.125	 3	 0.891769	 -0.143494	 0.477951	 1
1462070257.135	 3	 0.883240	 -0.178360	 0.459518	 1
1462070257.145	 3	 0.859863	 -0.186646	 0.442947	 1
1462070257.155	 3	 0.842957	 -0.164383	 0.437546	 1
1462070257.165	 3	 0.842316	 -0.142929	 0.428436	 1
1462070257.175	 3	 0.853027	 -0.136856	 0.412079	 1
1462070257.185	 3	 0.858963	 -0.138199	 0.407013	 1
1462070257.195	 3	 0.859467	 -0.143845	 0.402191	 1
1462070257.205	 3	 0.854126	 -0.147675	 0.395370	 1
1462070257.215	 3	 0.852249	 -0.161423	 0.383331	 1
1462070257.225	 3	 0.848358	 -0.168106	 0.383133	 1
1462070257.235	 3	 0.854324	 -0.154388	 0.375305	 1
1462070257.245	 3	 0.858170	 -0.145248	 0.366928	 1
1462070257.265	 4	 0.884888	 -0.166565	 0.356689	 1
1462070257.275	 4	 0.884186	 -0.169525	 0.350311	 1
1462070257.285	 4	 0.874985	 -0.148804	 0.349075	 1
1462070257.295	 4	 0.875015	 -0.139740	 0.343185	 1
1462070257.305	 4	 0.894791	 -0.153961	 0.333572	 1
1462070257.315	 4	 0.924286	 -0.168732	 0.314133	 1
1462070257.325	 4	 0.952499	 -0.183777	 0.286438	 1
1462070257.335	 4	 0.964157	 -0.185410	 0.272614	 1
1462070257.345	 4	 0.973068	 -0.171875	 0.263672	 1
1462070257.355	 4	 0.976746	 -0.147568	 0.267227	 1
1462070257.365	 4	 0.973755	 -0.138641	 0.282791	 1
1462070257.375	 4	 0.968872	 -0.131332	 0.296753	 1
1462070257.385	 4	 0.957626	 -0.109589	 0.306641	 1
1462070257.395	 4	 0.944717	 -0.097168	 0.313919	 1
1462070257.405	 4	 0.933609	 -0.079132	 0.312195	 1
1462070257.415	 4	 0.923737	 -0.067963	 0.311081	 1
1462070257.425	 4	 0.919998	 -0.059845	 0.297272	 1
1462070257.435	 4	 0.935364	 -0.066345	 0.271744	 1
1462070257.445	 4	 0.953659	 -0.094711	 0.266983	 1
1462070257.455	 4	 0.957092	 -0.101425	 0.275833	 1
1462070257.465	 4	 0.945099	 -0.086365	 0.284119	 1
1462070257.475	 4	 0.917511	 -0.052841	 0.298523	 1
1462070257.485	 4	 0.893585	 -0.043427	 0.323685	 1
1462070257.495	 4	 0.864365	 -0.038330	 0.339630	 1
1462070257.505	 4	 0.856888	 -0.029724	 0.352097	 1
1462070257.515	 4	 0.855484	 -0.027298	 0.347885	 1
1462070257.525	 4	 0.855301	 -0.030441	 0.349792	 1
1462070257.535	 4	 0.854691	 -0.042450	 0.355957	 1
1462070257.545	 4	 0.859589	 -0.031891	 0.338821	 1
1462070257.555	 4	 0.881928	 -0.029495	 0.337921	 1
1462070257.565	 5	 0.887772	 -0.027023	 0.334473	 1
1462070257.585	 5	 0.923019	 -0.024567	 0.304123	 1
1462070257.595	 5	 0.975357	 -0.049881	 0.306976	 1
1462070257.605	 5	 1.013229	 -0.062744	 0.307449	 1
1462070257.615	 5	 1.040634	 -0.061478	 0.308701	 1
1462070257.625	 5	 1.051437	 -0.066040	 0.311035	 1
1462070257.635	 5	 1.034760	 -0.052231	 0.295029	 1
1462070257.645	 5	 1.019333	 -0.024582	 0.285629	 1
1462070257.655	 5	 0.999786	 -0.027954	 0.281815	 1
1462070257.665	 5	 0.985550	 -0.021133	 0.273499	 1
1462070257.675	 5	 0.982681	 -0.006165	 0.271683	 1
1462070257.685	 5	 0.986481	 -0.005341	 0.277771	 1
1462070257.695	 5	 0.982620	 0.001877	 0.286896	 1
1462070257.705	 5	 0.977905	 0.018356	 0.301437	 1
1462070257.715	 5	 0.956116	 0.056793	 0.313416	 1
1462070257.725	 5	 0.938950	 0.094849	 0.316620	 1
1462070257.735	 5	 0.941025	 0.098694	 0.321304	 1
1462070257.745	 5	 0.939819	 0.082657	 0.324432	 1
1462070257.755	 5	 0.941132	 0.076248	 0.318085	 1
1462070257.765	 5	 0.944931	 0.081284	 0.298492	 1
1462070257.775	 5	 0.940430	 0.093018	 0.290604	 1
1462070257.785	 5	 0.941681	 0.091965	 0.302551	 1
1462070257.795	 5	 0.959335	 0.074997	 0.308487	 1
1462070257.805	 5	 0.963425	 0.071777	 0.297302	 1
1462070257.815	 5	 0.970932	 0.079803	 0.280533	 1
1462070257.825	 5	 0.963715	 0.071365	 0.275970	 1
1462070257.835	 5	 0.956650	 0.079514	 0.273376	 1
1462070257.845	 5	 0.956634	 0.081757	 0.278610	 1
1462070257.855	 5	 0.925079	 0.112625	 0.263245	 1
1462070257.865	 5	 0.917603	 0.104492	 0.278854	 1
1462070257.875	 5	 0.902817	 0.097885	 0.266052	 1
1462070257.885	 5	 0.899567	 0.095001	 0.269577	 1
1462070257.895	 5	 0.882797	 0.085617	 0.265457	 1
1462070257.905	 5	 0.881439	 0.087326	 0.273712	 1
1462070257.915	 5	 0.873260	 0.087860	 0.275772	 1
1462070257.925	 5	 0.871841	 0.096695	 0.281738	 1
1462070257.935	 5	 0.878754	 0.104446	 0.287262	 1
1462070257.945	 5	 0.889175	 0.111206	 0.302246	 1
1462070257.955	 5	 0.898163	 0.111603	 0.321182	 1
1462070257.965	 5	 0.928711	 0.107422	 0.323669	 1
1462070257.975	 5	 0.962631	 0.094070	 0.323898	 1
1462070257.985	 5	 1.004349	 0.080627	 0.326874	 1
1462070257.995	 5	 1.024063	 0.074615	 0.316940	 1
1462070258.005	 5	 1.047180	 0.073105	 0.317261	 1
1462070258.015	 5	 1.053574	 0.084366	 0.326431	 1
1462070258.025	 5	 1.051315	 0.095032	 0.330643	 1
1462070258.035	 5	 1.031967	 0.110229	 0.321030	 1
1462070258.045	 5	 1.015991	 0.132309	 0.325577	 1
1462070258.055	 5	 1.004715	 0.140671	 0.321182	 1
1462070258.065	 5	 0.991653	 0.145889	 0.316910	 1
1462070258.075	 5	 0.980179	 0.150299	 0.303650	 1
1462070258.085	 5	 0.969803	 0.154266	 0.289566	 1
1462070258.095	 5	 0.960220	 0.146393	 0.287323	 1
1462070258.105	 5	 0.962555	 0.141693	 0.290665	 1
1462070258.115	 5	 0.954407	 0.137390	 0.296936	 1
1462070258.125	 5	 0.945465	 0.136826	 0.306931	 1
1462070258.135	 5	 0.935898	 0.140045	 0.314011	 1
1462070258.145	 5	 0.933746	 0.148499	 0.319687	 1
1462070258.155	 5	 0.941086	 0.121994	 0.323868	 1
1462070258.165	 5	 0.948730	 0.117371	 0.311157	 1
1462070258.175	 5	 0.951553	 0.100433	 0.310638	 1
1462070258.185	 5	 0.948853	 0.105728	 0.307495	 1
1462070258.195	 5	 0.961975	 0.107681	 0.301773	 1
1462070258.205	 5	 0.972580	 0.091629	 0.306061	 1
1462070258.215	 5	 0.976944	 0.083878	 0.307129	 1
1462070258.225	 5	 0.977386	 0.089157	 0.298370	 1
1462070258.235	 5	 0.965912	 0.092285	 0.306488	 1
1462070258.245	 5	 0.952988	 0.095062	 0.313553	 1
1462070258.255	 5	 0.945496	 0.092606	 0.313766	 1
1462070258.265	 5	 0.944016	 0.085571	 0.318283	 1
1462070258.275	 5	 0.938187	 0.089172	 0.322830	 1
1462070258.285	 5	 0.934189	 0.090057	 0.323883	 1
1462070258.295	 5	 0.932632	 0.090347	 0.324066	 1
1462070258.305	 5	 0.934845	 0.089325	 0.324005	 1
1462070258.315	 5	 0.933929	 0.092697	 0.327377	 1
1462070258.325	 5	 0.936142	 0.092911	 0.322525	 1
1462070258.335	 5	 0.935715	 0.095612	 0.324265	 1
1462070258.345	 5	 0.936478	 0.100067	 0.323578	 1
1462070258.355	 5	 0.941391	 0.097122	 0.325592	 1
1462070258.365	 5	 0.940765	 0.095810	 0.328156	 1
1462070258.375	 5	 0.944809	 0.099792	 0.320084	 1
1462070258.385	 5	 0.945694	 0.093369	 0.326782	 1
1462070258.395	 5	 0.947037	 0.093369	 0.327164	 1
1462070258.405	 5	 0.943558	 0.093369	 0.322174	 1
1462070258.415	 5	 0.940872	 0.095001	 0.326889	 1
1462070258.425	 5	 0.935684	 0.092636	 0.324356	 1
1462070258.435	 5	 0.941666	 0.093811	 0.322449	 1
1462070258.445	 5	 0.937332	 0.091797	 0.324066	 1
1462070258.455	 5	 0.936111	 0.094238	 0.328186	 1
1462070258.465	 5	 0.937088	 0.094757	 0.323257	 1
1462070258.475	 5	 0.940811	 0.092545	 0.321899	 1
1462070258.485	 5	 0.943130	 0.091293	 0.319946	 1
1462070258.495	 5	 0.939484	 0.092163	 0.323730	 1
1462070258.505	 5	 0.943207	 0.094757	 0.319931	 1
1462070258.515	 5	 0.942001	 0.088791	 0.320877	 1
1462070258.525	 5	 0.938705	 0.090363	 0.319031	 1
1462070258.535	 5	 0.936829	 0.090225	 0.324036	 1
1462070258.545	 5	 0.935837	 0.093033	 0.324295	 1
1462070258.555	 5	 0.939987	 0.092133	 0.325897	 1
1462070258.565	 5	 0.939255	 0.091797	 0.324509	 1
1462070258.575	 5	 0.938278	 0.092117	 0.320435	 1
1462070258.585	 5	 0.940796	 0.093292	 0.323822	 1
1462070258.595	 5	 0.940567	 0.090652	 0.325714	 1
1462070258.605	 5	 0.939468	 0.093124	 0.323074	 1
1462070258.615	 5	 0.942352	 0.092041	 0.323044	 1
1462070258.625	 5	 0.936630	 0.093262	 0.326218	 1
1462070258.635	 5	 0.939072	 0.094666	 0.322662	 1
1462070258.645	 5	 0.938904	 0.093338	 0.325317	 1
1462070258.655	 5	 0.938171	 0.093216	 0.322571	 1
1462070258.665	 5	 0.941330	 0.093964	 0.320755	 1
1462070258.675	 5	 0.939484	 0.092545	 0.322632	 1
1462070258.685	 5	 0.937454	 0.095108	 0.324524	 1
1462070258.695	 5	 0.940170	 0.093506	 0.325104	 1
1462070258.705	 5	 0.941483	 0.091476	 0.321716	 1
1462070258.715	 5	 0.940643	 0.090302	 0.321274	 1
1462070258.725	 5	 0.940262	 0.092667	 0.324982	 1
1462070258.735	 5	 0.940735	 0.090942	 0.321365	 1
1462070258.745	 5	 0.938919	 0.090210	 0.323669	 1
1462070258.755	 5	 0.938904	 0.092239	 0.321030	 1
1462070258.765	 5	 0.939194	 0.093201	 0.326172	 1
1462070258.775	 5	 0.939743	 0.095078	 0.323044	 1
1462070258.785	 5	 0.941055	 0.093475	 0.322800	 1
1462070258.795	 5	 0.939758	 0.094604	 0.325546	 1
1462070258.805	 5	 0.939667	 0.092987	 0.321518	 1
1462070258.815	 5	 0.938965	 0.092606	 0.323563	 1
1462070258.825	 5	 0.935898	 0.093399	 0.324844	 1
1462070258.835	 5	 0.941879	 0.092987	 0.323105	 1
1462070258.845	 5	 0.937988	 0.091843	 0.326340	 1
1462070258.855	 5	 0.936783	 0.090210	 0.323792	 1
1462070258.865	 5	 0.943649	 0.091934	 0.321991	 1
1462070258.875	 5	 0.939087	 0.091385	 0.323517	 1
1462070258.885	 5	 0.936111	 0.092117	 0.321671	 1
1462070258.895	 5	 0.934998	 0.091568	 0.323166	 1
1462070258.905	 5	 0.939865	 0.092316	 0.324738	 1
1462070258.915	 5	 0.941879	 0.091644	 0.322174	 1
1462070258.925	 5	 0.941803	 0.091599	 0.322266	 1
1462070258.935	 5	 0.939148	 0.093857	 0.324997	 1
1462070258.945	 5	 0.939636	 0.092697	 0.324951	 1
1462070258.955	 5	 0.940491	 0.091339	 0.323456	 1
1462070258.965	 5	 0.938461	 0.092285	 0.325027	 1
1462070258.975	 5	 0.940292	 0.092361	 0.322861	 1
1462070258.985	 5	 0.939636	 0.094177	 0.321777	 1
1462070258.995	 5	 0.939301	 0.091125	 0.323181	 1
1462070259.005	 5	 0.937576	 0.090836	 0.324097	 1
1462070259.015	 5	 0.939804	 0.091583	 0.323212	 1
1462070259.025	 5	 0.935684	 0.091629	 0.323441	 1
1462070259.035	 5	 0.939468	 0.092697	 0.323853	 1
1462070259.045	 5	 0.939438	 0.087875	 0.323868	 1
1462070259.055	 5	 0.935150	 0.092743	 0.320114	 1
1462070259.065	 5	 0.940948	 0.090332	 0.320877	 1
1462070259.075	 5	 0.937164	 0.089523	 0.322693	 1
1462070259.085	 5	 0.943359	 0.089066	 0.318787	 1
1462070259.095	 5	 0.940048	 0.087112	 0.323746	 1
1462070259.105	 5	 0.941055	 0.087387	 0.321243	 1
1462070259.115	 5	 0.939621	 0.088623	 0.326981	 1
1462070259.125	 5	 0.942825	 0.089340	 0.321884	 1
1462070259.135	 5	 0.943115	 0.088699	 0.320816	 1
1462070259.145	 5	 0.939011	 0.091660	 0.323730	 1
1462070259.155	 5	 0.938461	 0.091324	 0.322952	 1
1462070259.165	 5	 0.938599	 0.091568	 0.321259	 1
1462070259.175	 5	 0.939957	 0.091385	 0.322754	 1
1462070259.185	 5	 0.940537	 0.091843	 0.324951	 1
1462070259.195	 5	 0.937592	 0.089432	 0.323273	 1
1462070259.205	 5	 0.939697	 0.091248	 0.323837	 1
1462070259.215	 5	 0.941788	 0.090820	 0.323349	 1
1462070259.225	 5	 0.938980	 0.087799	 0.325485	 1
1462070259.235	 5	 0.937561	 0.089676	 0.325363	 1
1462070259.245	 5	 0.938644	 0.089783	 0.325150	 1
1462070259.255	 5	 0.940445	 0.090668	 0.325821	 1
1462070259.265	 5	 0.940552	 0.088547	 0.324036	 1
1462070259.275	 5	 0.938370	 0.088196	 0.323624	 1
1462070259.285	 5	 0.940613	 0.089752	 0.323105	 1
1462070259.295	 5	 0.940308	 0.090042	 0.322784	 1
1462070259.305	 5	 0.940064	 0.091354	 0.323914	 1
1462070259.315	 5	 0.938568	 0.089691	 0.320404	 1
1462070259.325	 5	 0.941635	 0.089493	 0.323044	 1
1462070259.335	 5	 0.939529	 0.092911	 0.321472	 1
1462070259.345	 5	 0.938370	 0.092789	 0.325134	 1
1462070259.355	 5	 0.937775	 0.093445	 0.326385	 1
1462070259.365	 5	 0.940979	 0.091019	 0.327942	 1
1462070259.375	 5	 0.938248	 0.090332	 0.324219	 1
1462070259.385	 5	 0.936188	 0.089447	 0.324341	 1
1462070259.395	 5	 0.937759	 0.090393	 0.326187	 1
1462070259.405	 5	 0.940002	 0.089798	 0.324860	 1
1462070259.415	 5	 0.937820	 0.090546	 0.323563	 1
1462070259.425	 5	 0.940216	 0.089539	 0.324570	 1
1462070259.435	 5	 0.941010	 0.091080	 0.325623	 1
1462070259.445	 5	 0.938705	 0.089264	 0.325333	 1
1462070259.455	 5	 0.938339	 0.086533	 0.325729	 1
1462070259.465	 5	 0.937561	 0.089600	 0.326706	 1
1462070259.475	 5	 0.938065	 0.091415	 0.327499	 1
1462070259.485	 5	 0.941376	 0.089249	 0.325745	 1
1462070259.495	 5	 0.940796	 0.088913	 0.325302	 1
1462070259.505	 5	 0.940521	 0.090591	 0.322983	 1
1462070259.515	 5	 0.936752	 0.089096	 0.325073	 1
1462070259.525	 5	 0.936264	 0.090424	 0.326401	 1
1462070259.535	 5	 0.940582	 0.087997	 0.326508	 1
1462070259.545	 5	 0.942642	 0.089828	 0.322342	 1
1462070259.555	 5	 0.940124	 0.089371	 0.323349	 1
1462070259.565	 5	 0.938995	 0.089462	 0.321899	 1
1462070259.575	 5	 0.938934	 0.089310	 0.322632	 1
1462070259.585	 5	 0.936264	 0.088959	 0.324722	 1
1462070259.595	 5	 0.937164	 0.089523	 0.326691	 1
1462070259.605	 5	 0.942688	 0.088715	 0.322372	 1
1462070259.615	 5	 0.940872	 0.088394	 0.322083	 1
1462070259.625	 5	 0.937683	 0.088821	 0.324982	 1
1462070259.635	 5	 0.937469	 0.090271	 0.325088	 1
1462070259.645	 5	 0.937805	 0.089493	 0.327133	 1
1462070259.655	 5	 0.938263	 0.088943	 0.326920	 1
1462070259.665	 5	 0.937103	 0.088348	 0.328674	 1
1462070259.675	 5	 0.941330	 0.088455	 0.326675	 1
1462070259.685	 5	 0.942764	 0.089905	 0.324020	 1
1462070259.695	 5	 0.940140	 0.089844	 0.324905	 1
1462070259.705	 5	 0.935730	 0.089249	 0.327438	 1
1462070259.715	 5	 0.938934	 0.087311	 0.325928	 1
1462070259.725	 5	 0.937943	 0.089859	 0.326736	 1
1462070259.735	 5	 0.936859	 0.087921	 0.326569	 1
1462070259.745	 5	 0.936584	 0.090240	 0.327469	 1
1462070259.755	 5	 0.943634	 0.088531	 0.324448	 1
1462070259.765	 5	 0.940231	 0.088745	 0.321869	 1
1462070259.775	 5	 0.936874	 0.088623	 0.323929	 1
1462070259.785	 5	 0.938110	 0.088806	 0.326157	 1
1462070259.795	 5	 0.939117	 0.089951	 0.327347	 1
1462070259.805	 5	 0.940765	 0.090088	 0.324753	 1
1462070259.815	 5	 0.938797	 0.090698	 0.326874	 1
1462070259.825	 5	 0.940094	 0.090637	 0.324280	 1
1462070259.835	 5	 0.938644	 0.088058	 0.325653	 1
1462070259.845	 5	 0.936432	 0.089691	 0.328522	 1
1462070259.855	 5	 0.938126	 0.089096	 0.328308	 1
1462070259.865	 5	 0.936859	 0.088776	 0.325989	 1
1462070259.875	 5	 0.939453	 0.090988	 0.322861	 1
1462070259.885	 5	 0.938919	 0.088638	 0.325974	 1
1462070259.895	 5	 0.939545	 0.089325	 0.326294	 1
1462070259.905	 5	 0.938248	 0.088974	 0.327393	 1
1462070259.915	 5	 0.937637	 0.089767	 0.326019	 1
1462070259.925	 5	 0.939819	 0.090179	 0.325485	 1
1462070259.935	 5	 0.940521	 0.087006	 0.325195	 1
1462070259.945	 5	 0.935913	 0.089447	 0.324142	 1
1462070259.955	 5	 0.938293	 0.088806	 0.325943	 1
1462070259.965	 5	 0.940475	 0.089539	 0.326080	 1
1462070259.975	 5	 0.940887	 0.089554	 0.325592	 1
1462070259.985	 5	 0.941177	 0.089340	 0.325073	 1
1462070259.995	 5	 0.938202	 0.089096	 0.326355	 1
1462070260.005	 5	 0.937378	 0.089020	 0.326843	 1
1462070260.015	 5	 0.941711	 0.087402	 0.324036	 1
1462070260.025	 5	 0.939636	 0.089844	 0.326508	 1
1462070260.035	 5	 0.937180	 0.089035	 0.324982	 1
1462070260.045	 5	 0.935745	 0.092087	 0.327789	 1
1462070260.055	 5	 0.940002	 0.089844	 0.328751	 1
1462070260.065	 5	 0.940720	 0.088959	 0.324539	 1
1462070260.075	 5	 0.938217	 0.089462	 0.326889	 1
1462070260.085	 5	 0.937027	 0.088882	 0.326065	 1
1462070260.095	 5	 0.938431	 0.088928	 0.329147	 1
1462070260.105	 5	 0.938400	 0.089996	 0.327850	 1
1462070260.115	 5	 0.937561	 0.090179	 0.325012	 1
1462070260.125	 5	 0.938232	 0.088943	 0.325287	 1
1462070260.135	 5	 0.938980	 0.087906	 0.327469	 1
1462070260.145	 5	 0.936295	 0.087250	 0.327698	 1
1462070260.155	 5	 0.937546	 0.087402	 0.326172	 1
1462070260.165	 5	 0.938904	 0.089706	 0.326691	 1
1462070260.175	 5	 0.935608	 0.088058	 0.327713	 1
1462070260.185	 5	 0.939301	 0.089569	 0.328171	 1
1462070260.195	 5	 0.940445	 0.089310	 0.325790	 1
1462070260.205	 5	 0.936462	 0.087891	 0.328735	 1
1462070260.215	 5	 0.937683	 0.088379	 0.327560	 1
1462070260.225	 5	 0.938690	 0.087753	 0.325943	 1
1462070260.235	 5	 0.938293	 0.089584	 0.326065	 1
1462070260.245	 5	 0.937561	 0.090424	 0.326691	 1
1462070260.255	 5	 0.937546	 0.087662	 0.324844	 1
1462070260.265	 5	 0.938141	 0.089767	 0.326752	 1
1462070260.275	 5	 0.939026	 0.089340	 0.329254	 1
1462070260.285	 5	 0.937012	 0.088150	 0.326584	 1
1462070260.295	 5	 0.941284	 0.088577	 0.330231	 1
1462070260.305	 5	 0.937820	 0.087280	 0.328537	 1
1462070260.315	 5	 0.938553	 0.086990	 0.326843	 1
1462070260.325	 5	 0.937103	 0.088531	 0.328583	 1
1462070260.335	 5	 0.941605	 0.087631	 0.328888	 1
1462070260.345	 5	 0.935226	 0.087463	 0.326691	 1
1462070260.355	 5	 0.939667	 0.089203	 0.327759	 1
1462070260.365	 5	 0.938583	 0.090118	 0.327591	 1
1462070260.375	 5	 0.936432	 0.087662	 0.329147	 1
1462070260.385	 5	 0.935471	 0.089355	 0.331223	 1
1462070260.395	 5	 0.937424	 0.088593	 0.328644	 1
1462070260.405	 5	 0.938431	 0.089233	 0.326324	 1
1462070260.415	 5	 0.936401	 0.088516	 0.327805	 1
1462070260.425	 5	 0.940414	 0.088409	 0.328064	 1
1462070260.435	 5	 0.937653	 0.091019	 0.328018	 1
1462070260.445	 5	 0.940308	 0.089920	 0.326569	 1
1462070260.455	 5	 0.938507	 0.087830	 0.326111	 1
1462070260.465	 5	 0.938614	 0.089157	 0.325424	 1
1462070260.475	 5	 0.936401	 0.088272	 0.326477	 1
1462070260.485	 5	 0.941223	 0.089355	 0.327316	 1
1462070260.495	 5	 0.938522	 0.087265	 0.327255	 1
1462070260.505	 5	 0.936920	 0.087875	 0.327286	 1
1462070260.515	 5	 0.937790	 0.088974	 0.329178	 1
1462070260.525	 5	 0.939346	 0.088379	 0.328812	 1
1462070260.535	 5	 0.937958	 0.088562	 0.328308	 1
1462070260.545	 5	 0.938278	 0.087677	 0.327820	 1
1462070260.555	 5	 0.941376	 0.089462	 0.327835	 1
1462070260.565	 5	 0.935089	 0.088669	 0.329453	 1
1462070260.575	 5	 0.937881	 0.088654	 0.331635	 1
1462070260.585	 5	 0.936920	 0.088547	 0.329117	 1
1462070260.595	 5	 0.937058	 0.086655	 0.327789	 1
1462070260.605	 5	 0.939240	 0.089279	 0.328476	 1
1462070260.615	 5	 0.939560	 0.088638	 0.328583	 1
1462070260.625	 5	 0.937439	 0.087067	 0.330475	 1
1462070260.635	 5	 0.937607	 0.087753	 0.328934	 1
1462070260.645	 5	 0.936432	 0.089966	 0.329636	 1
1462070260.655	 5	 0.938324	 0.088333	 0.325195	 1
1462070260.665	 5	 0.937759	 0.089539	 0.326263	 1
1462070260.675	 5	 0.936417	 0.089127	 0.329483	 1
1462070260.685	 5	 0.940445	 0.087708	 0.327667	 1
1462070260.695	 5	 0.938599	 0.086624	 0.325928	 1
1462070260.705	 5	 0.936493	 0.088638	 0.326675	 1
1462070260.715	 5	 0.937515	 0.088089	 0.329407	 1
1462070260.725	 5	 0.939056	 0.087555	 0.329773	 1
1462070260.735	 5	 0.938080	 0.088699	 0.328308	 1
1462070260.745	 5	 0.935516	 0.086548	 0.330093	 1
1462070260.755	 5	 0.938904	 0.088608	 0.328735	 1
1462070260.765	 5	 0.938675	 0.088821	 0.329575	 1
1462070260.775	 5	 0.936447	 0.088623	 0.326599	 1
1462070260.785	 5	 0.936218	 0.086334	 0.330734	 1
1462070260.795	 5	 0.939316	 0.088760	 0.329071	 1
1462070260.805	 5	 0.936935	 0.089706	 0.328339	 1
1462070260.815	 5	 0.937607	 0.088791	 0.328445	 1
1462070260.825	 5	 0.940216	 0.087814	 0.329071	 1
1462070260.835	 5	 0.938736	 0.087875	 0.326355	 1
1462070260.845	 5	 0.936096	 0.088013	 0.327240	 1
1462070260.855	 5	 0.938278	 0.086395	 0.327118	 1
1462070260.865	 5	 0.937698	 0.090027	 0.326675	 1
1462070260.875	 5	 0.936783	 0.088608	 0.327850	 1
1462070260.885	 5	 0.938812	 0.088242	 0.329178	 1
1462070260.895	 5	 0.939392	 0.087021	 0.326797	 1
1462070260.905	 5	 0.940704	 0.087601	 0.326492	 1
1462070260.915	 5	 0.940765	 0.088699	 0.330063	 1
1462070260.925	 5	 0.937347	 0.088760	 0.327881	 1
1462070260.935	 5	 0.938553	 0.087036	 0.328598	 1
1462070260.945	 5	 0.937973	 0.089630	 0.327347	 1
1462070260.955	 5	 0.937729	 0.088013	 0.328812	 1
1462070260.965	 5	 0.938843	 0.089630	 0.328995	 1
1462070260.975	 5	 0.938019	 0.089050	 0.331024	 1
1462070260.985	 5	 0.938812	 0.087326	 0.328506	 1
1462070260.995	 5	 0.937851	 0.088974	 0.329178	 1
1462070261.005	 5	 0.937683	 0.087097	 0.327621	 1
1462070261.015	 5	 0.938934	 0.087326	 0.328232	 1
1462070261.025	 5	 0.936905	 0.088013	 0.329224	 1
1462070261.035	 5	 0.936920	 0.088455	 0.329361	 1
1462070261.045	 5	 0.934738	 0.087555	 0.328583	 1
1462070261.055	 5	 0.938721	 0.087692	 0.329758	 1
1462070261.065	 5	 0.938568	 0.088547	 0.327896	 1
1462070261.075	 5	 0.938126	 0.088440	 0.328491	 1
1462070261.085	 5	 0.934525	 0.088135	 0.330841	 1
1462070261.095	 5	 0.939529	 0.087280	 0.327179	 1
1462070261.105	 5	 0.940079	 0.088333	 0.331345	 1
1462070261.115	 5	 0.936233	 0.089996	 0.329468	 1
1462070261.125	 5	 0.938400	 0.087753	 0.327423	 1
1462070261.135	 5	 0.938538	 0.088058	 0.327820	 1
1462070261.145	 5	 0.937576	 0.088257	 0.328354	 1
1462070261.155	 5	 0.939987	 0.088318	 0.329361	 1
1462070261.165	 5	 0.938812	 0.089020	 0.329315	 1
1462070261.175	 5	 0.939224	 0.087341	 0.327957	 1
1462070261.185	 5	 0.937775	 0.088776	 0.327591	 1
1462070261.195	 5	 0.938553	 0.089417	 0.327713	 1
1462070261.205	 5	 0.935242	 0.088104	 0.328568	 1
1462070261.215	 5	 0.938797	 0.087296	 0.326065	 1
1462070261.225	 5	 0.939316	 0.087265	 0.328217	 1
1462070261.235	 5	 0.937485	 0.088028	 0.329300	 1
1462070261.245	 5	 0.937714	 0.088196	 0.329025	 1
1462070261.255	 5	 0.937210	 0.088516	 0.327362	 1
1462070261.265	 5	 0.939972	 0.088715	 0.328674	 1
1462070261.275	 5	 0.936646	 0.088104	 0.328918	 1
1462070261.285	 5	 0.938690	 0.088943	 0.328278	 1
1462070261.295	 5	 0.936371	 0.089905	 0.329666	 1
1462070261.305	 5	 0.938797	 0.089844	 0.329544	 1
1462070261.315	 5	 0.938126	 0.087830	 0.327347	 1
1462070261.325	 5	 0.938980	 0.086456	 0.329788	 1
1462070261.335	 5	 0.936783	 0.089462	 0.328094	 1
1462070261.345	 5	 0.937912	 0.088470	 0.328552	 1
1462070261.355	 5	 0.935532	 0.086945	 0.330566	 1
1462070261.365	 5	 0.937592	 0.087967	 0.332153	 1
1462070261.375	 5	 0.938644	 0.089355	 0.331985	 1
1462070261.385	 5	 0.937790	 0.087509	 0.331268	 1
1462070261.395	 5	 0.935547	 0.086441	 0.329773	 1
1462070261.405	 5	 0.938766	 0.088440	 0.327805	 1
1462070261.415	 5	 0.938812	 0.088516	 0.327209	 1
1462070261.425	 5	 0.939850	 0.088867	 0.326569	 1
1462070261.435	 5	 0.937653	 0.086731	 0.327682	 1
1462070261.445	 5	 0.938095	 0.087692	 0.327332	 1
1462070261.455	 5	 0.939743	 0.088425	 0.328247	 1
1462070261.465	 5	 0.938019	 0.090820	 0.326187	 1
1462070261.475	 5	 0.937454	 0.087891	 0.328690	 1
1462070261.485	 5	 0.939011	 0.088623	 0.329071	 1
1462070261.495	 5	 0.939423	 0.087997	 0.325729	 1
1462070261.505	 5	 0.937897	 0.089401	 0.328445	 1
1462070261.515	 5	 0.937881	 0.087265	 0.329300	 1
1462070261.525	 5	 0.937332	 0.088562	 0.327438	 1
1462070261.535	 5	 0.937286	 0.088608	 0.330185	 1
1462070261.545	 5	 0.936493	 0.089020	 0.327972	 1
1462070261.555	 5	 0.939056	 0.087708	 0.330368	 1
1462070261.565	 5	 0.939682	 0.089508	 0.328827	 1
1462070261.575	 5	 0.935730	 0.087860	 0.329864	 1
1462070261.585	 5	 0.934769	 0.088638	 0.329468	 1
1462070261.595	 5	 0.940125	 0.088455	 0.329086	 1
1462070261.605	 5	 0.938263	 0.088867	 0.327576	 1
1462070261.615	 5	 0.935837	 0.089600	 0.329620	 1
1462070261.625	 5	 0.936249	 0.088379	 0.329086	 1
1462070261.635	 5	 0.939392	 0.087418	 0.327438	 1
1462070261.645	 5	 0.937302	 0.087708	 0.331116	 1
1462070261.655	 5	 0.938461	 0.086655	 0.328690	 1
1462070261.665	 5	 0.937286	 0.088226	 0.330734	 1
1462070261.675	 5	 0.937683	 0.088623	 0.327683	 1
1462070261.685	 5	 0.937271	 0.089508	 0.328110	 1
1462070261.695	 5	 0.938034	 0.088577	 0.329956	 1
1462070261.705	 5	 0.937256	 0.088562	 0.328812	 1
1462070261.715	 5	 0.938339	 0.086853	 0.326828	 1
1462070261.725	 5	 0.937668	 0.087967	 0.328354	 1
1462070261.735	 5	 0.938644	 0.088226	 0.329254	 1
1462070261.745	 5	 0.936508	 0.087616	 0.328461	 1
1462070261.755	 5	 0.938385	 0.087051	 0.329819	 1
1462070261.765	 5	 0.935425	 0.089676	 0.330460	 1
1462070261.775	 5	 0.935516	 0.087418	 0.327652	 1
1462070261.785	 5	 0.939178	 0.089035	 0.330704	 1
1462070261.795	 5	 0.937393	 0.087524	 0.329849	 1
1462070261.805	 5	 0.941238	 0.087814	 0.327148	 1
1462070261.815	 5	 0.937424	 0.087265	 0.329269	 1
1462070261.825	 5	 0.938095	 0.086945	 0.325760	 1
1462070261.835	 5	 0.936890	 0.088486	 0.329895	 1
1462070261.845	 5	 0.938339	 0.088074	 0.328979	 1
1462070261.855	 5	 0.939163	 0.086655	 0.330032	 1
1462070261.865	 5	 0.939087	 0.088409	 0.328674	 1
1462070261.875	 5	 0.937881	 0.086990	 0.327164	 1
1462070261.885	 5	 0.936951	 0.087036	 0.324753	 1
1462070261.895	 5	 0.937119	 0.087418	 0.330093	 1
1462070261.905	 5	 0.939148	 0.087448	 0.328735	 1
1462070261.915	 5	 0.938904	 0.087524	 0.327850	 1
1462070261.925	 5	 0.937973	 0.089203	 0.326920	 1
1462070261.935	 5	 0.937195	 0.088120	 0.327347	 1
1462070261.945	 5	 0.940735	 0.088135	 0.328522	 1
1462070261.955	 5	 0.937058	 0.088043	 0.325516	 1
1462070261.965	 5	 0.937363	 0.087067	 0.328140	 1
1462070261.975	 5	 0.937653	 0.087570	 0.330093	 1
1462070261.985	 5	 0.939301	 0.087738	 0.328033	 1
1462070261.995	 5	 0.938507	 0.090149	 0.328522	 1
1462070262.005	 5	 0.937561	 0.087540	 0.330826	 1
1462070262.015	 5	 0.938385	 0.088867	 0.330048	 1
1462070262.025	 5	 0.938828	 0.088364	 0.328659	 1
1462070262.035	 5	 0.939865	 0.089035	 0.326324	 1
1462070262.045	 5	 0.936081	 0.087128	 0.329758	 1
1462070262.055	 5	 0.937622	 0.087662	 0.331680	 1
1462070262.065	 5	 0.939407	 0.085663	 0.330933	 1
1462070262.075	 5	 0.938232	 0.087479	 0.327332	 1
1462070262.085	 5	 0.936401	 0.087738	 0.327377	 1
1462070262.095	 5	 0.937012	 0.087341	 0.327927	 1
1462070262.105	 5	 0.937515	 0.087784	 0.328491	 1
1462070262.115	 5	 0.937698	 0.086792	 0.325836	 1
1462070262.125	 5	 0.937164	 0.087845	 0.330475	 1
1462070262.135	 5	 0.936737	 0.088516	 0.326355	 1
1462070262.145	 5	 0.939590	 0.088959	 0.329559	 1
1462070262.155	 5	 0.938843	 0.085464	 0.328888	 1
1462070262.165	 5	 0.935715	 0.086472	 0.329147	 1
1462070262.175	 5	 0.936569	 0.087082	 0.329041	 1
1462070262.185	 5	 0.940948	 0.087173	 0.329254	 1
1462070262.195	 5	 0.938126	 0.087997	 0.328430	 1
1462070262.205	 5	 0.937225	 0.089294	 0.326736	 1
1462070262.215	 5	 0.937134	 0.087402	 0.330933	 1
1462070262.225	 5	 0.938187	 0.087631	 0.328125	 1
1462070262.235	 5	 0.937592	 0.087006	 0.327774	 1
1462070262.245	 5	 0.937195	 0.086990	 0.326096	 1
1462070262.255	 5	 0.938126	 0.086884	 0.329529	 1
1462070262.265	 5	 0.938355	 0.089218	 0.330017	 1
1462070262.275	 5	 0.937485	 0.088989	 0.328674	 1
1462070262.285	 5	 0.937515	 0.088364	 0.328400	 1
1462070262.295	 5	 0.938171	 0.089050	 0.328079	 1
1462070262.305	 5	 0.937805	 0.087357	 0.329620	 1
1462070262.315	 5	 0.936340	 0.087799	 0.329514	 1
1462070262.325	 5	 0.936279	 0.088196	 0.329636	 1
1462070262.335	 5	 0.938370	 0.088074	 0.330612	 1
1462070262.345	 5	 0.938980	 0.087418	 0.329407	 1
1462070262.355	 5	 0.936981	 0.087967	 0.329285	 1
1462070262.365	 5	 0.937683	 0.086792	 0.330902	 1
1462070262.375	 5	 0.937363	 0.086899	 0.328552	 1
1462070262.385	 5	 0.936539	 0.086578	 0.332520	 1
1462070262.395	 5	 0.939529	 0.085297	 0.331238	 1
1462070262.405	 5	 0.938492	 0.087418	 0.330460	 1
1462070262.415	 5	 0.938171	 0.088821	 0.327393	 1
1462070262.425	 5	 0.938751	 0.087433	 0.327621	 1
1462070262.435	 5	 0.937317	 0.088013	 0.330215	 1
1462070262.445	 5	 0.938034	 0.087051	 0.329346	 1
1462070262.455	 5	 0.936203	 0.088928	 0.328033	 1
1462070262.465	 5	 0.938889	 0.086960	 0.330627	 1
1462070262.475	 5	 0.940338	 0.088181	 0.327576	 1
1462070262.485	 5	 0.938751	 0.087280	 0.326904	 1
1462070262.495	 5	 0.937134	 0.088211	 0.328354	 1
1462070262.505	 5	 0.938980	 0.087952	 0.328888	 1
1462070262.515	 5	 0.938583	 0.089325	 0.327744	 1
1462070262.525	 5	 0.939240	 0.088821	 0.329605	 1
1462070262.535	 5	 0.937897	 0.088577	 0.326004	 1
1462070262.545	 5	 0.937576	 0.087830	 0.329163	 1
1462070262.555	 5	 0.938034	 0.087372	 0.329346	 1
1462070262.565	 5	 0.940231	 0.087204	 0.330368	 1
1462070262.575	 5	 0.937241	 0.086548	 0.329071	 1
1462070262.585	 5	 0.939026	 0.087952	 0.331268	 1
1462070262.595	 5	 0.938843	 0.087952	 0.329697	 1
1462070262.605	 5	 0.938614	 0.087585	 0.328339	 1
1462070262.615	 5	 0.939163	 0.086502	 0.328995	 1
1462070262.625	 5	 0.936325	 0.086823	 0.330902	 1
1462070262.635	 5	 0.936279	 0.086548	 0.331329	 1
1462070262.645	 5	 0.935806	 0.087585	 0.328125	 1
1462070262.655	 5	 0.937271	 0.086777	 0.330215	 1
1462070262.665	 5	 0.937180	 0.087433	 0.331726	 1
1462070262.675	 5	 0.938675	 0.088058	 0.329956	 1
1462070262.685	 5	 0.938354	 0.087387	 0.329025	 1
1462070262.695	 5	 0.936920	 0.085388	 0.329636	 1
1462070262.705	 5	 0.936325	 0.087814	 0.331879	 1
1462070262.715	 5	 0.939636	 0.087448	 0.329605	 1
1462070262.725	 5	 0.938705	 0.086990	 0.331711	 1
1462070262.735	 5	 0.937729	 0.088211	 0.330643	 1
1462070262.745	 5	 0.935440	 0.086319	 0.328751	 1
1462070262.755	 5	 0.937302	 0.085678	 0.331406	 1
1462070262.765	 5	 0.936661	 0.088226	 0.331711	 1
1462070262.775	 5	 0.938751	 0.087891	 0.328476	 1
1462070262.785	 5	 0.936478	 0.087814	 0.328888	 1
1462070262.795	 5	 0.939423	 0.087677	 0.329376	 1
1462070262.805	 5	 0.936920	 0.087952	 0.329163	 1
1462070262.815	 5	 0.938110	 0.087830	 0.331039	 1
1462070262.825	 5	 0.935883	 0.086670	 0.330185	 1
1462070262.835	 5	 0.937836	 0.086670	 0.328842	 1
1462070262.845	 5	 0.937729	 0.084808	 0.328781	 1
1462070262.855	 5	 0.936172	 0.085922	 0.329391	 1
1462070262.865	 5	 0.938919	 0.086853	 0.331009	 1
1462070262.875	 5	 0.938644	 0.087372	 0.329773	 1
1462070262.885	 5	 0.937851	 0.086563	 0.329498	 1
1462070262.895	 5	 0.937881	 0.085953	 0.328110	 1
1462070262.905	 5	 0.934723	 0.087845	 0.331070	 1
1462070262.915	 5	 0.937271	 0.086609	 0.330536	 1
1462070262.925	 5	 0.938004	 0.087799	 0.328110	 1
1462070262.935	 5	 0.938232	 0.087738	 0.329086	 1
1462070262.945	 5	 0.936966	 0.087357	 0.329025	 1
1462070262.955	 5	 0.936844	 0.086426	 0.328522	 1
1462070262.965	 5	 0.938873	 0.084915	 0.330551	 1
1462070262.975	 5	 0.937271	 0.089218	 0.330658	 1
1462070262.985	 5	 0.939407	 0.087097	 0.331345	 1
1462070262.995	 5	 0.939133	 0.086899	 0.329697	 1
1462070263.005	 5	 0.937286	 0.086548	 0.331009	 1
1462070263.015	 5	 0.938248	 0.088104	 0.331589	 1
1462070263.025	 5	 0.938339	 0.086731	 0.330597	 1
1462070263.035	 5	 0.936218	 0.086426	 0.332214	 1
1462070263.045	 5	 0.938705	 0.086273	 0.329895	 1
1462070263.055	 5	 0.940750	 0.086884	 0.328247	 1
1462070263.065	 5	 0.937683	 0.086761	 0.329681	 1
1462070263.075	 5	 0.936707	 0.086227	 0.330338	 1
1462070263.085	 5	 0.935028	 0.087418	 0.331787	 1
1462070263.095	 5	 0.939774	 0.087189	 0.330231	 1
1462070263.105	 5	 0.937897	 0.086411	 0.329834	 1
1462070263.115	 5	 0.938217	 0.086868	 0.329971	 1
1462070263.125	 5	 0.939713	 0.086395	 0.331894	 1
1462070263.135	 5	 0.937775	 0.087509	 0.331757	 1
1462070263.145	 5	 0.936890	 0.085663	 0.328827	 1
1462070263.155	 5	 0.939148	 0.087738	 0.329483	 1
1462070263.165	 5	 0.937271	 0.087112	 0.330185	 1
1462070263.175	 5	 0.938736	 0.089371	 0.329117	 1
1462070263.185	 5	 0.936081	 0.087189	 0.330490	 1
1462070263.195	 5	 0.938568	 0.085999	 0.328323	 1
1462070263.205	 5	 0.937668	 0.085815	 0.329269	 1
1462070263.215	 5	 0.933304	 0.080902	 0.336227	 1
1462070263.225	 5	 0.937759	 0.091171	 0.326309	 1
1462070263.235	 5	 0.939423	 0.085648	 0.329727	 1
1462070263.245	 5	 0.939453	 0.087036	 0.329407	 1
1462070263.255	 5	 0.939667	 0.085541	 0.329285	 1
1462070263.265	 5	 0.936783	 0.086914	 0.327545	 1
1462070263.275	 5	 0.941055	 0.087936	 0.333145	 1
1462070263.285	 5	 0.936005	 0.087051	 0.331192	 1
1462070263.295	 5	 0.938644	 0.087494	 0.330109	 1
1462070263.305	 5	 0.937820	 0.086121	 0.330231	 1
1462070263.315	 5	 0.940125	 0.084503	 0.330383	 1
1462070263.325	 5	 0.938019	 0.085114	 0.330185	 1
1462070263.335	 5	 0.936462	 0.088196	 0.330368	 1
1462070263.345	 5	 0.937485	 0.085312	 0.332306	 1
1462070263.355	 5	 0.938293	 0.085922	 0.332352	 1
1462070263.365	 5	 0.936417	 0.087112	 0.333038	 1
1462070263.375	 5	 0.936752	 0.087723	 0.332581	 1
1462070263.385	 5	 0.936020	 0.085449	 0.330414	 1
1462070263.395	 5	 0.935791	 0.087189	 0.330444	 1
1462070263.405	 5	 0.936371	 0.085022	 0.330032	 1
1462070263.415	 5	 0.936295	 0.086212	 0.332626	 1
1462070263.425	 5	 0.939087	 0.085968	 0.330826	 1
1462070263.435	 5	 0.938904	 0.087021	 0.330978	 1
1462070263.445	 5	 0.937042	 0.086731	 0.329605	 1
1462070263.455	 5	 0.936874	 0.085846	 0.328354	 1
1462070263.465	 5	 0.937637	 0.087418	 0.330704	 1
1462070263.475	 5	 0.939178	 0.088608	 0.329132	 1
1462070263.485	 5	 0.938217	 0.086517	 0.332428	 1
1462070263.495	 5	 0.939270	 0.089264	 0.326645	 1
1462070263.505	 5	 0.936981	 0.085327	 0.329819	 1
1462070263.515	 5	 0.939911	 0.086044	 0.330017	 1
1462070263.525	 5	 0.936600	 0.086716	 0.330536	 1
1462070263.535	 5	 0.936508	 0.085266	 0.331009	 1
1462070263.545	 5	 0.938950	 0.088394	 0.331085	 1
1462070263.555	 5	 0.936111	 0.085846	 0.332123	 1
1462070263.565	 5	 0.934860	 0.085449	 0.331635	 1
1462070263.575	 5	 0.936356	 0.086197	 0.329529	 1
1462070263.585	 5	 0.937546	 0.087601	 0.331131	 1
1462070263.595	 5	 0.937378	 0.087891	 0.329102	 1
1462070263.605	 5	 0.935913	 0.086319	 0.330643	 1
1462070263.615	 5	 0.938507	 0.085724	 0.329681	 1
1462070263.625	 5	 0.939468	 0.084427	 0.332840	 1
1462070263.635	 5	 0.935791	 0.087082	 0.330307	 1
1462070263.645	 5	 0.933868	 0.087494	 0.329132	 1
1462070263.655	 5	 0.939072	 0.087128	 0.329666	 1
1462070263.665	 5	 0.936630	 0.085999	 0.329300	 1
1462070263.675	 5	 0.937912	 0.087555	 0.332809	 1
1462070263.685	 5	 0.938858	 0.087646	 0.330444	 1
1462070263.695	 5	 0.937958	 0.085953	 0.330032	 1
1462070263.705	 5	 0.937714	 0.086563	 0.329300	 1
1462070263.715	 5	 0.936890	 0.087555	 0.326889	 1
1462070263.725	 5	 0.938812	 0.086243	 0.328705	 1
1462070263.735	 5	 0.936874	 0.086334	 0.328934	 1
1462070263.745	 5	 0.936691	 0.086838	 0.329651	 1
1462070263.755	 5	 0.936172	 0.087296	 0.329437	 1
1462070263.765	 5	 0.937744	 0.085663	 0.331757	 1
1462070263.775	 5	 0.935532	 0.087662	 0.330826	 1
1462070263.785	 5	 0.938324	 0.086792	 0.331635	 1
1462070263.795	 5	 0.937027	 0.087173	 0.330444	 1
1462070263.805	 5	 0.938995	 0.087494	 0.329651	 1
1462070263.815	 5	 0.937790	 0.086639	 0.332016	 1
1462070263.825	 5	 0.937256	 0.086136	 0.332932	 1
1462070263.835	 5	 0.938950	 0.085831	 0.330826	 1
1462070263.845	 5	 0.939117	 0.086319	 0.329803	 1
1462070263.855	 5	 0.936661	 0.086563	 0.329559	 1
1462070263.865	 5	 0.938095	 0.087952	 0.329315	 1
1462070263.875	 5	 0.939255	 0.085876	 0.330002	 1
1462070263.885	 5	 0.937973	 0.085968	 0.329468	 1
1462070263.895	 5	 0.937363	 0.085815	 0.327683	 1
1462070263.905	 5	 0.936874	 0.088211	 0.328552	 1
1462070263.915	 5	 0.938156	 0.087601	 0.328766	 1
1462070263.925	 5	 0.938721	 0.087219	 0.332428	 1
1462070263.935	 5	 0.937607	 0.087921	 0.332550	 1
1462070263.945	 5	 0.938858	 0.085419	 0.331009	 1
1462070263.955	 5	 0.935379	 0.086884	 0.331055	 1
1462070263.965	 5	 0.937485	 0.085953	 0.328323	 1
1462070263.975	 5	 0.938339	 0.087311	 0.329636	 1
1462070263.985	 5	 0.937653	 0.087021	 0.331787	 1
1462070263.995	 5	 0.935715	 0.087433	 0.330460	 1
1462070264.005	 5	 0.938721	 0.087540	 0.331757	 1
1462070264.015	 5	 0.936066	 0.086685	 0.330597	 1
1462070264.025	 5	 0.936325	 0.085312	 0.330460	 1
1462070264.035	 5	 0.937500	 0.086548	 0.331863	 1
1462070264.045	 5	 0.937851	 0.087097	 0.331406	 1
1462070264.055	 5	 0.938141	 0.087952	 0.331131	 1
1462070264.065	 5	 0.937195	 0.086334	 0.331924	 1
1462070264.075	 5	 0.936798	 0.087189	 0.328201	 1
1462070264.085	 5	 0.937393	 0.087860	 0.329697	 1
1462070264.095	 5	 0.937103	 0.085922	 0.332382	 1
1462070264.105	 5	 0.936295	 0.086426	 0.330994	 1
1462070264.115	 5	 0.936005	 0.087662	 0.331543	 1
1462070264.125	 5	 0.936783	 0.087982	 0.331848	 1
1462070264.135	 5	 0.939575	 0.086731	 0.332336	 1
1462070264.145	 5	 0.937225	 0.087646	 0.329483	 1
1462070264.155	 5	 0.938080	 0.085281	 0.330414	 1
1462070264.165	 5	 0.938797	 0.085251	 0.330322	 1
1462070264.175	 5	 0.935059	 0.088074	 0.332611	 1
1462070264.185	 5	 0.937790	 0.088074	 0.328857	 1
1462070264.195	 5	 0.937683	 0.086975	 0.330734	 1
1462070264.205	 5	 0.937881	 0.086441	 0.329147	 1
1462070264.215	 5	 0.937210	 0.088821	 0.332321	 1
1462070264.225	 5	 0.935989	 0.086151	 0.329620	 1
1462070264.235	 5	 0.937058	 0.086914	 0.329849	 1
1462070264.245	 5	 0.935608	 0.087875	 0.330566	 1
1462070264.255	 5	 0.938095	 0.086731	 0.331207	 1
1462070264.265	 5	 0.938919	 0.085709	 0.330093	 1
1462070264.275	 5	 0.937637	 0.086166	 0.330276	 1
1462070264.285	 5	 0.937225	 0.086136	 0.330185	 1
1462070264.295	 5	 0.937927	 0.085892	 0.332062	 1
1462070264.305	 5	 0.937546	 0.085709	 0.331833	 1
1462070264.315	 5	 0.938858	 0.084183	 0.332626	 1
1462070264.325	 5	 0.938629	 0.087219	 0.331680	 1
1462070264.335	 5	 0.938141	 0.085587	 0.332184	 1
1462070264.345	 5	 0.937210	 0.086578	 0.329346	 1
1462070264.355	 5	 0.936432	 0.087845	 0.329727	 1
1462070264.365	 5	 0.937119	 0.085846	 0.333435	 1
1462070264.375	 5	 0.935272	 0.083847	 0.332077	 1
1462070264.385	 5	 0.935791	 0.086014	 0.330139	 1
1462070264.395	 5	 0.934982	 0.084702	 0.329712	 1
1462070264.405	 5	 0.937927	 0.086029	 0.331955	 1
1462070264.415	 5	 0.936371	 0.086945	 0.331650	 1
1462070264.425	 5	 0.934906	 0.087128	 0.329193	 1
1462070264.435	 5	 0.938904	 0.083725	 0.330353	 1
1462070264.445	 5	 0.939377	 0.088043	 0.330719	 1
1462070264.455	 5	 0.937454	 0.084946	 0.328918	 1
1462070264.465	 5	 0.931519	 0.088501	 0.327805	 1
1462070264.475	 5	 0.936691	 0.086411	 0.328094	 1
1462070264.485	 5	 0.943985	 0.083374	 0.328583	 1
1462070264.495	 5	 0.940842	 0.086578	 0.331940	 1
1462070264.505	 5	 0.941040	 0.087234	 0.328094	 1
1462070264.515	 5	 0.936111	 0.087448	 0.329803	 1
1462070264.525	 5	 0.935959	 0.086807	 0.330414	 1
1462070264.535	 5	 0.936920	 0.086395	 0.330704	 1
1462070264.545	 5	 0.937012	 0.088165	 0.328110	 1
1462070264.555	 5	 0.937668	 0.087952	 0.331863	 1
1462070264.565	 5	 0.937058	 0.086487	 0.332626	 1
1462070264.575	 5	 0.934647	 0.086166	 0.330261	 1
1462070264.585	 5	 0.936172	 0.086380	 0.330978	 1
1462070264.595	 5	 0.939880	 0.086868	 0.331528	 1
1462070264.605	 5	 0.935974	 0.086243	 0.330765	 1
1462070264.615	 5	 0.935532	 0.086746	 0.332565	 1
1462070264.625	 5	 0.937195	 0.085693	 0.329422	 1
1462070264.635	 5	 0.936356	 0.085220	 0.331436	 1
1462070264.645	 5	 0.936844	 0.086945	 0.331482	 1
1462070264.655	 5	 0.936646	 0.084305	 0.329849	 1
1462070264.665	 5	 0.937195	 0.087891	 0.329895	 1
1462070264.675	 5	 0.937012	 0.086197	 0.332092	 1
1462070264.685	 5	 0.937103	 0.087387	 0.329605	 1
1462070264.695	 5	 0.937347	 0.088730	 0.331390	 1
1462070264.705	 5	 0.938889	 0.087646	 0.330582	 1
1462070264.715	 5	 0.938385	 0.088974	 0.330322	 1
1462070264.725	 5	 0.936340	 0.086578	 0.330246	 1
1462070264.735	 5	 0.937271	 0.088348	 0.330200	 1
1462070264.745	 5	 0.939438	 0.085770	 0.332336	 1
1462070264.755	 5	 0.938431	 0.088257	 0.330383	 1
1462070264.765	 5	 0.936493	 0.084656	 0.331863	 1
1462070264.775	 5	 0.937851	 0.086426	 0.332520	 1
1462070264.785	 5	 0.938293	 0.086823	 0.331985	 1
1462070264.795	 5	 0.935410	 0.089600	 0.329437	 1
1462070264.805	 5	 0.937286	 0.088837	 0.328568	 1
1462070264.815	 5	 0.936417	 0.087799	 0.330139	 1
1462070264.825	 5	 0.936890	 0.088379	 0.326981	 1
1462070264.835	 5	 0.940567	 0.086517	 0.326859	 1
1462070264.845	 5	 0.938660	 0.085800	 0.329346	 1
1462070264.855	 5	 0.939987	 0.087189	 0.328918	 1
1462070264.865	 5	 0.938461	 0.087845	 0.329544	 1
1462070264.875	 5	 0.937637	 0.088333	 0.327713	 1
1462070264.885	 5	 0.937241	 0.088013	 0.326492	 1
1462070264.895	 5	 0.936172	 0.086578	 0.328934	 1
1462070264.905	 5	 0.939056	 0.086929	 0.330185	 1
1462070264.915	 5	 0.940826	 0.086502	 0.330261	 1
1462070264.925	 5	 0.937698	 0.087036	 0.329269	 1
1462070264.935	 5	 0.939987	 0.087265	 0.331696	 1
1462070264.945	 5	 0.937454	 0.087921	 0.328644	 1
1462070264.955	 5	 0.935593	 0.087845	 0.332336	 1
1462070264.965	 5	 0.939850	 0.090347	 0.329773	 1
1462070264.975	 5	 0.938309	 0.086365	 0.332260	 1
1462070264.985	 5	 0.935974	 0.090530	 0.330841	 1
1462070264.995	 5	 0.937927	 0.087601	 0.333694	 1
1462070265.005	 5	 0.937073	 0.091034	 0.329712	 1
1462070265.015	 5	 0.941925	 0.091431	 0.329544	 1
1462070265.025	 5	 0.943390	 0.094635	 0.328384	 1
1462070265.035	 5	 0.942276	 0.098175	 0.329315	 1
1462070265.045	 5	 0.934723	 0.110138	 0.332855	 1
1462070265.055	 5	 0.938507	 0.114792	 0.322189	 1
1462070265.065	 5	 0.942444	 0.110275	 0.328476	 1
1462070265.075	 5	 0.943573	 0.115234	 0.323318	 1
1462070265.085	 5	 0.941788	 0.117249	 0.325577	 1
1462070265.095	 5	 0.941147	 0.121628	 0.323013	 1
1462070265.105	 5	 0.940598	 0.130630	 0.327896	 1
1462070265.115	 5	 0.945877	 0.143265	 0.318268	 1
1462070265.125	 5	 0.953232	 0.149551	 0.315567	 1
1462070265.135	 5	 0.962296	 0.144043	 0.315048	 1
1462070265.145	 5	 0.978119	 0.146011	 0.306488	 1
1462070265.155	 5	 0.979446	 0.132599	 0.301682	 1
1462070265.165	 5	 0.971848	 0.119003	 0.301910	 1
1462070265.175	 5	 0.966019	 0.111343	 0.306656	 1
1462070265.185	 5	 0.950241	 0.111893	 0.309662	 1
1462070265.195	 5	 0.951584	 0.118332	 0.320099	 1
1462070265.205	 5	 0.959137	 0.118744	 0.333023	 1
1462070265.215	 5	 0.960648	 0.131042	 0.318192	 1
1462070265.225	 5	 0.971802	 0.147217	 0.325516	 1
1462070265.235	 5	 0.967331	 0.144424	 0.323471	 1
1462070265.245	 5	 0.978134	 0.166122	 0.304581	 1
1462070265.255	 5	 1.009979	 0.176392	 0.286652	 1
1462070265.265	 5	 1.025940	 0.172180	 0.263092	 1
1462070265.275	 5	 1.075973	 0.188324	 0.239365	 1
1462070265.285	 5	 1.094666	 0.193680	 0.246155	 1
1462070265.295	 5	 1.092697	 0.204926	 0.254791	 1
1462070265.305	 5	 1.081558	 0.205688	 0.273178	 1
1462070265.315	 5	 1.055420	 0.201828	 0.293686	 1
1462070265.325	 5	 1.035645	 0.219467	 0.294159	 1
1462070265.335	 5	 1.020325	 0.236130	 0.280441	 1
1462070265.345	 5	 0.979111	 0.253021	 0.241882	 1
1462070265.355	 5	 0.945053	 0.264206	 0.234756	 1
1462070265.365	 5	 0.914047	 0.274673	 0.248352	 1
1462070265.375	 5	 0.890289	 0.287003	 0.245636	 1
1462070265.385	 5	 0.863556	 0.301727	 0.246780	 1
1462070265.395	 5	 0.850082	 0.307510	 0.242706	 1
1462070265.405	 5	 0.854996	 0.320938	 0.185242	 1
1462070265.415	 5	 0.853714	 0.264893	 0.228699	 1
1462070265.425	 5	 0.855591	 0.200958	 0.325073	 1
1462070265.435	 5	 0.866165	 0.168365	 0.434265	 1
1462070265.445	 5	 0.871399	 0.197968	 0.445114	 1
1462070265.455	 5	 0.887146	 0.173447	 0.458893	 1
1462070265.465	 5	 0.902466	 0.151520	 0.386902	 1
1462070265.475	 5	 0.918716	 0.163986	 0.292664	 1
1462070265.485	 5	 0.916412	 0.166031	 0.226959	 1
1462070265.495	 5	 0.933731	 0.133728	 0.199387	 1
1462070265.505	 5	 0.980988	 0.088760	 0.180435	 1
1462070265.515	 5	 1.035568	 0.021835	 0.169403	 1
1462070265.525	 5	 1.080643	 -0.035858	 0.160828	 1
1462070265.535	 5	 1.102676	 -0.079727	 0.153809	 1
1462070265.545	 5	 1.075409	 -0.103653	 0.148590	 1
1462070265.555	 5	 1.041153	 -0.114624	 0.144592	 1
1462070265.565	 5	 1.032532	 -0.113190	 0.086838	 1
1462070265.575	 5	 1.034653	 -0.159409	 0.072128	 1
1462070265.585	 5	 1.050964	 -0.207855	 0.067261	 1
1462070265.595	 5	 1.074905	 -0.245346	 0.039856	 1
1462070265.605	 5	 1.104523	 -0.282318	 0.007736	 1
1462070265.615	 5	 1.128037	 -0.316132	 -0.029709	 1
1462070265.625	 5	 1.151428	 -0.347473	 -0.059586	 1
1462070265.635	 5	 1.179443	 -0.376419	 -0.088455	 1
1462070265.645	 5	 1.214401	 -0.398483	 -0.099655	 1
1462070265.655	 5	 1.242065	 -0.427948	 -0.113052	 1
1462070265.665	 5	 1.255218	 -0.460983	 -0.121155	 1
1462070265.675	 5	 1.259140	 -0.476532	 -0.123062	 1
1462070265.685	 5	 1.259201	 -0.472641	 -0.125961	 1
1462070265.695	 5	 1.254333	 -0.465851	 -0.136017	 1
1462070265.705	 5	 1.247009	 -0.458405	 -0.144348	 1
1462070265.715	 5	 1.242187	 -0.453018	 -0.161102	 1
1462070265.725	 5	 1.236908	 -0.449692	 -0.174988	 1
1462070265.735	 5	 1.240387	 -0.446075	 -0.188019	 1
1462070265.745	 5	 1.233688	 -0.446381	 -0.200211	 1
1462070265.755	 5	 1.224243	 -0.418808	 -0.211929	 1
1462070265.765	 5	 1.215713	 -0.394379	 -0.231598	 1
1462070265.775	 5	 1.198868	 -0.368423	 -0.248322	 1
1462070265.785	 5	 1.176880	 -0.341705	 -0.271622	 1
1462070265.795	 5	 1.144775	 -0.318756	 -0.294907	 1
1462070265.805	 5	 1.124588	 -0.294632	 -0.312973	 1
1462070265.815	 5	 1.107330	 -0.275757	 -0.331711	 1
1462070265.825	 5	 1.101105	 -0.256348	 -0.354507	 1
1462070265.835	 5	 1.076355	 -0.233963	 -0.372299	 1
1462070265.845	 5	 1.055298	 -0.218292	 -0.373871	 1
1462070265.855	 5	 1.040070	 -0.220245	 -0.380005	 1
1462070265.865	 5	 1.024017	 -0.249664	 -0.393311	 1
1462070265.875	 5	 1.003342	 -0.275757	 -0.403595	 1
1462070265.885	 5	 0.991837	 -0.294754	 -0.422424	 1
1462070265.895	 5	 0.976105	 -0.297119	 -0.438080	 1
1462070265.905	 5	 0.946335	 -0.295502	 -0.452789	 1
1462070265.915	 5	 0.915222	 -0.286118	 -0.466354	 1
1462070265.925	 5	 0.894836	 -0.282166	 -0.482193	 1
1462070265.935	 5	 0.875916	 -0.287155	 -0.510239	 1
1462070265.945	 5	 0.866394	 -0.289108	 -0.532059	 1
1462070265.955	 5	 0.867325	 -0.297134	 -0.546982	 1
1462070265.965	 5	 0.876587	 -0.310272	 -0.568527	 1
1462070265.975	 5	 0.881119	 -0.316818	 -0.588165	 1
1462070265.985	 5	 0.872681	 -0.325974	 -0.595627	 1
1462070265.995	 5	 0.856369	 -0.340408	 -0.595718	 1
1462070266.005	 5	 0.846130	 -0.330887	 -0.583298	 1
1462070266.015	 5	 0.838104	 -0.316544	 -0.578552	 1
1462070266.025	 5	 0.824814	 -0.301910	 -0.583282	 1
1462070266.035	 5	 0.819809	 -0.299500	 -0.593460	 1
1462070266.045	 5	 0.811218	 -0.306320	 -0.607239	 1
1462070266.055	 5	 0.795135	 -0.295395	 -0.610840	 1
1462070266.065	 5	 0.773056	 -0.306549	 -0.613434	 1
1462070266.075	 5	 0.772125	 -0.262894	 -0.606735	 1
1462070266.085	 5	 0.747467	 -0.261093	 -0.592819	 1
1462070266.095	 5	 0.721039	 -0.295761	 -0.560577	 1
1462070266.105	 5	 0.687164	 -0.310669	 -0.526306	 1
1462070266.115	 5	 0.663498	 -0.302216	 -0.491318	 1
1462070266.125	 5	 0.650375	 -0.319931	 -0.469803	 1
1462070266.135	 5	 0.655350	 -0.340744	 -0.456009	 1
1462070266.145	 5	 0.678345	 -0.385849	 -0.463318	 1
1462070266.155	 5	 0.688644	 -0.418350	 -0.479767	 1
1462070266.165	 5	 0.694534	 -0.433411	 -0.498306	 1
1462070266.175	 5	 0.707306	 -0.463455	 -0.505890	 1
1462070266.185	 5	 0.697464	 -0.483139	 -0.509888	 1
1462070266.195	 5	 0.682816	 -0.461807	 -0.501862	 1
1462070266.205	 5	 0.674774	 -0.441238	 -0.493637	 1
1462070266.215	 5	 0.657593	 -0.486343	 -0.503555	 1
1462070266.225	 5	 0.644852	 -0.443542	 -0.490051	 1
1462070266.235	 5	 0.623108	 -0.398926	 -0.501465	 1
1462070266.245	 5	 0.587341	 -0.381989	 -0.498169	 1
1462070266.255	 5	 0.546707	 -0.391586	 -0.476944	 1
1462070266.265	 5	 0.515762	 -0.415298	 -0.467545	 1
1462070266.275	 5	 0.491638	 -0.425552	 -0.465836	 1
1462070266.285	 5	 0.473297	 -0.424377	 -0.465469	 1
1462070266.295	 5	 0.467621	 -0.428604	 -0.468658	 1
1462070266.305	 5	 0.461212	 -0.437439	 -0.469833	 1
1462070266.315	 5	 0.455231	 -0.453613	 -0.475540	 1
1462070266.325	 5	 0.448578	 -0.474457	 -0.492722	 1
1462070266.335	 5	 0.441681	 -0.490173	 -0.506516	 1
1462070266.345	 5	 0.434448	 -0.497986	 -0.514236	 1
1462070266.355	 5	 0.425125	 -0.503128	 -0.525314	 1
1462070266.365	 5	 0.406235	 -0.500259	 -0.533478	 1
1462070266.375	 5	 0.384705	 -0.499268	 -0.530655	 1
1462070266.385	 5	 0.364120	 -0.497742	 -0.524261	 1
1462070266.395	 5	 0.341278	 -0.507309	 -0.508011	 1
1462070266.405	 5	 0.323578	 -0.499954	 -0.487030	 1
1462070266.415	 5	 0.279221	 -0.529831	 -0.471848	 1
1462070266.425	 5	 0.263306	 -0.572372	 -0.463531	 1
1462070266.435	 5	 0.242981	 -0.614227	 -0.465713	 1
1462070266.445	 5	 0.242584	 -0.643829	 -0.477982	 1
1462070266.455	 6	 0.246582	 -0.654709	 -0.501724	 1
1462070266.475	 6	 0.257904	 -0.636459	 -0.558685	 1
1462070266.485	 6	 0.255066	 -0.624695	 -0.577515	 1
1462070266.495	 6	 0.244858	 -0.616898	 -0.580521	 1
1462070266.505	 6	 0.234879	 -0.620239	 -0.575775	 1
1462070266.515	 6	 0.224442	 -0.642975	 -0.576889	 1
1462070266.525	 6	 0.204651	 -0.672104	 -0.562103	 1
1462070266.535	 6	 0.197937	 -0.690338	 -0.548614	 1
1462070266.545	 6	 0.191086	 -0.711456	 -0.535736	 1
1462070266.555	 6	 0.180817	 -0.731659	 -0.524582	 1
1462070266.565	 6	 0.173752	 -0.736984	 -0.513809	 1
1462070266.575	 6	 0.165558	 -0.736923	 -0.500610	 1
1462070266.585	 6	 0.162979	 -0.733337	 -0.495163	 1
1462070266.595	 6	 0.165070	 -0.734344	 -0.504517	 1
1462070266.605	 6	 0.188965	 -0.754364	 -0.547653	 1
1462070266.615	 6	 0.198868	 -0.769455	 -0.571579	 1
1462070266.625	 6	 0.211166	 -0.773407	 -0.582764	 1
1462070266.635	 6	 0.217880	 -0.775574	 -0.591476	 1
1462070266.645	 6	 0.219193	 -0.774017	 -0.596954	 1
1462070266.655	 6	 0.222260	 -0.764969	 -0.594635	 1
1462070266.665	 6	 0.212204	 -0.764740	 -0.589676	 1
1462070266.675	 6	 0.194809	 -0.761963	 -0.581528	 1
1462070266.685	 6	 0.178757	 -0.755417	 -0.577270	 1
1462070266.695	 7	 0.173676	 -0.749512	 -0.574997	 1
1462070266.715	 7	 0.172607	 -0.744995	 -0.585312	 1
1462070266.725	 8	 0.176086	 -0.751724	 -0.589905	 1
1462070266.745	 8	 0.176849	 -0.759460	 -0.610397	 1
1462070266.755	 8	 0.185898	 -0.742493	 -0.615646	 1
1462070266.765	 8	 0.191559	 -0.733658	 -0.626236	 1
1462070266.775	 8	 0.194565	 -0.735962	 -0.634583	 1
1462070266.785	 8	 0.188354	 -0.739655	 -0.635345	 1
1462070266.795	 8	 0.181183	 -0.742813	 -0.627777	 1
1462070266.805	 8	 0.165771	 -0.742432	 -0.615295	 1
1462070266.815	 8	 0.156082	 -0.744186	 -0.598846	 1
1462070266.825	 8	 0.147751	 -0.741028	 -0.583343	 1
1462070266.835	 8	 0.140274	 -0.737442	 -0.573288	 1
1462070266.845	 8	 0.139160	 -0.734985	 -0.568817	 1
1462070266.855	 8	 0.142899	 -0.743271	 -0.573639	 1
1462070266.865	 8	 0.150177	 -0.749786	 -0.581177	 1
1462070266.875	 8	 0.156311	 -0.748444	 -0.588470	 1
1462070266.885	 8	 0.156311	 -0.744919	 -0.595001	 1
1462070266.895	 8	 0.155533	 -0.742645	 -0.600647	 1
1462070266.905	 8	 0.158432	 -0.734299	 -0.604599	 1
1462070266.915	 8	 0.157761	 -0.734482	 -0.608627	 1
1462070266.925	 8	 0.161835	 -0.736832	 -0.611008	 1
1462070266.935	 8	 0.157120	 -0.736130	 -0.610184	 1
1462070266.945	 8	 0.156677	 -0.735291	 -0.604019	 1
1462070266.955	 8	 0.157394	 -0.739349	 -0.602921	 1
1462070266.965	 8	 0.162628	 -0.737671	 -0.597214	 1
1462070266.975	 8	 0.165329	 -0.746185	 -0.592407	 1
1462070266.985	 8	 0.170212	 -0.753647	 -0.589829	 1
1462070266.995	 8	 0.180817	 -0.759582	 -0.595535	 1
1462070267.005	 8	 0.190338	 -0.761139	 -0.601669	 1
1462070267.015	 8	 0.199295	 -0.760696	 -0.603378	 1
1462070267.025	 8	 0.202957	 -0.766769	 -0.610199	 1
1462070267.035	 8	 0.200287	 -0.769852	 -0.610840	 1
1462070267.045	 8	 0.195969	 -0.765701	 -0.608109	 1
1462070267.055	 8	 0.189468	 -0.766144	 -0.603439	 1
1462070267.065	 8	 0.187622	 -0.763977	 -0.598526	 1
1462070267.075	 8	 0.185272	 -0.760254	 -0.596725	 1
1462070267.085	 8	 0.181335	 -0.755859	 -0.594055	 1
1462070267.095	 8	 0.182098	 -0.749451	 -0.593887	 1
1462070267.105	 8	 0.184937	 -0.748276	 -0.592300	 1
1462070267.115	 8	 0.184280	 -0.752213	 -0.594818	 1
1462070267.125	 8	 0.190002	 -0.755447	 -0.595337	 1
1462070267.135	 8	 0.195282	 -0.758606	 -0.595795	 1
1462070267.145	 8	 0.192215	 -0.765366	 -0.592880	 1
1462070267.155	 8	 0.192200	 -0.766129	 -0.590576	 1
1462070267.165	 8	 0.191803	 -0.762039	 -0.590881	 1
1462070267.175	 8	 0.193069	 -0.755859	 -0.590256	 1
1462070267.185	 8	 0.188080	 -0.746460	 -0.584854	 1
1462070267.195	 8	 0.184235	 -0.744339	 -0.587112	 1
1462070267.205	 8	 0.182602	 -0.741501	 -0.585312	 1
1462070267.215	 8	 0.178299	 -0.739304	 -0.589111	 1
1462070267.225	 8	 0.177353	 -0.739593	 -0.586380	 1
1462070267.235	 8	 0.172958	 -0.738113	 -0.582855	 1
1462070267.245	 8	 0.175827	 -0.738297	 -0.577393	 1
1462070267.255	 8	 0.178711	 -0.742218	 -0.574356	 1
1462070267.265	 8	 0.184067	 -0.749405	 -0.572937	 1
1462070267.275	 8	 0.187210	 -0.761063	 -0.574921	 1
1462070267.285	 8	 0.190369	 -0.763901	 -0.575104	 1
1462070267.295	 8	 0.188385	 -0.766510	 -0.577408	 1
1462070267.305	 8	 0.184525	 -0.762299	 -0.576706	 1
1462070267.315	 8	 0.182922	 -0.761108	 -0.584763	 1
1462070267.325	 8	 0.180893	 -0.759338	 -0.590897	 1
1462070267.335	 8	 0.185043	 -0.756683	 -0.595322	 1
1462070267.345	 9	 0.187851	 -0.755966	 -0.598633	 1
1462070267.365	 9	 0.189194	 -0.756805	 -0.599228	 1
1462070267.375	 9	 0.194458	 -0.755676	 -0.600586	 1
1462070267.385	 9	 0.198181	 -0.761642	 -0.600754	 1
1462070267.395	 9	 0.199081	 -0.766876	 -0.600098	 1
1462070267.405	 9	 0.195496	 -0.765396	 -0.599670	 1
1462070267.415	 9	 0.194168	 -0.759628	 -0.597122	 1
1462070267.425	 9	 0.194351	 -0.758530	 -0.601532	 1
1462070267.435	 9	 0.193604	 -0.754318	 -0.603012	 1
1462070267.445	 9	 0.191162	 -0.755310	 -0.603668	 1
1462070267.455	 9	 0.189819	 -0.755890	 -0.600159	 1
1462070267.465	 9	 0.186127	 -0.755295	 -0.596878	 1
1462070267.475	 9	 0.184540	 -0.754776	 -0.597397	 1
1462070267.485	 9	 0.185349	 -0.756897	 -0.598816	 1
1462070267.495	 9	 0.185593	 -0.752197	 -0.599426	 1
1462070267.505	 9	 0.187164	 -0.750900	 -0.597473	 1
1462070267.515	 9	 0.186783	 -0.748871	 -0.597168	 1
1462070267.525	 9	 0.190491	 -0.744812	 -0.594620	 1
1462070267.535	 9	 0.188202	 -0.746262	 -0.589127	 1
1462070267.545	 9	 0.179016	 -0.750153	 -0.582855	 1
1462070267.555	 9	 0.174728	 -0.746796	 -0.575699	 1
1462070267.565	 9	 0.170319	 -0.745789	 -0.570999	 1
1462070267.575	 9	 0.168518	 -0.741592	 -0.567780	 1
1462070267.585	 9	 0.170166	 -0.743210	 -0.569427	 1
1462070267.595	 9	 0.167511	 -0.742981	 -0.572510	 1
1462070267.605	 9	 0.167725	 -0.744858	 -0.573090	 1
1462070267.615	 9	 0.172531	 -0.747314	 -0.577972	 1
1462070267.625	 9	 0.175827	 -0.753708	 -0.583893	 1
1462070267.635	 9	 0.179932	 -0.752563	 -0.585388	 1
1462070267.645	 9	 0.179962	 -0.749222	 -0.581390	 1
1462070267.655	 9	 0.182037	 -0.752060	 -0.580765	 1
1462070267.665	 9	 0.184265	 -0.755310	 -0.579041	 1
1462070267.675	 9	 0.186508	 -0.755264	 -0.580658	 1
1462070267.685	 9	 0.191574	 -0.758545	 -0.588257	 1
1462070267.695	 9	 0.193466	 -0.763351	 -0.591629	 1
1462070267.705	 9	 0.197296	 -0.763107	 -0.591812	 1
1462070267.715	 9	 0.199356	 -0.764221	 -0.591766	 1
1462070267.725	 9	 0.194885	 -0.765350	 -0.592194	 1
1462070267.735	 9	 0.189941	 -0.763107	 -0.591797	 1
1462070267.745	 9	 0.190430	 -0.760345	 -0.593857	 1
1462070267.755	 9	 0.189590	 -0.759628	 -0.593750	 1
1462070267.765	 9	 0.188400	 -0.753387	 -0.591690	 1
1462070267.775	 9	 0.192062	 -0.752518	 -0.591919	 1
1462070267.785	 9	 0.193253	 -0.755859	 -0.588226	 1
1462070267.795	 9	 0.194031	 -0.763596	 -0.589798	 1
1462070267.805	 9	 0.189270	 -0.762085	 -0.583801	 1
1462070267.815	 9	 0.186203	 -0.758179	 -0.584320	 1
1462070267.825	 9	 0.187271	 -0.759903	 -0.584702	 1
1462070267.835	 9	 0.187241	 -0.758682	 -0.586090	 1
1462070267.845	 9	 0.186859	 -0.759048	 -0.587738	 1
1462070267.855	 9	 0.191711	 -0.758865	 -0.585999	 1
1462070267.865	 9	 0.192123	 -0.761978	 -0.584305	 1
1462070267.875	 9	 0.193970	 -0.760376	 -0.581772	 1
1462070267.885	 9	 0.191010	 -0.757141	 -0.579742	 1
1462070267.895	 9	 0.183365	 -0.758896	 -0.580521	 1
1462070267.905	 9	 0.183167	 -0.756271	 -0.582153	 1
1462070267.915	 9	 0.181107	 -0.752624	 -0.580048	 1
1462070267.925	 9	 0.174393	 -0.746170	 -0.573105	 1
1462070267.935	 9	 0.177139	 -0.744904	 -0.570740	 1
1462070267.945	 9	 0.180008	 -0.748734	 -0.569641	 1
1462070267.955	 9	 0.184082	 -0.754700	 -0.574112	 1
1462070267.965	 9	 0.188599	 -0.755646	 -0.574692	 1
1462070267.975	 9	 0.190674	 -0.755035	 -0.577621	 1
1462070267.985	 9	 0.191956	 -0.755402	 -0.582672	 1
1462070267.995	 9	 0.187347	 -0.752777	 -0.581146	 1
1462070268.005	 9	 0.182983	 -0.749527	 -0.582031	 1
1462070268.015	 9	 0.186478	 -0.752609	 -0.585892	 1
1462070268.025	 9	 0.184906	 -0.756210	 -0.584671	 1
1462070268.035	 9	 0.184769	 -0.756699	 -0.581299	 1
1462070268.045	 9	 0.183563	 -0.758896	 -0.579819	 1
1462070268.055	 9	 0.183395	 -0.763397	 -0.577133	 1
1462070268.065	 9	 0.181763	 -0.761993	 -0.573685	 1
1462070268.075	 9	 0.177704	 -0.760803	 -0.574539	 1
1462070268.085	 9	 0.181000	 -0.760162	 -0.573959	 1
1462070268.095	 9	 0.177902	 -0.757446	 -0.577362	 1
1462070268.105	 9	 0.184875	 -0.752396	 -0.580536	 1
1462070268.115	 9	 0.191116	 -0.756927	 -0.582382	 1
1462070268.125	 9	 0.191025	 -0.759491	 -0.589386	 1
1462070268.135	 9	 0.192978	 -0.757095	 -0.590500	 1
1462070268.145	 9	 0.187363	 -0.752594	 -0.584412	 1
1462070268.155	 9	 0.186401	 -0.751434	 -0.580322	 1
1462070268.165	 9	 0.180832	 -0.752396	 -0.575668	 1
1462070268.175	 9	 0.183609	 -0.753494	 -0.574478	 1
1462070268.185	 9	 0.183502	 -0.756317	 -0.581192	 1
1462070268.195	 9	 0.187485	 -0.758514	 -0.582993	 1
1462070268.205	 9	 0.188232	 -0.756988	 -0.581909	 1
1462070268.215	 9	 0.187714	 -0.761093	 -0.580185	 1
1462070268.225	 9	 0.186172	 -0.762299	 -0.580505	 1
1462070268.235	 9	 0.183273	 -0.761383	 -0.579193	 1
1462070268.245	 9	 0.185837	 -0.756714	 -0.581940	 1
1462070268.255	 9	 0.185974	 -0.756149	 -0.586075	 1
1462070268.265	 9	 0.186661	 -0.756943	 -0.586349	 1
1462070268.275	 9	 0.187469	 -0.759323	 -0.587708	 1
1462070268.285	 9	 0.193542	 -0.761368	 -0.588425	 1
1462070268.295	 9	 0.191101	 -0.765167	 -0.589050	 1
1462070268.305	 9	 0.190567	 -0.765121	 -0.587891	 1
1462070268.315	 9	 0.185928	 -0.762634	 -0.588593	 1
1462070268.325	 9	 0.182251	 -0.759918	 -0.589310	 1
1462070268.335	 9	 0.182968	 -0.755249	 -0.586899	 1
1462070268.345	 9	 0.181839	 -0.754440	 -0.588882	 1
1462070268.355	 9	 0.180527	 -0.755051	 -0.587524	 1
1462070268.365	 9	 0.185135	 -0.753387	 -0.585342	 1
1462070268.375	 9	 0.191772	 -0.755386	 -0.586792	 1
1462070268.385	 9	 0.188736	 -0.758133	 -0.586716	 1
1462070268.395	 9	 0.183548	 -0.756058	 -0.582611	 1
1462070268.405	 9	 0.181305	 -0.751770	 -0.579330	 1
1462070268.415	 9	 0.177490	 -0.749939	 -0.580048	 1
1462070268.425	 9	 0.175598	 -0.753037	 -0.581161	 1
1462070268.435	 9	 0.178497	 -0.750458	 -0.578949	 1
1462070268.445	 9	 0.179581	 -0.753342	 -0.577164	 1
1462070268.455	 9	 0.184296	 -0.757248	 -0.580399	 1
1462070268.465	 9	 0.191162	 -0.759399	 -0.582489	 1
1462070268.475	 9	 0.191284	 -0.761581	 -0.585709	 1
1462070268.485	 9	 0.192352	 -0.764053	 -0.582397	 1
1462070268.495	 9	 0.192368	 -0.764633	 -0.585739	 1
1462070268.505	 9	 0.189072	 -0.762054	 -0.587143	 1
1462070268.515	 9	 0.188187	 -0.759277	 -0.591003	 1
1462070268.525	 9	 0.186920	 -0.756836	 -0.589066	 1
1462070268.535	 9	 0.181656	 -0.754410	 -0.590485	 1
1462070268.545	 9	 0.174469	 -0.753632	 -0.585693	 1
1462070268.555	 9	 0.175140	 -0.752869	 -0.587387	 1
1462070268.565	 9	 0.176804	 -0.751160	 -0.590607	 1
1462070268.575	 9	 0.181046	 -0.751617	 -0.590317	 1
1462070268.585	 9	 0.181854	 -0.755173	 -0.593323	 1
1462070268.595	 9	 0.182556	 -0.754822	 -0.591064	 1
1462070268.605	 9	 0.180557	 -0.753418	 -0.589523	 1
1462070268.615	 9	 0.181213	 -0.753967	 -0.585693	 1
1462070268.625	 9	 0.183517	 -0.756866	 -0.583603	 1
1462070268.635	 9	 0.185394	 -0.761948	 -0.581970	 1
1462070268.645	 9	 0.186218	 -0.761566	 -0.580917	 1
1462070268.655	 9	 0.186707	 -0.764954	 -0.586304	 1
1462070268.665	 9	 0.183472	 -0.762909	 -0.586502	 1
1462070268.675	 9	 0.181564	 -0.759949	 -0.588181	 1
1462070268.685	 9	 0.175949	 -0.760635	 -0.587067	 1
1462070268.695	 9	 0.176788	 -0.759201	 -0.584625	 1
1462070268.705	 9	 0.178772	 -0.759644	 -0.584656	 1
1462070268.715	 9	 0.176376	 -0.756332	 -0.583069	 1
1462070268.725	 9	 0.178329	 -0.758484	 -0.581818	 1
1462070268.735	 9	 0.182770	 -0.758057	 -0.582336	 1
1462070268.745	 9	 0.184921	 -0.758194	 -0.582016	 1
1462070268.755	 9	 0.185364	 -0.758011	 -0.584702	 1
1462070268.765	 9	 0.187103	 -0.756821	 -0.587860	 1
1462070268.775	 9	 0.185867	 -0.757004	 -0.589859	 1
1462070268.785	 9	 0.186111	 -0.753830	 -0.587402	 1
1462070268.795	 9	 0.182800	 -0.752335	 -0.589020	 1
1462070268.805	 9	 0.180099	 -0.751984	 -0.586594	 1
1462070268.815	 9	 0.180283	 -0.751236	 -0.586823	 1
1462070268.825	 9	 0.182999	 -0.751907	 -0.585938	 1
1462070268.835	 9	 0.181046	 -0.754272	 -0.589264	 1
1462070268.845	 9	 0.183411	 -0.752777	 -0.588547	 1
1462070268.855	 9	 0.184509	 -0.754990	 -0.587311	 1
1462070268.865	 9	 0.186996	 -0.757202	 -0.585236	 1
1462070268.875	 9	 0.184311	 -0.763382	 -0.582184	 1
1462070268.885	 9	 0.183685	 -0.766327	 -0.579880	 1
1462070268.895	 9	 0.186768	 -0.766907	 -0.582916	 1
1462070268.905	 9	 0.185501	 -0.763840	 -0.584930	 1
1462070268.915	 9	 0.182098	 -0.760788	 -0.586365	 1
1462070268.925	 9	 0.180527	 -0.760605	 -0.590698	 1
1462070268.935	 9	 0.179047	 -0.756332	 -0.587097	 1
1462070268.945	 9	 0.175293	 -0.756271	 -0.586731	 1
1462070268.955	 9	 0.174606	 -0.757065	 -0.582031	 1
1462070268.965	 9	 0.167130	 -0.755188	 -0.578003	 1
1462070268.975	 9	 0.169891	 -0.755142	 -0.577103	 1
1462070268.985	 9	 0.166702	 -0.754822	 -0.576035	 1
1462070268.995	 9	 0.170471	 -0.754105	 -0.584305	 1
1462070269.005	 9	 0.172485	 -0.754761	 -0.585251	 1
1462070269.015	 9	 0.176209	 -0.760086	 -0.586456	 1
1462070269.025	 9	 0.176224	 -0.763062	 -0.585297	 1
1462070269.035	 9	 0.173828	 -0.759354	 -0.584824	 1
1462070269.045	 9	 0.177139	 -0.759048	 -0.583954	 1
1462070269.055	 9	 0.176117	 -0.758957	 -0.584885	 1
1462070269.065	 9	 0.179062	 -0.759583	 -0.587875	 1
1462070269.075	 9	 0.181900	 -0.756409	 -0.586792	 1
1462070269.085	 9	 0.185654	 -0.755951	 -0.587723	 1
1462070269.095	 9	 0.182159	 -0.753281	 -0.585495	 1
1462070269.105	 9	 0.179611	 -0.756912	 -0.579895	 1
1462070269.115	 9	 0.176453	 -0.757416	 -0.575394	 1
1462070269.125	 9	 0.181168	 -0.758972	 -0.571442	 1
1462070269.135	 9	 0.181747	 -0.764877	 -0.571472	 1
1462070269.145	 9	 0.185806	 -0.768555	 -0.574997	 1
1462070269.155	 9	 0.187820	 -0.767777	 -0.576538	 1
1462070269.165	 9	 0.191345	 -0.764984	 -0.580154	 1
1462070269.175	 9	 0.192230	 -0.765793	 -0.584137	 1
1462070269.185	 9	 0.191864	 -0.762146	 -0.583710	 1
1462070269.195	 9	 0.188370	 -0.760910	 -0.585510	 1
1462070269.205	 9	 0.187256	 -0.758392	 -0.585892	 1
1462070269.215	 9	 0.184631	 -0.759445	 -0.583221	 1
1462070269.225	 9	 0.184067	 -0.757309	 -0.584549	 1
1462070269.235	 9	 0.186905	 -0.758850	 -0.579605	 1
1462070269.245	 9	 0.184082	 -0.763794	 -0.576645	 1
1462070269.255	 9	 0.182831	 -0.767410	 -0.571457	 1
1462070269.265	 9	 0.183228	 -0.764847	 -0.567215	 1
1462070269.275	 9	 0.181305	 -0.764771	 -0.569809	 1
1462070269.285	 9	 0.178879	 -0.770706	 -0.570770	 1
1462070269.295	 9	 0.179398	 -0.766754	 -0.575531	 1
1462070269.305	 9	 0.180725	 -0.760544	 -0.579193	 1
1462070269.315	 9	 0.175522	 -0.762436	 -0.581985	 1
1462070269.325	 9	 0.172409	 -0.764908	 -0.578537	 1
1462070269.335	 9	 0.169952	 -0.762451	 -0.578735	 1
1462070269.345	 9	 0.167648	 -0.761261	 -0.575928	 1
1462070269.355	 9	 0.169312	 -0.759811	 -0.576965	 1
1462070269.365	 9	 0.169983	 -0.760590	 -0.582581	 1
1462070269.375	 9	 0.167419	 -0.761246	 -0.585861	 1
1462070269.385	 9	 0.168259	 -0.757187	 -0.585526	 1
1462070269.395	 9	 0.168564	 -0.757645	 -0.583771	 1
1462070269.405	 9	 0.167343	 -0.758636	 -0.581726	 1
1462070269.415	 9	 0.169937	 -0.757416	 -0.584198	 1
1462070269.425	 9	 0.172623	 -0.758179	 -0.579788	 1
1462070269.435	 9	 0.171799	 -0.760864	 -0.579956	 1
1462070269.445	 9	 0.173676	 -0.762726	 -0.578064	 1
1462070269.455	 9	 0.172729	 -0.762497	 -0.579590	 1
1462070269.465	 9	 0.171341	 -0.761047	 -0.579193	 1
1462070269.475	 9	 0.173416	 -0.761581	 -0.579987	 1
1462070269.485	 9	 0.175537	 -0.761444	 -0.577759	 1
1462070269.495	 9	 0.178345	 -0.763580	 -0.578247	 1
1462070269.505	 9	 0.180481	 -0.765503	 -0.577301	 1
1462070269.515	 9	 0.184616	 -0.767853	 -0.575287	 1
1462070269.525	 9	 0.187195	 -0.768570	 -0.577377	 1
1462070269.535	 9	 0.188187	 -0.766891	 -0.575729	 1
1462070269.545	 9	 0.183411	 -0.768631	 -0.577881	 1
1462070269.555	 9	 0.184723	 -0.766754	 -0.577759	 1
1462070269.565	 9	 0.182159	 -0.767334	 -0.574814	 1
1462070269.575	 9	 0.186111	 -0.765488	 -0.570145	 1
1462070269.585	 9	 0.184174	 -0.767548	 -0.566284	 1
1462070269.595	 9	 0.185547	 -0.773087	 -0.566498	 1
1462070269.605	 9	 0.184372	 -0.768066	 -0.570328	 1
1462070269.615	 9	 0.184357	 -0.764847	 -0.571106	 1
1462070269.625	 9	 0.186264	 -0.768539	 -0.570999	 1
1462070269.635	 9	 0.184814	 -0.769333	 -0.566010	 1
1462070269.645	 9	 0.183701	 -0.771988	 -0.565582	 1
1462070269.655	 9	 0.186676	 -0.771576	 -0.567200	 1
1462070269.665	 9	 0.183060	 -0.771408	 -0.568848	 1
1462070269.675	 9	 0.179214	 -0.769928	 -0.571426	 1
1462070269.685	 9	 0.177567	 -0.765610	 -0.576309	 1
1462070269.695	 9	 0.180191	 -0.763992	 -0.579926	 1
1462070269.705	 9	 0.180161	 -0.762054	 -0.581177	 1
1462070269.715	 9	 0.177063	 -0.761292	 -0.578674	 1
1462070269.725	 9	 0.176788	 -0.764603	 -0.574463	 1
1462070269.735	 9	 0.175446	 -0.767426	 -0.570297	 1
1462070269.745	 9	 0.175262	 -0.764816	 -0.570831	 1
1462070269.755	 9	 0.176895	 -0.764542	 -0.575607	 1
1462070269.765	 9	 0.180756	 -0.763992	 -0.580475	 1
1462070269.775	 9	 0.180054	 -0.762192	 -0.581726	 1
1462070269.785	 9	 0.177231	 -0.761475	 -0.581497	 1
1462070269.795	 9	 0.175949	 -0.762070	 -0.573685	 1
1462070269.805	 9	 0.180344	 -0.765594	 -0.570572	 1
1462070269.815	 9	 0.176956	 -0.772888	 -0.566833	 1
1462070269.825	 9	 0.176300	 -0.774078	 -0.562668	 1
1462070269.835	 9	 0.174057	 -0.774063	 -0.566681	 1
1462070269.845	 9	 0.176956	 -0.766830	 -0.571762	 1
1462070269.855	 9	 0.172806	 -0.760208	 -0.576447	 1
1462070269.865	 9	 0.171997	 -0.757339	 -0.576538	 1
1462070269.875	 9	 0.169800	 -0.758072	 -0.569534	 1
1462070269.885	 9	 0.169037	 -0.762726	 -0.565079	 1
1462070269.895	 9	 0.169189	 -0.766388	 -0.563263	 1
1462070269.905	 9	 0.169861	 -0.766083	 -0.557404	 1
1462070269.915	 9	 0.170563	 -0.765137	 -0.562927	 1
1462070269.925	 9	 0.170135	 -0.767471	 -0.565628	 1
1462070269.935	 9	 0.168564	 -0.766663	 -0.568588	 1
1462070269.945	 9	 0.169922	 -0.768555	 -0.572128	 1
1462070269.955	 9	 0.173538	 -0.766083	 -0.571915	 1
1462070269.965	 9	 0.177094	 -0.768341	 -0.568146	 1
1462070269.975	 9	 0.178055	 -0.774506	 -0.569931	 1
1462070269.985	 9	 0.173386	 -0.775940	 -0.568848	 1
1462070269.995	 9	 0.174149	 -0.775574	 -0.567291	 1
1462070270.005	 9	 0.178040	 -0.769043	 -0.571457	 1
1462070270.015	 9	 0.174164	 -0.765121	 -0.575150	 1
1462070270.025	 9	 0.174881	 -0.763397	 -0.576233	 1
1462070270.035	 9	 0.180527	 -0.767166	 -0.580093	 1
1462070270.045	 9	 0.180801	 -0.771194	 -0.582092	 1
1462070270.055	 9	 0.183228	 -0.774185	 -0.584137	 1
1462070270.065	 9	 0.184525	 -0.775650	 -0.580643	 1
1462070270.075	 9	 0.182343	 -0.776032	 -0.575073	 1
1462070270.085	 9	 0.176544	 -0.773758	 -0.570801	 1
1462070270.095	 9	 0.175308	 -0.766556	 -0.569534	 1
1462070270.105	 9	 0.174423	 -0.766113	 -0.573364	 1
1462070270.115	 9	 0.175323	 -0.767151	 -0.579926	 1
1462070270.125	 9	 0.182144	 -0.767151	 -0.586716	 1
1462070270.135	 9	 0.188660	 -0.769241	 -0.586655	 1
1462070270.145	 9	 0.190186	 -0.765396	 -0.585114	 1
1462070270.155	 9	 0.190796	 -0.766235	 -0.580002	 1
1462070270.165	 9	 0.186188	 -0.767181	 -0.571869	 1
1462070270.175	 9	 0.181564	 -0.765579	 -0.564850	 1
1462070270.185	 9	 0.180695	 -0.763763	 -0.559830	 1
1462070270.195	 9	 0.177246	 -0.766525	 -0.557648	 1
1462070270.205	 9	 0.177124	 -0.770523	 -0.552750	 1
1462070270.215	 9	 0.179153	 -0.770737	 -0.556519	 1
1462070270.225	 9	 0.181458	 -0.768463	 -0.556610	 1
1462070270.235	 9	 0.179703	 -0.767303	 -0.559967	 1
1462070270.245	 9	 0.180405	 -0.768570	 -0.557281	 1
1462070270.255	 9	 0.177032	 -0.770676	 -0.558853	 1
1462070270.265	 9	 0.175934	 -0.768250	 -0.560394	 1
1462070270.275	 9	 0.177521	 -0.765747	 -0.561920	 1
1462070270.285	 9	 0.172241	 -0.763367	 -0.561646	 1
1462070270.295	 9	 0.173264	 -0.762695	 -0.565353	 1
1462070270.305	 9	 0.169266	 -0.763794	 -0.566772	 1
1462070270.315	 9	 0.170776	 -0.764160	 -0.567947	 1
1462070270.325	 9	 0.170120	 -0.764236	 -0.565445	 1
1462070270.335	 9	 0.170197	 -0.767349	 -0.568344	 1
1462070270.345	 9	 0.167770	 -0.766907	 -0.567947	 1
1462070270.355	 9	 0.168610	 -0.765045	 -0.569626	 1
1462070270.365	 9	 0.167511	 -0.764557	 -0.570862	 1
1462070270.375	 9	 0.169556	 -0.761108	 -0.577026	 1
1462070270.385	 9	 0.170609	 -0.763641	 -0.574921	 1
1462070270.395	 9	 0.169922	 -0.766663	 -0.577820	 1
1462070270.405	 9	 0.178024	 -0.770935	 -0.579147	 1
1462070270.415	 9	 0.184265	 -0.771088	 -0.582367	 1
1462070270.425	 9	 0.178650	 -0.775543	 -0.580383	 1
1462070270.435	 9	 0.176086	 -0.771317	 -0.578629	 1
1462070270.445	 9	 0.173203	 -0.769058	 -0.575363	 1
1462070270.455	 9	 0.172363	 -0.769318	 -0.578720	 1
1462070270.465	 9	 0.175278	 -0.769043	 -0.573898	 1
1462070270.475	 9	 0.164886	 -0.772629	 -0.557373	 1
1462070270.485	 9	 0.150131	 -0.777359	 -0.539108	 1
1462070270.495	 9	 0.166306	 -0.772186	 -0.558731	 1
1462070270.505	 9	 0.185303	 -0.763443	 -0.580170	 1
1462070270.515	 9	 0.195450	 -0.763351	 -0.599457	 1
1462070270.525	 9	 0.196289	 -0.775818	 -0.604004	 1
1462070270.535	 9	 0.190674	 -0.777802	 -0.589539	 1
