% Accelerometer data recorded with 'snsrlog'
% 
% Sampling frequency: 100 Hz
% 
% Label description:
% 	 0: Default Label
% 	 1: still_drop
% 	 2: walk_drop
% 	 3: other
% 	 4: dtw_same
% 	 5: dtw_diff
% 	 6: delete
% 
% Column description:
% 	 1: Seconds.milliseconds since 1970
% 	 2: Number of skipped measurements
% 	 3: Acceleration value in x-direction
% 	 4: Acceleration value in y-direction
% 	 5: Acceleration value in z-direction
% 	 6: Label used for the current sample
% 
% 
1462073758.235	 0	 0.305740	 -0.135834	 -0.688446	 2
1462073758.245	 0	 0.317184	 -0.139572	 -0.666351	 2
1462073758.255	 0	 0.330627	 -0.146347	 -0.667419	 2
1462073758.265	 0	 0.332809	 -0.169189	 -0.665451	 2
1462073758.275	 0	 0.316772	 -0.195236	 -0.679398	 2
1462073758.285	 0	 0.285919	 -0.208527	 -0.685852	 2
1462073758.295	 0	 0.256165	 -0.213852	 -0.681503	 2
1462073758.305	 0	 0.201691	 -0.228714	 -0.660004	 2
1462073758.315	 0	 0.156631	 -0.255600	 -0.635574	 2
1462073758.325	 0	 0.132263	 -0.272949	 -0.601028	 2
1462073758.335	 0	 0.078629	 -0.263184	 -0.517776	 2
1462073758.345	 0	 0.017517	 -0.289307	 -0.478561	 2
1462073758.355	 0	 0.086288	 -0.187820	 -0.452667	 2
1462073758.365	 0	 0.199844	 -0.074844	 -0.443115	 2
1462073758.375	 0	 0.245911	 -0.037964	 -0.477631	 2
1462073758.385	 0	 0.284317	 -0.013992	 -0.556854	 2
1462073758.395	 0	 0.290497	 -0.017639	 -0.571304	 2
1462073758.405	 0	 0.329849	 -0.034073	 -0.583344	 2
1462073758.415	 0	 0.367935	 -0.081329	 -0.576019	 2
1462073758.425	 0	 0.402679	 -0.058319	 -0.515488	 2
1462073758.435	 0	 0.462524	 -0.050003	 -0.549484	 2
1462073758.445	 0	 0.528976	 -0.089111	 -0.630142	 2
1462073758.455	 0	 0.528900	 -0.118378	 -0.650116	 2
1462073758.465	 0	 0.562149	 -0.104721	 -0.665405	 2
1462073758.475	 0	 0.644531	 -0.027740	 -0.634140	 2
1462073758.485	 0	 0.701630	 0.059158	 -0.587250	 2
1462073758.495	 0	 0.707443	 0.115967	 -0.563660	 2
1462073758.505	 0	 0.674744	 0.137268	 -0.524628	 2
1462073758.515	 0	 0.651413	 0.177444	 -0.411652	 2
1462073758.525	 0	 0.644073	 0.283539	 -0.266464	 2
1462073758.535	 0	 0.673080	 0.367828	 -0.133270	 2
1462073758.545	 0	 0.805405	 0.388992	 -0.093597	 2
1462073758.555	 0	 0.939285	 0.386475	 -0.140045	 2
1462073758.565	 0	 1.028152	 0.382355	 -0.238449	 2
1462073758.575	 0	 1.115265	 0.409348	 -0.260086	 2
1462073758.585	 0	 1.203400	 0.475754	 -0.232071	 2
1462073758.595	 0	 1.238953	 0.530777	 -0.245453	 2
1462073758.605	 0	 1.245682	 0.563553	 -0.250275	 2
1462073758.615	 0	 1.222855	 0.599030	 -0.212463	 2
1462073758.625	 0	 1.238770	 0.625916	 -0.155411	 2
1462073758.635	 0	 1.329407	 0.660629	 -0.097122	 2
1462073758.645	 0	 1.410324	 0.652573	 -0.069275	 2
1462073758.655	 0	 1.542603	 0.644699	 -0.102524	 2
1462073758.665	 0	 1.679626	 0.642197	 -0.178055	 2
1462073758.675	 0	 1.724426	 0.672852	 -0.266342	 2
1462073758.685	 0	 1.703766	 0.735428	 -0.311783	 2
1462073758.695	 0	 1.674332	 0.764648	 -0.289734	 2
1462073758.705	 0	 1.566055	 0.723953	 -0.243423	 2
1462073758.715	 0	 1.422607	 0.655960	 -0.170563	 2
1462073758.735	 1	 1.310303	 0.569824	 -0.063889	 2
1462073758.745	 1	 1.320572	 0.467529	 -0.016113	 2
1462073758.755	 1	 1.371826	 0.343491	 -0.001556	 2
1462073758.765	 1	 1.374222	 0.245132	 -0.027893	 2
1462073758.775	 1	 1.361420	 0.165039	 -0.052032	 2
1462073758.785	 1	 1.322342	 0.126556	 -0.085205	 2
1462073758.795	 1	 1.263779	 0.100128	 -0.111954	 2
1462073758.805	 1	 1.242035	 0.105881	 -0.094742	 2
1462073758.815	 1	 1.211395	 0.102768	 -0.095169	 2
1462073758.825	 1	 1.162369	 0.120651	 -0.075928	 2
1462073758.835	 1	 1.146362	 0.113708	 -0.026031	 2
1462073758.845	 1	 1.082703	 0.115433	 0.027924	 2
1462073758.855	 1	 1.026749	 0.086807	 0.049133	 2
1462073758.865	 1	 1.035919	 0.037537	 0.078720	 2
1462073758.875	 1	 1.059067	 0.017044	 0.108292	 2
1462073758.885	 1	 1.118210	 -0.023788	 0.113617	 2
1462073758.895	 1	 1.208374	 -0.042496	 0.088425	 2
1462073758.905	 1	 1.198654	 -0.006470	 0.111572	 2
1462073758.915	 1	 1.175919	 -0.014389	 0.119461	 2
1462073758.925	 1	 1.159851	 0.009262	 0.154373	 2
1462073758.935	 1	 1.112671	 0.058319	 0.183640	 2
1462073758.945	 1	 1.068146	 0.030350	 0.212326	 2
1462073758.955	 1	 1.048630	 0.025116	 0.278442	 2
1462073758.965	 1	 1.071503	 0.003311	 0.334183	 2
1462073758.975	 1	 1.076401	 -0.020889	 0.386871	 2
1462073758.985	 1	 1.078918	 -0.000870	 0.486145	 2
1462073758.995	 1	 1.025009	 0.016953	 0.646347	 2
1462073759.005	 1	 0.977051	 0.146942	 0.703613	 2
1462073759.015	 1	 1.134537	 0.194077	 0.570129	 2
1462073759.025	 1	 1.237137	 0.178986	 0.397903	 2
1462073759.035	 1	 1.214569	 0.248108	 0.355606	 2
1462073759.045	 1	 1.132843	 0.270020	 0.404068	 2
1462073759.055	 1	 1.062546	 0.293625	 0.523941	 2
1462073759.065	 1	 1.038330	 0.275269	 0.587097	 2
1462073759.075	 1	 1.088806	 0.230957	 0.566086	 2
1462073759.085	 1	 1.147720	 0.258423	 0.458420	 2
1462073759.095	 1	 1.176666	 0.348022	 0.302856	 2
1462073759.105	 1	 1.184937	 0.448105	 0.190643	 2
1462073759.115	 1	 1.215271	 0.555618	 0.087967	 2
1462073759.125	 1	 1.301895	 0.610779	 -0.011215	 2
1462073759.135	 1	 1.236282	 0.563522	 -0.177322	 2
1462073759.145	 1	 1.094543	 0.504471	 -0.142792	 2
1462073759.155	 1	 1.021713	 0.522629	 -0.132278	 2
1462073759.165	 1	 0.988770	 0.439789	 -0.230576	 2
1462073759.175	 1	 0.963882	 0.494125	 -0.268097	 2
1462073759.185	 1	 0.902451	 0.675903	 -0.209946	 2
1462073759.195	 1	 0.872681	 0.682892	 -0.223633	 2
1462073759.205	 1	 0.799210	 0.610703	 -0.209396	 2
1462073759.215	 1	 0.756454	 0.763931	 -0.100143	 2
1462073759.225	 1	 0.790283	 0.833755	 -0.051804	 2
1462073759.235	 1	 0.833755	 0.734116	 0.020477	 2
1462073759.245	 1	 0.819580	 0.585861	 0.013199	 2
1462073759.255	 1	 0.874634	 0.512299	 -0.035553	 2
1462073759.265	 1	 0.885971	 0.484924	 -0.103088	 2
1462073759.275	 1	 0.861893	 0.496140	 -0.152374	 2
1462073759.285	 1	 0.813766	 0.461380	 -0.186249	 2
1462073759.295	 1	 0.766418	 0.517471	 -0.187302	 2
1462073759.305	 1	 0.666946	 0.551163	 -0.176529	 2
1462073759.315	 1	 0.564102	 0.564575	 -0.140884	 2
1462073759.325	 1	 0.445160	 0.562363	 -0.093750	 2
1462073759.335	 1	 0.346756	 0.546204	 -0.014694	 2
1462073759.345	 1	 0.295258	 0.534393	 0.084091	 2
1462073759.355	 1	 0.291824	 0.564148	 0.186203	 2
1462073759.365	 1	 0.312576	 0.597961	 0.204178	 2
1462073759.375	 1	 0.330917	 0.604156	 0.151077	 2
1462073759.385	 1	 0.297577	 0.412750	 -0.026535	 2
1462073759.395	 2	 0.445419	 0.437607	 0.037811	 2
1462073759.415	 2	 0.732529	 0.578445	 -0.106064	 2
1462073759.425	 2	 0.942474	 0.623489	 -0.136948	 2
1462073759.435	 2	 1.127731	 0.569443	 -0.179214	 2
1462073759.445	 2	 1.183090	 0.397873	 -0.152908	 2
1462073759.455	 2	 1.121796	 0.238678	 -0.102463	 2
1462073759.465	 2	 1.054871	 0.184982	 -0.030807	 2
1462073759.475	 2	 1.006927	 0.238510	 0.046906	 2
1462073759.485	 2	 1.062103	 0.286209	 0.115723	 2
1462073759.495	 2	 1.004242	 0.357971	 0.080902	 2
1462073759.505	 2	 0.968506	 0.384537	 0.135529	 2
1462073759.515	 3	 0.960480	 0.400391	 0.152206	 2
1462073759.535	 3	 0.994232	 0.524796	 0.059235	 2
1462073759.545	 3	 1.088440	 0.589432	 0.166290	 2
1462073759.555	 3	 1.166656	 0.662064	 0.203430	 2
1462073759.565	 3	 1.217133	 0.722748	 0.279526	 2
1462073759.575	 3	 1.223999	 0.752747	 0.327438	 2
1462073759.585	 3	 1.199127	 0.741669	 0.365219	 2
1462073759.595	 3	 1.108490	 0.698273	 0.308868	 2
1462073759.605	 3	 1.034790	 0.739624	 0.282059	 2
1462073759.615	 3	 1.039124	 0.851685	 0.225830	 2
1462073759.625	 3	 1.132675	 0.973770	 0.198624	 2
1462073759.635	 3	 1.120605	 0.943115	 0.315277	 2
1462073759.645	 3	 0.971741	 0.684158	 0.297775	 2
1462073759.655	 3	 0.812820	 0.634338	 0.250961	 2
1462073759.665	 3	 0.681564	 0.583130	 0.276993	 2
1462073759.675	 3	 0.652298	 0.605682	 0.392776	 2
1462073759.685	 3	 0.599106	 0.691238	 0.446304	 2
1462073759.695	 3	 0.519852	 0.690933	 0.282455	 2
1462073759.705	 3	 0.485825	 0.640854	 0.096649	 2
1462073759.715	 3	 0.412979	 0.617859	 0.008484	 2
1462073759.725	 3	 0.320114	 0.562180	 -0.017151	 2
1462073759.735	 3	 0.223038	 0.477859	 -0.017807	 2
1462073759.745	 3	 0.149414	 0.443848	 0.118271	 2
1462073759.755	 3	 0.138382	 0.651947	 0.410156	 2
1462073759.765	 3	 0.157440	 1.093460	 0.555649	 2
1462073759.785	 4	 -0.127411	 2.824280	 0.726547	 2
1462073759.795	 4	 -0.342972	 3.614243	 0.559372	 2
1462073759.805	 4	 -0.526535	 3.736511	 0.129257	 2
1462073759.815	 4	 -0.615677	 3.165558	 -0.159760	 2
1462073759.825	 4	 -0.545563	 2.411667	 -0.346634	 2
1462073759.835	 4	 -0.371201	 1.643616	 -0.545471	 2
1462073759.845	 4	 -0.245438	 1.079636	 -0.626724	 2
1462073759.855	 4	 -0.180420	 0.753891	 -0.560944	 2
1462073759.865	 4	 -0.156906	 0.532898	 -0.460526	 2
1462073759.875	 4	 -0.152161	 0.347107	 -0.345032	 2
1462073759.885	 4	 -0.174576	 0.193512	 -0.143692	 2
1462073759.895	 4	 -0.217056	 0.113800	 0.122101	 2
1462073759.905	 4	 -0.246582	 0.108215	 0.228485	 2
1462073759.916	 4	 -0.290436	 0.171051	 0.155685	 2
1462073759.926	 4	 -0.303726	 0.278748	 0.037125	 2
1462073759.935	 4	 -0.310455	 0.396484	 -0.029282	 2
1462073759.946	 4	 -0.265808	 0.410202	 -0.058258	 2
1462073759.956	 4	 -0.256882	 0.383545	 -0.094757	 2
1462073759.965	 4	 -0.262863	 0.350006	 -0.115479	 2
1462073759.976	 4	 -0.272247	 0.300949	 -0.173294	 2
1462073759.986	 4	 -0.290070	 0.247543	 -0.249542	 2
1462073759.996	 4	 -0.286438	 0.188797	 -0.271423	 2
1462073760.006	 4	 -0.324402	 0.245270	 -0.319305	 2
1462073760.016	 4	 -0.345459	 0.339600	 -0.153702	 2
1462073760.026	 4	 -0.337387	 0.521072	 0.109451	 2
1462073760.036	 4	 -0.363647	 0.704071	 0.468124	 2
1462073760.046	 4	 -0.354935	 0.962631	 1.166565	 2
1462073760.055	 4	 -0.127853	 1.330887	 2.128494	 2
1462073760.066	 4	 0.267746	 1.870285	 2.644577	 2
1462073760.076	 4	 0.430374	 2.319351	 2.730789	 2
1462073760.086	 4	 0.386398	 2.288208	 1.736679	 2
1462073760.096	 4	 0.387848	 2.004654	 0.881668	 2
1462073760.106	 4	 0.368912	 1.654907	 0.439072	 2
1462073760.116	 4	 0.160065	 1.237396	 0.314972	 2
1462073760.126	 4	 -0.051010	 0.862213	 0.279251	 2
1462073760.136	 4	 -0.221390	 0.635284	 0.154922	 2
1462073760.146	 4	 -0.309921	 0.499390	 -0.038712	 2
1462073760.156	 4	 -0.336639	 0.517441	 -0.194931	 2
1462073760.166	 4	 -0.305923	 0.688400	 -0.326309	 2
1462073760.176	 4	 -0.291702	 0.950577	 -0.455597	 2
1462073760.186	 4	 -0.312668	 1.285996	 -0.635864	 2
1462073760.196	 4	 -0.365326	 1.529175	 -0.763718	 2
1462073760.206	 4	 -0.368301	 1.648239	 -0.511917	 2
1462073760.216	 4	 -0.360825	 1.967209	 0.802063	 2
1462073760.226	 4	 -0.512711	 1.354492	 0.841217	 2
1462073760.236	 4	 -0.526108	 0.669968	 0.505569	 2
1462073760.246	 4	 -0.351440	 0.360733	 0.092270	 2
1462073760.256	 4	 -0.229065	 0.471710	 -0.381073	 2
1462073760.266	 4	 -0.236572	 0.716309	 -0.476044	 2
1462073760.276	 4	 -0.290207	 0.998657	 -0.464523	 2
1462073760.286	 4	 -0.330887	 1.229889	 -0.491928	 2
1462073760.296	 4	 -0.323120	 1.292831	 -0.486435	 2
1462073760.306	 4	 -0.237885	 1.233597	 -0.438858	 2
1462073760.316	 4	 -0.208557	 1.127106	 -0.383331	 2
1462073760.326	 4	 -0.193710	 1.050476	 -0.308411	 2
1462073760.336	 4	 -0.203262	 1.020431	 -0.233368	 2
1462073760.346	 4	 -0.205292	 0.968018	 -0.134842	 2
1462073760.356	 4	 -0.185547	 0.890305	 0.014633	 2
1462073760.366	 4	 -0.075256	 0.732635	 0.643906	 2
1462073760.376	 4	 -0.039551	 0.694763	 0.595489	 2
1462073760.386	 4	 -0.085571	 0.740265	 0.220276	 2
1462073760.396	 4	 -0.144073	 0.796371	 -0.071289	 2
1462073760.406	 4	 -0.176880	 0.880844	 -0.178955	 2
1462073760.416	 4	 -0.169601	 0.963226	 -0.165070	 2
1462073760.426	 4	 -0.144638	 0.995605	 -0.102356	 2
1462073760.436	 4	 -0.019318	 0.949020	 0.028046	 2
1462073760.446	 4	 -0.013794	 0.908737	 0.057800	 2
1462073760.456	 4	 -0.043365	 0.892303	 0.008224	 2
1462073760.466	 4	 -0.086914	 0.914459	 -0.062134	 2
1462073760.476	 4	 -0.106583	 0.930542	 -0.102890	 2
1462073760.486	 4	 -0.087692	 0.924591	 -0.101013	 2
1462073760.496	 4	 -0.031296	 0.906311	 -0.017441	 2
1462073760.506	 4	 -0.005142	 0.884567	 0.149902	 2
1462073760.516	 4	 -0.005981	 0.860733	 0.256607	 2
1462073760.526	 4	 -0.012573	 0.845444	 0.227997	 2
1462073760.536	 4	 -0.008408	 0.851440	 0.139481	 2
1462073760.556	 5	 0.006500	 0.939804	 0.046555	 2
1462073760.566	 5	 0.030762	 1.040924	 0.051895	 2
1462073760.576	 5	 0.079559	 1.158691	 0.049622	 2
1462073760.586	 5	 0.142014	 1.272995	 0.025803	 2
1462073760.596	 5	 0.176208	 1.357483	 -0.000916	 2
1462073760.606	 5	 0.181900	 1.406525	 -0.017212	 2
1462073760.616	 5	 0.169739	 1.418808	 -0.008621	 2
1462073760.626	 5	 0.166565	 1.393250	 0.058197	 2
1462073760.636	 5	 0.167023	 1.345428	 0.191742	 2
1462073760.646	 5	 0.161087	 1.285156	 0.308777	 2
1462073760.656	 5	 0.137909	 1.290436	 0.360306	 2
1462073760.666	 5	 0.099167	 1.387161	 0.292252	 2
1462073760.676	 5	 0.060226	 1.539078	 0.160126	 2
1462073760.686	 5	 0.072342	 1.631897	 0.150345	 2
1462073760.696	 5	 0.123779	 1.624207	 0.244720	 2
1462073760.706	 5	 0.112244	 1.566177	 0.245758	 2
1462073760.716	 5	 0.038498	 1.513321	 0.215714	 2
1462073760.726	 5	 -0.046646	 1.450516	 0.227188	 2
1462073760.736	 5	 -0.133469	 1.355698	 0.276672	 2
1462073760.746	 5	 -0.261520	 1.310608	 0.408508	 2
1462073760.756	 5	 -0.394211	 1.402557	 0.506805	 2
1462073760.766	 5	 -0.435150	 1.531464	 0.408646	 2
1462073760.776	 5	 -0.316269	 1.643585	 0.160202	 2
1462073760.786	 5	 -0.192764	 1.741531	 -0.022705	 2
1462073760.796	 5	 -0.140930	 1.802658	 -0.097488	 2
1462073760.806	 5	 -0.131287	 1.807236	 -0.105179	 2
1462073760.816	 5	 -0.203598	 1.777542	 -0.067276	 2
1462073760.826	 5	 -0.326416	 1.699738	 -0.084305	 2
1462073760.836	 5	 -0.398071	 1.472748	 -0.183609	 2
1462073760.846	 5	 -0.445953	 1.305954	 -0.309830	 2
1462073760.856	 5	 -0.454239	 1.175858	 -0.450958	 2
1462073760.866	 5	 -0.438538	 1.093948	 -0.488022	 2
1462073760.876	 5	 -0.425110	 1.054169	 -0.419113	 2
1462073760.886	 5	 -0.422623	 1.010117	 -0.296661	 2
1462073760.896	 5	 -0.448257	 0.928146	 -0.165710	 2
1462073760.906	 5	 -0.474792	 0.841614	 -0.008331	 2
1462073760.916	 5	 -0.465027	 0.678970	 0.119766	 2
1462073760.926	 5	 -0.423706	 0.511734	 0.215836	 2
1462073760.936	 5	 -0.373093	 0.389420	 0.226135	 2
1462073760.946	 5	 -0.322128	 0.312134	 0.183807	 2
1462073760.956	 5	 -0.255905	 0.281448	 0.121307	 2
1462073760.966	 5	 -0.202057	 0.309998	 0.043182	 2
1462073760.976	 5	 -0.163696	 0.330139	 -0.018417	 2
1462073760.986	 5	 -0.135345	 0.387115	 -0.088348	 2
1462073760.996	 5	 -0.133621	 0.406235	 -0.153580	 2
1462073761.006	 5	 -0.180908	 0.428085	 -0.120224	 2
1462073761.016	 5	 -0.248489	 0.432983	 -0.090469	 2
1462073761.026	 5	 -0.309067	 0.402573	 -0.094177	 2
1462073761.036	 5	 -0.356491	 0.405701	 -0.081497	 2
1462073761.046	 5	 -0.368408	 0.405655	 -0.042435	 2
1462073761.056	 5	 -0.348724	 0.395218	 -0.010910	 2
1462073761.066	 5	 -0.306793	 0.381210	 -0.003159	 2
1462073761.076	 5	 -0.260681	 0.411423	 0.068695	 2
1462073761.086	 5	 -0.221848	 0.468719	 0.273315	 2
1462073761.096	 5	 -0.148773	 0.525101	 0.639298	 2
1462073761.106	 5	 -0.058456	 0.685593	 1.029556	 2
1462073761.116	 5	 0.053284	 0.922943	 1.406174	 2
1462073761.126	 5	 0.251572	 1.281570	 1.785660	 2
1462073761.136	 5	 0.427444	 1.732803	 2.453995	 2
1462073761.146	 5	 0.461929	 1.671631	 1.771500	 2
1462073761.156	 5	 0.401657	 1.664017	 1.037537	 2
1462073761.166	 5	 0.374878	 1.654648	 0.711426	 2
1462073761.176	 5	 0.258102	 1.473862	 0.559876	 2
1462073761.186	 5	 0.063736	 1.293137	 0.420288	 2
1462073761.196	 5	 -0.166428	 1.252716	 0.265915	 2
1462073761.206	 5	 -0.418121	 1.252808	 0.181885	 2
1462073761.216	 5	 -0.642517	 1.286530	 0.436310	 2
1462073761.226	 5	 -0.670685	 1.336700	 0.636780	 2
1462073761.236	 5	 -0.418228	 1.379196	 -0.076935	 2
1462073761.246	 5	 -0.274109	 1.424286	 -0.509552	 2
1462073761.256	 5	 -0.370041	 1.301270	 -0.529709	 2
1462073761.266	 5	 -0.507431	 1.039673	 -0.555023	 2
1462073761.276	 5	 -0.605820	 0.677887	 0.124496	 2
1462073761.286	 5	 -0.573456	 0.457169	 0.226227	 2
1462073761.296	 5	 -0.454010	 0.964569	 -0.421051	 2
1462073761.306	 5	 -0.288254	 1.221314	 -0.836182	 2
1462073761.316	 5	 -0.238174	 1.068924	 -0.796845	 2
1462073761.326	 5	 -0.358810	 1.001556	 -0.239502	 2
1462073761.336	 5	 -0.413818	 0.948486	 0.159973	 2
1462073761.346	 5	 -0.326385	 0.925476	 0.037415	 2
1462073761.356	 5	 -0.253876	 1.054825	 -0.150040	 2
1462073761.366	 5	 -0.257156	 1.173721	 -0.240677	 2
1462073761.376	 5	 -0.277512	 1.127869	 -0.206665	 2
1462073761.386	 5	 -0.270752	 1.085220	 -0.066803	 2
1462073761.396	 5	 -0.238785	 1.045670	 0.047318	 2
1462073761.406	 5	 -0.213882	 1.018524	 0.077454	 2
1462073761.416	 5	 -0.200470	 1.003052	 0.063705	 2
1462073761.426	 5	 -0.184448	 0.973099	 0.079910	 2
1462073761.436	 5	 -0.162308	 0.938873	 0.108276	 2
1462073761.446	 5	 -0.146240	 0.917175	 0.095489	 2
1462073761.456	 5	 -0.126999	 0.910065	 -0.023788	 2
1462073761.466	 5	 -0.107422	 0.886337	 -0.022232	 2
1462073761.476	 5	 -0.081268	 0.847839	 0.028412	 2
1462073761.486	 5	 -0.064926	 0.830887	 0.057236	 2
1462073761.496	 5	 -0.062164	 0.850296	 0.063995	 2
1462073761.506	 5	 -0.056458	 0.859970	 0.028336	 2
1462073761.516	 5	 -0.062668	 0.876907	 -0.029724	 2
1462073761.526	 5	 -0.080643	 0.913177	 -0.082382	 2
1462073761.536	 5	 -0.080704	 0.935959	 -0.106888	 2
1462073761.546	 5	 -0.064835	 0.935898	 -0.091095	 2
1462073761.556	 5	 -0.063629	 0.928131	 -0.008820	 2
1462073761.566	 5	 -0.092087	 0.931976	 0.090683	 2
1462073761.576	 5	 -0.117340	 0.941345	 0.139374	 2
1462073761.586	 5	 -0.125793	 0.946060	 0.151840	 2
1462073761.596	 5	 -0.113831	 0.952789	 0.165451	 2
1462073761.606	 5	 -0.099838	 0.961929	 0.194702	 2
1462073761.616	 5	 -0.077881	 0.976273	 0.201431	 2
1462073761.626	 5	 -0.033493	 0.992264	 0.193741	 2
1462073761.636	 5	 -0.008636	 1.071457	 0.168167	 2
1462073761.646	 5	 0.004242	 1.162857	 0.146652	 2
1462073761.656	 5	 0.005692	 1.235886	 0.135300	 2
1462073761.666	 5	 -0.000092	 1.281830	 0.122803	 2
1462073761.676	 5	 0.000488	 1.320938	 0.083740	 2
1462073761.686	 5	 0.011948	 1.354019	 0.082275	 2
1462073761.696	 5	 0.025589	 1.382462	 0.133499	 2
1462073761.706	 5	 0.051376	 1.408997	 0.182083	 2
1462073761.716	 5	 0.065964	 1.444489	 0.173157	 2
1462073761.726	 5	 0.049606	 1.502777	 0.085220	 2
1462073761.736	 5	 0.067627	 1.560364	 0.077637	 2
1462073761.746	 5	 0.134872	 1.574478	 0.183823	 2
1462073761.756	 5	 0.131989	 1.566101	 0.215698	 2
1462073761.766	 5	 0.086990	 1.509933	 0.185745	 2
1462073761.776	 5	 0.056625	 1.417648	 0.224258	 2
1462073761.786	 5	 0.063507	 1.293930	 0.338745	 2
1462073761.796	 5	 0.014648	 1.150116	 0.481766	 2
1462073761.806	 5	 -0.148590	 1.123352	 0.614960	 2
1462073761.816	 5	 -0.279449	 1.256729	 0.561157	 2
1462073761.826	 5	 -0.314056	 1.448700	 0.324203	 2
1462073761.836	 5	 -0.197327	 1.628784	 0.088272	 2
1462073761.846	 5	 -0.145569	 1.731613	 0.036911	 2
1462073761.856	 5	 -0.172760	 1.766159	 0.054916	 2
1462073761.866	 5	 -0.274063	 1.723434	 0.095886	 2
1462073761.876	 5	 -0.400452	 1.617172	 0.093567	 2
1462073761.886	 5	 -0.470123	 1.536804	 -0.014252	 2
1462073761.896	 5	 -0.500397	 1.456375	 -0.159180	 2
1462073761.906	 5	 -0.524612	 1.399887	 -0.287964	 2
1462073761.916	 5	 -0.527725	 1.311417	 -0.379883	 2
1462073761.926	 5	 -0.484512	 1.233048	 -0.397263	 2
1462073761.936	 5	 -0.406998	 1.142105	 -0.348007	 2
1462073761.946	 5	 -0.360443	 1.028992	 -0.237183	 2
1462073761.956	 5	 -0.344818	 0.923447	 -0.093658	 2
1462073761.966	 5	 -0.336517	 0.804611	 0.070114	 2
1462073761.976	 5	 -0.317062	 0.674103	 0.200455	 2
1462073761.986	 5	 -0.292206	 0.568710	 0.237900	 2
1462073761.996	 5	 -0.252029	 0.495270	 0.216522	 2
1462073762.006	 5	 -0.222412	 0.466537	 0.159531	 2
1462073762.016	 5	 -0.206863	 0.488815	 0.108749	 2
1462073762.026	 5	 -0.191864	 0.486526	 0.036255	 2
1462073762.036	 5	 -0.180038	 0.487106	 -0.029404	 2
1462073762.046	 5	 -0.196579	 0.477600	 -0.087646	 2
1462073762.056	 5	 -0.169128	 0.465149	 -0.097229	 2
1462073762.066	 5	 -0.150314	 0.443298	 -0.075821	 2
1462073762.076	 5	 -0.183350	 0.416428	 -0.071106	 2
1462073762.086	 5	 -0.228531	 0.392532	 -0.076355	 2
1462073762.096	 5	 -0.261887	 0.400818	 -0.070389	 2
1462073762.106	 5	 -0.269241	 0.416580	 -0.051102	 2
1462073762.116	 5	 -0.258835	 0.425751	 -0.009827	 2
1462073762.126	 5	 -0.240280	 0.441101	 0.054184	 2
1462073762.136	 5	 -0.219421	 0.459549	 0.188263	 2
1462073762.146	 5	 -0.166153	 0.353836	 0.384277	 2
1462073762.156	 5	 -0.114243	 0.407135	 0.669174	 2
1462073762.166	 5	 -0.094330	 0.731598	 0.974197	 2
1462073762.176	 5	 0.047134	 1.177475	 1.343430	 2
1462073762.186	 5	 0.492432	 1.725983	 2.630218	 2
1462073762.196	 5	 0.604813	 1.693741	 2.069077	 2
1462073762.206	 5	 0.524368	 1.593216	 0.795502	 2
1462073762.216	 5	 0.626205	 1.626770	 0.562256	 2
1462073762.226	 5	 0.639786	 1.639069	 0.511093	 2
1462073762.236	 5	 0.508011	 1.415070	 0.312546	 2
1462073762.246	 5	 0.212845	 1.307678	 0.129929	 2
1462073762.256	 5	 -0.124756	 1.348328	 0.047836	 2
1462073762.266	 5	 -0.447250	 1.383347	 0.335907	 2
1462073762.276	 5	 -0.599792	 1.361771	 0.881256	 2
1462073762.286	 5	 -0.436447	 1.359131	 0.759781	 2
1462073762.296	 5	 -0.037750	 1.359802	 0.101013	 2
1462073762.306	 5	 0.075211	 1.377075	 -0.349030	 2
1462073762.316	 5	 -0.154373	 1.179611	 -0.606384	 2
1462073762.326	 5	 -0.408890	 1.003113	 -0.274384	 2
1462073762.336	 5	 -0.642349	 0.669723	 0.712234	 2
1462073762.346	 5	 -0.655502	 0.487946	 0.551620	 2
1462073762.356	 5	 -0.395493	 1.036575	 -0.644058	 2
1462073762.366	 5	 -0.164932	 1.247482	 -1.207397	 2
1462073762.376	 5	 -0.123596	 1.027481	 -1.012360	 2
1462073762.386	 5	 -0.194962	 1.010437	 -0.624283	 2
1462073762.396	 5	 -0.407028	 0.961807	 0.238419	 2
1462073762.406	 5	 -0.378143	 0.938827	 0.310516	 2
1462073762.416	 5	 -0.224686	 0.939087	 -0.206528	 2
1462073762.426	 5	 -0.179947	 1.001251	 -0.212784	 2
1462073762.436	 5	 -0.179581	 1.056366	 -0.015121	 2
1462073762.446	 5	 -0.206131	 1.019531	 0.037689	 2
1462073762.456	 5	 -0.226944	 1.005691	 0.049622	 2
1462073762.466	 5	 -0.242279	 1.020828	 0.088898	 2
1462073762.476	 5	 -0.255661	 1.025803	 0.117218	 2
1462073762.486	 5	 -0.237930	 1.004181	 0.128830	 2
1462073762.496	 5	 -0.204453	 0.960739	 0.104309	 2
1462073762.506	 5	 -0.176208	 0.946228	 0.099808	 2
1462073762.516	 5	 -0.125366	 0.931244	 0.110641	 2
1462073762.526	 5	 -0.101608	 0.908920	 0.099792	 2
1462073762.536	 5	 -0.099258	 0.892059	 0.070206	 2
1462073762.546	 5	 -0.094559	 0.861176	 0.070221	 2
1462073762.556	 5	 -0.096237	 0.834076	 0.069000	 2
1462073762.566	 5	 -0.096222	 0.825882	 0.055374	 2
1462073762.576	 5	 -0.092087	 0.836975	 0.012680	 2
1462073762.586	 5	 -0.096970	 0.860977	 -0.058914	 2
1462073762.596	 5	 -0.095871	 0.890976	 -0.106750	 2
1462073762.606	 5	 -0.092850	 0.878189	 -0.149628	 2
1462073762.616	 5	 -0.097275	 0.878006	 -0.129272	 2
1462073762.626	 5	 -0.134796	 0.921494	 0.029282	 2
1462073762.636	 5	 -0.149139	 0.939804	 0.114899	 2
1462073762.646	 5	 -0.149155	 0.942978	 0.191376	 2
1462073762.656	 5	 -0.128647	 0.931412	 0.223694	 2
1462073762.666	 5	 -0.110565	 0.941025	 0.220840	 2
1462073762.676	 5	 -0.088318	 0.989136	 0.216187	 2
1462073762.686	 5	 -0.031479	 1.029160	 0.204147	 2
1462073762.696	 5	 0.023407	 1.098358	 0.183060	 2
1462073762.706	 5	 0.087677	 1.195450	 0.122894	 2
1462073762.716	 5	 0.143875	 1.289505	 0.044952	 2
1462073762.726	 5	 0.136826	 1.340286	 -0.063965	 2
1462073762.736	 5	 0.117340	 1.418426	 -0.071091	 2
1462073762.746	 5	 0.102188	 1.449310	 -0.030746	 2
1462073762.756	 5	 0.107590	 1.435425	 0.045578	 2
1462073762.766	 5	 0.134933	 1.397751	 0.119446	 2
1462073762.776	 5	 0.155563	 1.399231	 0.127075	 2
1462073762.786	 5	 0.164551	 1.452713	 0.050171	 2
1462073762.796	 5	 0.176941	 1.479111	 0.020004	 2
1462073762.806	 5	 0.189148	 1.482697	 0.089828	 2
1462073762.816	 5	 0.148727	 1.516144	 0.079651	 2
1462073762.826	 5	 0.094803	 1.532349	 0.064011	 2
1462073762.836	 5	 0.085190	 1.464462	 0.194519	 2
1462073762.846	 5	 0.079758	 1.371384	 0.267746	 2
1462073762.856	 5	 0.042252	 1.307205	 0.289917	 2
1462073762.866	 5	 -0.036026	 1.265350	 0.447296	 2
1462073762.876	 5	 -0.168259	 1.302338	 0.579376	 2
1462073762.886	 5	 -0.235031	 1.400986	 0.450531	 2
1462073762.896	 5	 -0.247147	 1.483353	 0.218201	 2
1462073762.906	 5	 -0.210464	 1.573059	 0.058197	 2
1462073762.916	 5	 -0.198410	 1.563583	 -0.034515	 2
1462073762.926	 5	 -0.243866	 1.557236	 0.024399	 2
1462073762.936	 5	 -0.327728	 1.557480	 0.069519	 2
1462073762.946	 5	 -0.391724	 1.591858	 -0.008026	 2
1462073762.956	 5	 -0.427170	 1.594849	 -0.171173	 2
1462073762.966	 5	 -0.445175	 1.541138	 -0.315445	 2
1462073762.976	 5	 -0.441681	 1.442520	 -0.402344	 2
1462073762.986	 5	 -0.441681	 1.442520	 -0.402344	 2
1462073762.996	 5	 -0.426163	 1.144012	 -0.331512	 2
1462073763.006	 5	 -0.403427	 1.003464	 -0.149261	 2
1462073763.016	 5	 -0.375656	 0.883240	 0.078583	 2
1462073763.026	 5	 -0.349594	 0.790085	 0.282898	 2
1462073763.036	 5	 -0.324188	 0.632797	 0.309097	 2
1462073763.046	 5	 -0.266357	 0.561722	 0.351440	 2
1462073763.056	 5	 -0.207260	 0.491837	 0.276825	 2
1462073763.066	 5	 -0.144028	 0.457336	 0.175156	 2
1462073763.076	 5	 -0.105179	 0.422775	 0.035950	 2
1462073763.086	 5	 -0.090469	 0.464767	 -0.036835	 2
1462073763.096	 5	 -0.098297	 0.527527	 -0.087494	 2
1462073763.106	 5	 -0.112167	 0.558640	 -0.116760	 2
1462073763.116	 5	 -0.141632	 0.542709	 -0.132431	 2
1462073763.126	 5	 -0.195404	 0.507477	 -0.133163	 2
1462073763.136	 5	 -0.262283	 0.484543	 -0.112030	 2
1462073763.146	 5	 -0.322815	 0.461197	 -0.087921	 2
1462073763.156	 5	 -0.358124	 0.432114	 -0.058380	 2
1462073763.166	 5	 -0.363525	 0.412979	 -0.027405	 2
1462073763.176	 5	 -0.336746	 0.419067	 -0.002274	 2
1462073763.186	 5	 -0.291641	 0.436310	 0.040253	 2
1462073763.196	 5	 -0.247833	 0.489456	 0.174652	 2
1462073763.206	 5	 -0.206589	 0.554520	 0.381821	 2
1462073763.216	 5	 -0.135193	 0.656830	 0.668823	 2
1462073763.226	 5	 0.008026	 0.822922	 1.060623	 2
1462073763.236	 5	 0.268219	 1.018707	 1.514923	 2
1462073763.246	 5	 0.704742	 1.287689	 2.241409	 2
1462073763.256	 5	 0.900452	 1.462540	 1.857880	 2
1462073763.266	 5	 0.827881	 1.741379	 0.902786	 2
1462073763.276	 5	 0.834702	 1.784698	 0.527679	 2
1462073763.286	 5	 0.848282	 1.595505	 0.391571	 2
1462073763.296	 5	 0.655945	 1.404434	 0.223785	 2
1462073763.306	 5	 0.341782	 1.222214	 0.091660	 2
1462073763.316	 5	 0.067795	 1.140121	 0.229416	 2
1462073763.326	 5	 -0.154724	 1.071060	 0.285767	 2
1462073763.336	 5	 -0.352890	 1.069580	 0.321808	 2
1462073763.346	 5	 -0.457870	 1.187332	 0.494705	 2
1462073763.356	 5	 -0.433960	 1.187149	 0.460007	 2
1462073763.366	 5	 -0.325241	 1.195053	 0.063675	 2
1462073763.376	 5	 -0.152145	 1.412338	 -0.033432	 2
1462073763.386	 5	 -0.124374	 1.465347	 0.296082	 2
1462073763.396	 5	 -0.303513	 1.235931	 0.620819	 2
1462073763.406	 5	 -0.532654	 0.913238	 1.201538	 2
1462073763.416	 5	 -0.655594	 0.419479	 0.993439	 2
1462073763.426	 5	 -0.440826	 0.503815	 -0.336121	 2
1462073763.436	 5	 -0.086929	 1.062439	 -1.284012	 2
1462073763.446	 5	 -0.028763	 1.112091	 -1.526123	 2
1462073763.456	 5	 -0.268478	 1.059082	 -0.907272	 2
1462073763.466	 5	 -0.603210	 1.073334	 0.468170	 2
1462073763.476	 5	 -0.427139	 1.018372	 -0.057266	 2
1462073763.486	 5	 -0.149948	 1.336319	 -0.368607	 2
1462073763.496	 5	 -0.096039	 1.294937	 -0.295639	 2
1462073763.506	 5	 -0.038177	 1.135025	 -0.077271	 2
1462073763.516	 5	 -0.020447	 1.024429	 0.116104	 2
1462073763.526	 5	 -0.104935	 0.957153	 0.135834	 2
1462073763.536	 5	 -0.239853	 0.954407	 0.166443	 2
1462073763.546	 5	 -0.356751	 0.938675	 0.196411	 2
1462073763.556	 5	 -0.398834	 0.917007	 0.193710	 2
1462073763.566	 5	 -0.284409	 0.973404	 0.238129	 2
1462073763.576	 5	 -0.155090	 0.968796	 0.244263	 2
1462073763.586	 5	 -0.093903	 0.934448	 0.234253	 2
1462073763.596	 5	 -0.059448	 0.925598	 0.214859	 2
1462073763.606	 5	 -0.061691	 0.921463	 0.111755	 2
1462073763.616	 5	 -0.043777	 0.897354	 0.019760	 2
1462073763.626	 5	 -0.059509	 0.833267	 -0.002945	 2
1462073763.636	 5	 -0.125885	 0.804382	 -0.001282	 2
1462073763.646	 5	 -0.166916	 0.799240	 -0.011490	 2
1462073763.656	 5	 -0.196396	 0.798843	 -0.035614	 2
1462073763.666	 5	 -0.209854	 0.811798	 -0.051910	 2
1462073763.676	 5	 -0.208603	 0.821991	 -0.051514	 2
1462073763.686	 5	 -0.188629	 0.832901	 -0.029404	 2
1462073763.696	 5	 -0.158554	 0.850494	 -0.000198	 2
1462073763.706	 5	 -0.135254	 0.879929	 0.047089	 2
1462073763.716	 5	 -0.141205	 0.911621	 0.112015	 2
1462073763.726	 5	 -0.137726	 0.928238	 0.171021	 2
1462073763.736	 5	 -0.147552	 0.924042	 0.190063	 2
1462073763.746	 5	 -0.126312	 0.936585	 0.200684	 2
1462073763.756	 5	 -0.098831	 0.950668	 0.199081	 2
1462073763.766	 5	 -0.074921	 0.981842	 0.174316	 2
1462073763.776	 5	 -0.046326	 1.055786	 0.137421	 2
1462073763.786	 5	 0.026688	 1.238724	 -0.013367	 2
1462073763.796	 5	 0.057617	 1.300842	 -0.063873	 2
1462073763.806	 5	 0.061325	 1.348557	 -0.079514	 2
1462073763.816	 5	 0.048157	 1.384125	 -0.060547	 2
1462073763.826	 5	 0.044998	 1.406158	 -0.030624	 2
1462073763.836	 5	 0.034790	 1.397827	 0.016785	 2
1462073763.846	 5	 0.024689	 1.381073	 0.085495	 2
1462073763.856	 5	 0.017197	 1.404770	 0.124603	 2
1462073763.866	 5	 0.018326	 1.460678	 0.115784	 2
1462073763.876	 5	 0.031662	 1.515091	 0.135162	 2
1462073763.886	 5	 0.048111	 1.509720	 0.164841	 2
1462073763.896	 5	 0.025635	 1.483658	 0.130203	 2
1462073763.906	 5	 -0.000046	 1.461273	 0.088104	 2
1462073763.916	 5	 0.018738	 1.450546	 0.148285	 2
1462073763.926	 5	 0.069901	 1.421738	 0.288940	 2
1462073763.936	 5	 0.086685	 1.320312	 0.320190	 2
1462073763.946	 5	 0.070343	 1.189270	 0.314056	 2
1462073763.956	 5	 0.050491	 1.025040	 0.453720	 2
1462073763.966	 5	 -0.036896	 0.936310	 0.667130	 2
1462073763.976	 5	 -0.126465	 1.022217	 0.729828	 2
1462073763.986	 5	 -0.166626	 1.184967	 0.565536	 2
1462073763.996	 5	 -0.129990	 1.321945	 0.299927	 2
1462073764.006	 5	 -0.135056	 1.330002	 0.031906	 2
1462073764.016	 5	 -0.201538	 1.381973	 -0.106689	 2
1462073764.026	 5	 -0.265808	 1.494949	 -0.075439	 2
1462073764.036	 5	 -0.343567	 1.545212	 -0.067032	 2
1462073764.046	 5	 -0.471024	 1.766968	 0.038528	 2
1462073764.066	 6	 -0.590286	 1.649994	 -0.248306	 2
1462073764.076	 6	 -0.595978	 1.582733	 -0.343063	 2
1462073764.086	 6	 -0.547562	 1.454987	 -0.403534	 2
1462073764.096	 6	 -0.443268	 1.283783	 -0.334473	 2
1462073764.106	 6	 -0.385757	 1.102844	 -0.159134	 2
1462073764.126	 7	 -0.315552	 0.904633	 0.285980	 2
1462073764.136	 7	 -0.261139	 0.734940	 0.282791	 2
1462073764.146	 7	 -0.191513	 0.609634	 0.307724	 2
1462073764.156	 7	 -0.148819	 0.480743	 0.293289	 2
1462073764.166	 7	 -0.086456	 0.392960	 0.221298	 2
1462073764.176	 7	 0.030411	 0.391647	 0.077164	 2
1462073764.186	 7	 0.063568	 0.474960	 0.045502	 2
1462073764.196	 7	 -0.017242	 0.433304	 0.067307	 2
1462073764.206	 7	 -0.079788	 0.392120	 0.036224	 2
1462073764.216	 7	 -0.061447	 0.467346	 -0.033112	 2
1462073764.226	 7	 -0.072433	 0.528870	 -0.074677	 2
1462073764.236	 7	 -0.108231	 0.552933	 -0.090454	 2
1462073764.246	 7	 -0.140259	 0.574219	 -0.128281	 2
1462073764.256	 7	 -0.160904	 0.555649	 -0.185745	 2
1462073764.266	 7	 -0.178864	 0.541306	 -0.180786	 2
1462073764.276	 7	 -0.064392	 0.559875	 -0.117416	 2
1462073764.286	 7	 -0.016312	 0.541748	 -0.053833	 2
1462073764.296	 7	 -0.036484	 0.462112	 -0.031677	 2
1462073764.306	 7	 -0.031647	 0.468307	 0.096634	 2
1462073764.316	 7	 -0.006531	 0.543167	 0.315857	 2
1462073764.336	 8	 0.075516	 1.024902	 0.812820	 2
1462073764.346	 8	 0.427246	 1.390976	 1.319122	 2
1462073764.356	 8	 1.002884	 1.533188	 2.979279	 2
1462073764.366	 8	 0.852890	 1.404907	 1.780029	 2
1462073764.376	 8	 0.725098	 1.321945	 1.205795	 2
1462073764.386	 8	 0.685562	 1.287979	 0.906784	 2
1462073764.396	 8	 0.640564	 1.316254	 0.777252	 2
1462073764.406	 8	 0.472015	 1.384522	 0.627075	 2
1462073764.416	 8	 0.244492	 1.381454	 0.336517	 2
1462073764.426	 8	 0.108749	 1.476990	 0.215332	 2
1462073764.436	 8	 -0.007629	 1.561493	 0.205612	 2
1462073764.446	 8	 0.007751	 1.586273	 0.073914	 2
1462073764.456	 8	 -0.000336	 1.462311	 -0.133148	 2
1462073764.466	 8	 -0.122543	 1.407043	 -0.259277	 2
1462073764.476	 8	 -0.226257	 1.365509	 -0.237747	 2
1462073764.486	 8	 -0.241318	 1.236267	 -0.027557	 2
1462073764.496	 8	 -0.252151	 1.014465	 0.529327	 2
1462073764.506	 8	 -0.272888	 0.854492	 0.848862	 2
1462073764.516	 8	 -0.252914	 0.939529	 0.522308	 2
1462073764.526	 8	 -0.185944	 1.051651	 -0.066833	 2
1462073764.536	 8	 -0.126968	 0.978577	 -0.403702	 2
1462073764.546	 8	 -0.057022	 0.919022	 -0.371445	 2
1462073764.556	 8	 -0.069534	 1.002823	 -0.409622	 2
1462073764.566	 8	 -0.091309	 0.965912	 -0.415222	 2
1462073764.576	 8	 -0.134232	 1.034653	 -0.336273	 2
1462073764.586	 8	 -0.137283	 1.078049	 -0.270554	 2
1462073764.596	 8	 -0.098587	 1.061142	 -0.227768	 2
1462073764.606	 8	 -0.097168	 1.086761	 -0.165512	 2
1462073764.616	 8	 -0.050735	 1.129669	 -0.127960	 2
1462073764.626	 8	 0.018265	 1.133514	 -0.109558	 2
1462073764.636	 8	 0.094589	 1.164368	 -0.082230	 2
1462073764.646	 8	 0.178482	 1.032272	 -0.100372	 2
1462073764.656	 8	 0.208740	 1.128540	 -0.068680	 2
1462073764.666	 8	 0.213135	 1.063339	 0.007858	 2
1462073764.676	 8	 0.245056	 0.963455	 0.167587	 2
1462073764.686	 8	 0.193100	 0.859879	 0.248657	 2
1462073764.696	 8	 0.220596	 0.873276	 0.359940	 2
1462073764.706	 8	 0.212448	 0.782120	 0.388794	 2
1462073764.716	 8	 0.217789	 0.787201	 0.298370	 2
1462073764.726	 8	 0.179535	 0.820633	 0.148788	 2
1462073764.736	 8	 0.275345	 0.846863	 0.022003	 2
1462073764.746	 8	 0.281540	 0.819092	 -0.027161	 2
1462073764.756	 8	 0.299957	 0.832245	 -0.061905	 2
1462073764.766	 8	 0.284576	 0.828583	 -0.034744	 2
1462073764.776	 8	 0.276672	 0.821503	 -0.031631	 2
1462073764.786	 8	 0.261887	 0.805756	 -0.039886	 2
1462073764.796	 8	 0.252457	 0.964249	 -0.013718	 2
1462073764.806	 8	 0.280457	 1.004745	 0.041031	 2
1462073764.816	 8	 0.280670	 0.948166	 0.065216	 2
1462073764.826	 8	 0.334412	 0.990006	 0.082764	 2
1462073764.836	 8	 0.392990	 1.016434	 0.098282	 2
1462073764.846	 8	 0.405884	 1.001389	 0.114960	 2
1462073764.856	 8	 0.427200	 1.052429	 0.114777	 2
1462073764.866	 8	 0.458359	 1.107239	 0.101761	 2
1462073764.876	 8	 0.451981	 1.151749	 0.051468	 2
1462073764.886	 8	 0.460632	 1.223740	 0.012009	 2
1462073764.896	 8	 0.409699	 1.272598	 -0.019196	 2
1462073764.906	 8	 0.475815	 1.346024	 -0.012299	 2
1462073764.916	 8	 0.488266	 1.355286	 -0.001083	 2
1462073764.926	 8	 0.512527	 1.314850	 -0.040985	 2
1462073764.936	 8	 0.577225	 1.266800	 -0.062759	 2
1462073764.946	 8	 0.561951	 1.255753	 -0.093079	 2
1462073764.956	 8	 0.730804	 1.290085	 -0.052200	 2
1462073764.966	 8	 0.776077	 1.214508	 -0.025482	 2
1462073764.976	 8	 0.844391	 1.174957	 0.259766	 2
1462073764.986	 8	 0.712387	 1.231567	 0.256393	 2
1462073764.996	 8	 0.728790	 1.350067	 0.078659	 2
1462073765.006	 8	 0.606018	 1.390686	 0.002594	 2
1462073765.016	 8	 0.551865	 1.414825	 -0.080719	 2
1462073765.026	 8	 0.590927	 1.370178	 -0.129623	 2
1462073765.036	 8	 0.655853	 1.320465	 -0.216049	 2
1462073765.046	 8	 0.664780	 1.328796	 -0.233994	 2
1462073765.056	 8	 0.683441	 1.236038	 -0.168411	 2
1462073765.066	 8	 0.587784	 1.144974	 -0.106079	 2
1462073765.076	 8	 0.567368	 1.197815	 -0.118256	 2
1462073765.086	 8	 0.530975	 1.261841	 -0.196487	 2
1462073765.096	 8	 0.382339	 1.329346	 -0.239807	 2
1462073765.106	 8	 0.305100	 1.339828	 -0.246780	 2
1462073765.116	 8	 0.110382	 1.278534	 -0.294525	 2
1462073765.126	 8	 0.024231	 1.440750	 -0.210968	 2
1462073765.136	 8	 -0.019119	 1.484055	 -0.189865	 2
1462073765.146	 8	 0.140182	 1.469986	 -0.148819	 2
1462073765.156	 8	 -0.005173	 1.257294	 -0.209930	 2
1462073765.166	 8	 -0.100815	 1.056335	 -0.272247	 2
1462073765.176	 8	 -0.012558	 0.960617	 -0.238800	 2
1462073765.186	 8	 0.094711	 0.923203	 -0.204346	 2
1462073765.196	 8	 0.180222	 0.790619	 -0.215805	 2
1462073765.206	 8	 0.255264	 0.683426	 -0.197403	 2
1462073765.216	 8	 0.292618	 0.636444	 -0.201614	 2
1462073765.226	 8	 0.262527	 0.582321	 -0.201508	 2
1462073765.236	 8	 0.238113	 0.539856	 -0.206482	 2
1462073765.246	 8	 0.230606	 0.501327	 -0.172531	 2
1462073765.256	 8	 0.188492	 0.472702	 -0.184341	 2
1462073765.266	 8	 0.227997	 0.324829	 -0.042343	 2
1462073765.276	 8	 0.273025	 0.348282	 -0.064240	 2
1462073765.286	 8	 0.271408	 0.348038	 0.004639	 2
1462073765.296	 8	 0.359589	 0.292511	 0.065247	 2
1462073765.306	 8	 0.444000	 0.251022	 0.090607	 2
1462073765.316	 8	 0.506973	 0.208984	 0.076569	 2
1462073765.326	 8	 0.577759	 0.162155	 0.046738	 2
1462073765.336	 8	 0.622864	 0.098633	 0.047623	 2
1462073765.346	 8	 0.732697	 0.032272	 0.035797	 2
1462073765.356	 8	 0.852615	 -0.028107	 0.062164	 2
1462073765.366	 8	 0.975876	 -0.081650	 0.110214	 2
1462073765.376	 8	 1.077621	 -0.119659	 0.168152	 2
1462073765.386	 8	 1.117218	 -0.139282	 0.129303	 2
1462073765.396	 8	 1.156250	 -0.138321	 0.071884	 2
1462073765.406	 8	 1.174911	 -0.133606	 0.006500	 2
1462073765.416	 8	 1.236389	 -0.151627	 -0.094986	 2
1462073765.426	 8	 1.256714	 -0.157303	 -0.289963	 2
1462073765.436	 8	 1.301132	 -0.020416	 -0.367340	 2
1462073765.446	 8	 1.315414	 -0.016342	 -0.429047	 2
1462073765.456	 8	 1.287155	 -0.014236	 -0.495346	 2
1462073765.466	 8	 1.285141	 -0.000488	 -0.510757	 2
1462073765.476	 8	 1.285248	 0.021133	 -0.533966	 2
1462073765.486	 8	 1.317780	 0.070709	 -0.574951	 2
1462073765.496	 8	 1.326294	 0.099869	 -0.603378	 2
1462073765.506	 8	 1.314819	 0.095428	 -0.660904	 2
1462073765.516	 8	 1.283203	 0.121262	 -0.705994	 2
1462073765.526	 8	 1.241302	 0.184875	 -0.772614	 2
1462073765.536	 8	 1.213379	 0.289444	 -0.868149	 2
1462073765.546	 8	 1.151581	 0.312866	 -0.926880	 2
1462073765.556	 8	 1.111298	 0.346176	 -1.002152	 2
1462073765.566	 8	 1.088440	 0.374710	 -1.046219	 2
1462073765.576	 8	 1.043442	 0.354767	 -1.075516	 2
1462073765.586	 8	 0.978531	 0.333038	 -1.102936	 2
1462073765.596	 8	 0.950882	 0.327026	 -1.148224	 2
1462073765.606	 8	 0.927170	 0.311722	 -1.201096	 2
1462073765.616	 8	 0.911774	 0.376862	 -1.222366	 2
1462073765.626	 8	 0.901077	 0.446289	 -1.255402	 2
1462073765.636	 8	 0.894791	 0.523346	 -1.246918	 2
1462073765.646	 8	 0.888260	 0.603683	 -1.213791	 2
1462073765.656	 8	 0.812729	 0.569702	 -1.194122	 2
1462073765.666	 8	 0.742432	 0.491043	 -1.154938	 2
1462073765.676	 8	 0.704239	 0.440231	 -1.095581	 2
1462073765.686	 8	 0.682205	 0.340927	 -1.052963	 2
1462073765.696	 8	 0.632156	 0.244400	 -1.131958	 2
1462073765.706	 8	 0.674469	 0.408676	 -1.016190	 2
1462073765.716	 8	 0.751953	 0.478378	 -0.889450	 2
1462073765.726	 8	 0.707123	 0.405350	 -0.976990	 2
1462073765.736	 8	 0.669434	 0.364655	 -1.011124	 2
1462073765.746	 8	 0.667801	 0.340347	 -1.045746	 2
1462073765.756	 8	 0.727860	 0.347931	 -0.952103	 2
1462073765.766	 8	 0.755249	 0.355926	 -0.836670	 2
1462073765.776	 8	 0.666168	 0.290054	 -0.864990	 2
1462073765.786	 8	 0.600265	 0.259964	 -0.804581	 2
1462073765.796	 8	 0.556076	 0.246017	 -0.742905	 2
1462073765.806	 8	 0.499817	 0.232727	 -0.708679	 2
1462073765.816	 8	 0.470688	 0.251678	 -0.690872	 2
1462073765.826	 8	 0.451233	 0.264298	 -0.684998	 2
1462073765.836	 8	 0.389053	 0.210114	 -0.762741	 2
1462073765.846	 8	 0.475006	 0.222031	 -0.647919	 2
1462073765.856	 8	 0.563400	 0.202896	 -0.552521	 2
1462073765.866	 8	 0.554291	 0.155441	 -0.524338	 2
1462073765.876	 8	 0.516144	 0.083908	 -0.548691	 2
1462073765.886	 8	 0.489410	 0.014557	 -0.551407	 2
1462073765.896	 8	 0.465485	 -0.014023	 -0.539108	 2
1462073765.906	 8	 0.434738	 -0.020020	 -0.541748	 2
1462073765.916	 8	 0.396744	 -0.024811	 -0.561554	 2
1462073765.926	 8	 0.362534	 -0.027130	 -0.565308	 2
1462073765.936	 8	 0.335754	 -0.021790	 -0.537292	 2
1462073765.946	 8	 0.302628	 -0.062759	 -0.524582	 2
1462073765.956	 8	 0.290253	 -0.108322	 -0.527832	 2
1462073765.966	 8	 0.254517	 -0.192947	 -0.565277	 2
1462073765.976	 8	 0.249390	 -0.264771	 -0.634491	 2
1462073765.986	 8	 0.231903	 -0.213226	 -0.675064	 2
1462073765.996	 8	 0.271408	 -0.150391	 -0.645050	 2
1462073766.006	 8	 0.315765	 -0.177094	 -0.633987	 2
1462073766.016	 8	 0.285706	 -0.277740	 -0.560455	 2
1462073766.026	 8	 0.266861	 -0.415680	 -0.561554	 2
1462073766.036	 8	 0.253738	 -0.453140	 -0.660629	 2
1462073766.046	 8	 0.226105	 -0.433609	 -0.672226	 2
1462073766.056	 8	 0.220673	 -0.402542	 -0.697113	 2
1462073766.066	 8	 0.196136	 -0.385880	 -0.744446	 2
1462073766.076	 8	 0.185852	 -0.438538	 -0.751785	 2
1462073766.086	 8	 0.174408	 -0.474899	 -0.729691	 2
1462073766.106	 9	 0.171280	 -0.534225	 -0.691620	 2
1462073766.116	 10	 0.232193	 -0.595703	 -0.730865	 2
1462073766.136	 10	 0.284622	 -0.547363	 -0.824722	 2
1462073766.146	 10	 0.290771	 -0.522354	 -0.873764	 2
1462073766.156	 10	 0.274567	 -0.483093	 -0.920364	 2
1462073766.166	 10	 0.247406	 -0.426453	 -0.942856	 2
1462073766.176	 10	 0.199036	 -0.387863	 -0.942902	 2
1462073766.186	 10	 0.194260	 -0.343857	 -0.862152	 2
1462073766.196	 10	 0.187271	 -0.336365	 -0.811859	 2
1462073766.216	 10	 0.184967	 -0.368423	 -0.745285	 2
1462073766.206	 10	 0.166382	 -0.348312	 -0.780045	 2
1462073766.226	 10	 0.217682	 -0.413803	 -0.735733	 2
1462073766.236	 10	 0.231857	 -0.459808	 -0.745392	 2
1462073766.246	 10	 0.251266	 -0.494614	 -0.743118	 2
1462073766.256	 10	 0.255432	 -0.529449	 -0.738861	 2
1462073766.266	 10	 0.241928	 -0.555847	 -0.729523	 2
1462073766.276	 10	 0.216034	 -0.545776	 -0.711838	 2
1462073766.286	 10	 0.192703	 -0.558594	 -0.687119	 2
1462073766.296	 10	 0.156509	 -0.567978	 -0.657166	 2
1462073766.306	 10	 0.113159	 -0.559570	 -0.639435	 2
1462073766.316	 10	 0.086075	 -0.520340	 -0.622971	 2
1462073766.326	 10	 0.069901	 -0.480743	 -0.613754	 2
1462073766.336	 10	 0.069534	 -0.466492	 -0.622299	 2
1462073766.346	 10	 0.083725	 -0.470184	 -0.653091	 2
1462073766.356	 10	 0.103928	 -0.474777	 -0.675903	 2
1462073766.366	 10	 0.115005	 -0.478867	 -0.689865	 2
1462073766.376	 10	 0.117065	 -0.481384	 -0.688400	 2
1462073766.386	 10	 0.118301	 -0.477173	 -0.675446	 2
1462073766.396	 10	 0.104126	 -0.478424	 -0.656479	 2
1462073766.406	 10	 0.090286	 -0.484741	 -0.636673	 2
1462073766.416	 10	 0.076126	 -0.495254	 -0.612137	 2
1462073766.426	 10	 0.068359	 -0.511581	 -0.600967	 2
1462073766.436	 10	 0.067230	 -0.529556	 -0.594223	 2
1462073766.446	 10	 0.066681	 -0.535294	 -0.603210	 2
1462073766.456	 10	 0.078079	 -0.535919	 -0.609573	 2
1462073766.466	 10	 0.084152	 -0.540604	 -0.618378	 2
1462073766.476	 10	 0.082611	 -0.554474	 -0.637985	 2
1462073766.486	 10	 0.077408	 -0.564987	 -0.659287	 2
1462073766.496	 10	 0.078568	 -0.574463	 -0.681503	 2
1462073766.506	 10	 0.070541	 -0.585266	 -0.691742	 2
1462073766.516	 10	 0.060669	 -0.599304	 -0.692383	 2
1462073766.526	 10	 0.047424	 -0.616486	 -0.693253	 2
1462073766.536	 10	 0.042648	 -0.640198	 -0.703095	 2
1462073766.546	 10	 0.048233	 -0.661621	 -0.731079	 2
1462073766.556	 10	 0.064484	 -0.677795	 -0.776260	 2
1462073766.566	 10	 0.087082	 -0.687302	 -0.828812	 2
1462073766.576	 10	 0.104294	 -0.697189	 -0.883301	 2
1462073766.586	 10	 0.130142	 -0.716736	 -0.956223	 2
1462073766.596	 10	 0.135666	 -0.737732	 -1.032120	 2
1462073766.606	 10	 0.118469	 -0.751160	 -1.093262	 2
1462073766.616	 10	 0.093994	 -0.757141	 -1.122498	 2
1462073766.626	 10	 0.051682	 -0.760666	 -1.116363	 2
1462073766.636	 10	 0.016739	 -0.760849	 -1.096115	 2
1462073766.646	 10	 -0.000214	 -0.742554	 -1.048721	 2
1462073766.656	 10	 -0.036789	 -0.729156	 -1.002838	 2
1462073766.666	 10	 -0.041336	 -0.707855	 -0.962631	 2
1462073766.676	 10	 -0.091599	 -0.682175	 -0.905975	 2
1462073766.686	 10	 -0.026474	 -0.586197	 -0.887650	 2
1462073766.696	 10	 -0.044006	 -0.527115	 -1.053741	 2
1462073766.706	 10	 -0.024673	 -0.486649	 -1.110397	 2
1462073766.716	 10	 -0.022858	 -0.489914	 -1.150757	 2
1462073766.726	 10	 0.001099	 -0.473053	 -1.184189	 2
1462073766.736	 10	 0.014404	 -0.476562	 -1.202682	 2
