% Compass data recorded with 'snsrlog'
% 
% 
% Label description:
% 	 0: Default Label
% 	 1: still_drop
% 	 2: walk_drop
% 	 3: other
% 	 4: dtw_same
% 	 5: dtw_diff
% 	 6: delete
% 	 7: steal
% 
% Column description:
% 	 1: Seconds.milliseconds since 1970
% 	 2: Magnetic heading in degrees starting at due north and continuing clockwise (e.g. east = 90) - negative values indicate invalid values
% 		 NOTE: True heading only provides valid values when GPS is activated at same time!
% 	 3: True heading in degrees starting at due north and continuing clockwise (e.g. east = 90) - negative values indicate invalid values
% 	 4: Error likelihood - negative values indicate invalid values
% 	 5: Geomagnetic data for the x-axis measured in microteslas
% 	 6: Geomagnetic data for the y-axis measured in microteslas
% 	 7: Geomagnetic data for the z-axis measured in microteslas
% 	 8: Label used for the current sample
% 
% 
1463569309.183	 111.621681	 -1.000000	 25.000000	 -16.022129	 -22.001083	 -22.235535	 1
1463569309.203	 112.637634	 -1.000000	 25.000000	 -15.472878	 -22.145142	 -22.263397	 1
1463569309.233	 113.027039	 -1.000000	 25.000000	 -14.414845	 -22.681015	 -22.647522	 1
1463569309.252	 112.420250	 -1.000000	 25.000000	 -12.749742	 -22.819305	 -23.716309	 1
1463569309.272	 113.134026	 -1.000000	 25.000000	 -10.703057	 -23.061310	 -24.417725	 1
1463569309.293	 114.089798	 -1.000000	 25.000000	 -8.691060	 -23.337891	 -25.018951	 1
1463569309.313	 115.488571	 -1.000000	 25.000000	 -6.089339	 -22.957588	 -25.853973	 1
1463569309.333	 117.346458	 -1.000000	 25.000000	 -3.487617	 -22.646431	 -26.087738	 1
1463569309.353	 119.022713	 -1.000000	 25.000000	 -0.469622	 -22.542725	 -25.987549	 1
1463569309.373	 121.075584	 -1.000000	 25.000000	 3.034031	 -22.439011	 -25.753754	 1
1463569309.394	 122.355736	 -1.000000	 25.000000	 6.919270	 -22.093292	 -24.952148	 1
1463569309.418	 123.890999	 -1.000000	 25.000000	 11.082024	 -22.093292	 -23.816559	 1
1463569309.436	 125.037643	 -1.000000	 25.000000	 14.932570	 -21.090698	 -22.246735	 1
1463569309.456	 127.813591	 -1.000000	 25.000000	 18.991255	 -20.018951	 -19.741699	 1
1463569309.485	 130.962814	 -1.000000	 25.000000	 22.217388	 -18.463196	 -16.969452	 1
1463569309.495	 134.393707	 -1.000000	 25.000000	 25.235382	 -16.354271	 -14.330811	 1
1463569309.516	 138.795532	 -1.000000	 25.000000	 27.490208	 -14.107056	 -11.558563	 1
1463569309.536	 143.991745	 -1.000000	 25.000000	 29.432831	 -11.479553	 -9.220551	 1
1463569309.555	 150.241806	 -1.000000	 25.000000	 30.577587	 -8.886620	 -7.116302	 1
1463569309.576	 156.859222	 -1.000000	 25.000000	 31.514206	 -6.224533	 -5.813690	 1
1463569309.596	 163.942947	 -1.000000	 25.000000	 31.861103	 -3.735321	 -4.678070	 1
1463569309.616	 170.931366	 -1.000000	 25.000000	 31.965176	 -1.073257	 -3.976654	 1
1463569309.636	 171.210678	 -1.000000	 25.000000	 32.208000	 0.828232	 -3.609222	 1
1463569309.656	 183.259003	 -1.000000	 25.000000	 32.034550	 2.729706	 -4.177032	 1
1463569309.675	 189.393478	 -1.000000	 25.000000	 31.861103	 4.216324	 -4.611237	 1
1463569309.696	 193.880692	 -1.000000	 25.000000	 31.791725	 5.322647	 -5.212463	 1
1463569309.723	 197.418976	 -1.000000	 25.000000	 31.861103	 5.737518	 -5.947266	 1
1463569309.737	 199.359802	 -1.000000	 25.000000	 31.548901	 5.910385	 -7.049500	 1
1463569309.757	 200.299438	 -1.000000	 25.000000	 31.479523	 5.979538	 -7.784302	 1
1463569309.782	 200.208786	 -1.000000	 25.000000	 31.618279	 5.702957	 -8.385498	 1
1463569309.797	 199.316620	 -1.000000	 25.000000	 31.375450	 4.976929	 -8.819733	 1
1463569309.818	 198.010040	 -1.000000	 25.000000	 31.548897	 4.320053	 -9.187134	 1
1463569309.841	 197.007339	 -1.000000	 25.000000	 31.722343	 3.455734	 -8.886536	 1
1463569309.858	 195.830551	 -1.000000	 25.000000	 32.103928	 2.522278	 -8.786346	 1
1463569309.878	 193.868774	 -1.000000	 25.000000	 31.826412	 2.107422	 -8.919922	 1
1463569309.901	 191.246597	 -1.000000	 25.000000	 32.103928	 1.692551	 -9.521118	 1
1463569309.919	 188.349426	 -1.000000	 25.000000	 32.208000	 1.588837	 -10.155731	 1
1463569309.938	 185.716095	 -1.000000	 25.000000	 31.861103	 1.865402	 -10.356140	 1
1463569309.960	 183.282532	 -1.000000	 25.000000	 31.687656	 1.761703	 -10.456329	 1
1463569309.979	 181.478897	 -1.000000	 25.000000	 32.034554	 1.415970	 -9.988708	 1
1463569310.003	 180.633484	 -1.000000	 25.000000	 32.173309	 1.139389	 -9.053497	 1
1463569310.022	 180.668625	 -1.000000	 25.000000	 31.652966	 0.689957	 -7.951263	 1
1463569310.050	 181.113342	 -1.000000	 25.000000	 32.069241	 0.275085	 -7.082855	 1
1463569310.067	 181.580521	 -1.000000	 25.000000	 32.173309	 0.517105	 -5.847046	 1
1463569310.081	 181.069870	 -1.000000	 25.000000	 31.965172	 0.931976	 -4.911835	 1
1463569310.101	 179.584076	 -1.000000	 25.000000	 32.173309	 2.453156	 -4.310638	 1
1463569310.122	 178.292877	 -1.000000	 25.000000	 32.277382	 4.423782	 -3.809631	 1
1463569310.143	 177.861938	 -1.000000	 25.000000	 31.965176	 6.878418	 -3.843018	 1
1463569310.161	 178.139709	 -1.000000	 25.000000	 31.167313	 10.093658	 -4.210419	 1
1463569310.184	 180.327103	 -1.000000	 25.000000	 29.918488	 13.343460	 -5.145630	 1
1463569310.201	 185.129807	 -1.000000	 25.000000	 28.045242	 16.178391	 -6.014069	 1
1463569310.221	 190.588989	 -1.000000	 25.000000	 27.041737	 20.021942	 -8.243103	 1
1463569310.250	 197.357803	 -1.000000	 25.000000	 25.376663	 21.681381	 -9.245148	 1
1463569310.271	 201.633179	 -1.000000	 25.000000	 24.093166	 22.891388	 -10.748230	 1
1463569310.291	 201.743729	 -1.000000	 25.000000	 22.879049	 23.893967	 -11.516479	 1
1463569310.310	 200.485962	 -1.000000	 25.000000	 21.907757	 24.585388	 -12.318115	 1
1463569310.349	 199.611481	 -1.000000	 25.000000	 20.658951	 25.069397	 -12.852509	 1
1463569310.367	 201.210709	 -1.000000	 25.000000	 19.444836	 26.279388	 -13.353546	 1
1463569310.390	 203.114059	 -1.000000	 25.000000	 18.196030	 27.039963	 -13.353546	 1
1463569310.420	 206.916183	 -1.000000	 25.000000	 17.224735	 27.523956	 -13.153137	 1
1463569310.420	 206.839371	 -1.000000	 25.000000	 16.218752	 27.765961	 -12.785706	 1
1463569310.431	 211.739532	 -1.000000	 25.000000	 15.663729	 28.319092	 -12.718903	 1
1463569310.452	 216.478470	 -1.000000	 25.000000	 15.420904	 28.561096	 -12.284637	 1
1463569310.472	 217.548523	 -1.000000	 25.000000	 15.212770	 28.768509	 -11.683411	 1
1463569310.492	 218.256256	 -1.000000	 25.000000	 15.524973	 28.733948	 -11.449585	 1
1463569310.512	 219.463928	 -1.000000	 25.000000	 15.871864	 29.079666	 -11.382812	 1
1463569310.533	 220.633224	 -1.000000	 25.000000	 15.975930	 29.045105	 -11.215820	 1
1463569310.553	 221.124207	 -1.000000	 25.000000	 16.114685	 29.114243	 -11.015411	 1
1463569310.573	 222.602921	 -1.000000	 25.000000	 16.565643	 29.148819	 -10.915222	 1
1463569310.593	 223.003113	 -1.000000	 25.000000	 16.461576	 29.598251	 -10.614624	 1
1463569310.613	 223.825256	 -1.000000	 25.000000	 16.426888	 29.632812	 -10.380768	 1
1463569310.633	 224.694275	 -1.000000	 25.000000	 16.357510	 29.771118	 -10.046783	 1
1463569310.656	 225.810791	 -1.000000	 25.000000	 16.218754	 29.840256	 -9.579163	 1
1463569310.685	 226.922882	 -1.000000	 25.000000	 16.045307	 30.220551	 -9.345337	 1
1463569310.697	 228.587814	 -1.000000	 25.000000	 15.975930	 30.358826	 -9.011353	 1
1463569310.717	 229.532990	 -1.000000	 25.000000	 15.802486	 30.739105	 -8.176300	 1
1463569310.744	 233.376923	 -1.000000	 25.000000	 15.524973	 30.946548	 -7.374664	 1
1463569310.755	 235.465881	 -1.000000	 25.000000	 15.455595	 31.223099	 -7.307861	 1
1463569310.775	 235.895813	 -1.000000	 25.000000	 15.039328	 30.600815	 -7.040649	 1
1463569310.804	 244.987198	 -1.000000	 25.000000	 14.406642	 29.240341	 -4.856567	 1
1463569310.815	 247.702942	 -1.000000	 25.000000	 14.476019	 29.032913	 -4.856567	 1
1463569310.835	 249.431396	 -1.000000	 25.000000	 14.510707	 29.205780	 -4.756378	 1
1463569310.863	 250.727158	 -1.000000	 25.000000	 14.441330	 29.274918	 -4.556000	 1
1463569310.876	 251.140533	 -1.000000	 25.000000	 14.267889	 29.793488	 -4.589386	 1
1463569310.895	 250.909454	 -1.000000	 25.000000	 14.406642	 30.070068	 -4.589386	 1
1463569310.923	 249.920517	 -1.000000	 25.000000	 14.406642	 30.415787	 -4.789764	 1
1463569310.936	 248.810394	 -1.000000	 25.000000	 14.302576	 30.104630	 -5.223969	 1
1463569310.957	 248.258423	 -1.000000	 25.000000	 14.059755	 29.931778	 -5.257355	 1
1463569310.982	 248.347641	 -1.000000	 25.000000	 14.371954	 29.966339	 -5.157166	 1
1463569310.997	 247.412598	 -1.000000	 25.000000	 14.163823	 29.897202	 -5.557983	 1
1463569311.019	 246.857330	 -1.000000	 25.000000	 13.990377	 30.000916	 -5.658173	 1
1463569311.042	 247.168335	 -1.000000	 25.000000	 14.094443	 30.242905	 -5.491150	 1
1463569311.057	 246.950119	 -1.000000	 25.000000	 14.198509	 30.761490	 -5.658173	 1
1463569311.078	 246.887421	 -1.000000	 25.000000	 14.371950	 30.657776	 -5.691559	 1
1463569311.101	 247.582428	 -1.000000	 25.000000	 14.267882	 30.484924	 -5.257355	 1
1463569311.118	 248.459625	 -1.000000	 25.000000	 14.129129	 30.208344	 -4.923370	 1
1463569311.138	 248.612671	 -1.000000	 25.000000	 14.025063	 30.381210	 -5.023560	 1
1463569311.161	 249.269363	 -1.000000	 25.000000	 13.816933	 30.104630	 -4.756378	 1
1463569311.178	 250.056610	 -1.000000	 25.000000	 13.470046	 30.312073	 -4.355591	 1
1463569311.199	 249.728271	 -1.000000	 25.000000	 13.088470	 30.554077	 -4.522583	 1
1463569311.222	 249.565613	 -1.000000	 25.000000	 13.192535	 30.934372	 -4.823181	 1
1463569311.239	 250.784653	 -1.000000	 25.000000	 13.296600	 30.830658	 -4.522583	 1
1463569311.261	 251.199158	 -1.000000	 25.000000	 13.331289	 31.003510	 -4.556000	 1
1463569311.280	 251.595428	 -1.000000	 25.000000	 13.227224	 31.038086	 -4.455780	 1
1463569311.300	 252.837250	 -1.000000	 25.000000	 13.192535	 30.726929	 -4.021576	 1
1463569311.323	 253.895630	 -1.000000	 25.000000	 12.845649	 30.934357	 -3.687592	 1
1463569311.341	 254.571899	 -1.000000	 25.000000	 12.533449	 31.107208	 -3.654175	 1
1463569311.362	 256.374481	 -1.000000	 25.000000	 12.429381	 31.280090	 -3.219971	 1
1463569311.384	 257.009155	 -1.000000	 25.000000	 12.325314	 31.107224	 -3.386993	 1
1463569311.403	 256.841949	 -1.000000	 25.000000	 12.325314	 31.452942	 -3.787811	 1
1463569311.431	 257.450500	 -1.000000	 25.000000	 12.151871	 31.210938	 -3.620819	 1
1463569311.444	 257.466980	 -1.000000	 25.000000	 11.735607	 31.141800	 -3.620819	 1
1463569311.462	 257.564392	 -1.000000	 25.000000	 11.284655	 31.107224	 -3.587433	 1
1463569311.490	 257.849274	 -1.000000	 25.000000	 10.764326	 31.487518	 -3.554047	 1
1463569311.507	 258.661224	 -1.000000	 25.000000	 10.521507	 31.729523	 -3.453827	 1
1463569311.521	 259.602448	 -1.000000	 25.000000	 10.590884	 31.867813	 -3.453827	 1
1463569311.549	 260.745544	 -1.000000	 25.000000	 10.799017	 32.144394	 -3.387054	 1
1463569311.563	 261.485535	 -1.000000	 25.000000	 11.007151	 32.144394	 -3.453827	 1
1463569311.582	 262.363281	 -1.000000	 25.000000	 10.903086	 32.040680	 -3.153229	 1
1463569311.602	 262.990906	 -1.000000	 25.000000	 11.215281	 32.144409	 -2.986237	 1
1463569311.623	 262.755859	 -1.000000	 25.000000	 10.903083	 31.971542	 -2.952850	 1
1463569311.642	 262.602722	 -1.000000	 25.000000	 10.799017	 32.006104	 -2.919434	 1
1463569311.663	 262.117645	 -1.000000	 25.000000	 10.590884	 32.075256	 -3.053040	 1
1463569311.682	 261.830353	 -1.000000	 25.000000	 10.833703	 32.040680	 -3.286835	 1
1463569311.703	 261.609467	 -1.000000	 25.000000	 10.348062	 32.040680	 -3.286835	 1
1463569311.723	 262.384277	 -1.000000	 25.000000	 10.660260	 32.351822	 -3.186646	 1
1463569311.743	 263.675049	 -1.000000	 25.000000	 10.764326	 32.248093	 -2.819275	 1
1463569311.763	 264.204590	 -1.000000	 25.000000	 10.903083	 32.109818	 -2.752472	 1
1463569311.786	 264.273529	 -1.000000	 25.000000	 10.556198	 32.386398	 -2.618866	 1
1463569311.804	 264.504272	 -1.000000	 25.000000	 10.521510	 32.282669	 -2.451874	 1
1463569311.824	 264.982666	 -1.000000	 25.000000	 10.452133	 32.006104	 -2.184662	 1
1463569311.844	 264.690948	 -1.000000	 25.000000	 10.313376	 32.213531	 -2.318268	 1
1463569311.864	 265.283020	 -1.000000	 25.000000	 10.070555	 32.178955	 -2.017670	 1
1463569311.885	 265.824005	 -1.000000	 25.000000	 10.278685	 31.902405	 -1.884064	 1
1463569311.908	 266.382721	 -1.000000	 25.000000	 10.486818	 31.902405	 -1.683655	 1
1463569311.925	 265.593933	 -1.000000	 25.000000	 10.694949	 32.317261	 -2.017670	 1
1463569311.945	 265.363647	 -1.000000	 25.000000	 10.382753	 32.144409	 -1.850647	 1
1463569311.968	 265.035217	 -1.000000	 25.000000	 10.660264	 32.144409	 -1.984222	 1
1463569311.987	 265.579712	 -1.000000	 25.000000	 11.007151	 32.351852	 -1.850616	 1
1463569312.007	 265.286499	 -1.000000	 25.000000	 10.903083	 32.593857	 -2.017639	 1
1463569312.028	 264.843750	 -1.000000	 25.000000	 10.556195	 32.524704	 -2.084442	 1
1463569312.047	 264.588287	 -1.000000	 25.000000	 10.972460	 32.317276	 -2.284851	 1
1463569312.067	 264.696564	 -1.000000	 25.000000	 11.249967	 32.248138	 -2.284851	 1
1463569312.089	 263.812256	 -1.000000	 25.000000	 11.249967	 32.317276	 -2.685669	 1
1463569312.106	 263.799805	 -1.000000	 25.000000	 11.354034	 31.936996	 -2.785858	 1
1463569312.126	 263.817169	 -1.000000	 25.000000	 11.388723	 31.833282	 -2.552094	 1
1463569312.148	 263.828827	 -1.000000	 25.000000	 11.145901	 32.144440	 -2.518677	 1
1463569312.167	 263.849487	 -1.000000	 25.000000	 10.868394	 32.490158	 -2.318268	 1
1463569312.188	 263.891693	 -1.000000	 25.000000	 10.590884	 32.351852	 -1.984253	 1
1463569312.214	 263.932007	 -1.000000	 25.000000	 10.452127	 32.628433	 -1.917450	 1
1463569312.230	 263.969727	 -1.000000	 25.000000	 10.486818	 32.593857	 -1.950867	 1
1463569312.257	 264.012329	 -1.000000	 25.000000	 10.972460	 32.524719	 -2.017670	 1
1463569312.277	 264.029144	 -1.000000	 25.000000	 10.625572	 32.386444	 -2.218079	 1
1463569312.297	 264.027191	 -1.000000	 25.000000	 10.694949	 32.386444	 -2.485260	 1
1463569312.319	 264.036224	 -1.000000	 25.000000	 10.660260	 32.213577	 -2.318237	 1
1463569312.337	 264.036133	 -1.000000	 25.000000	 10.660260	 32.282715	 -2.451874	 1
1463569312.363	 264.034027	 -1.000000	 25.000000	 10.521507	 32.282730	 -2.451874	 1
1463569312.378	 264.047729	 -1.000000	 25.000000	 10.937771	 32.213577	 -2.318237	 1
1463569312.398	 264.067719	 -1.000000	 25.000000	 11.041840	 32.317307	 -2.218048	 1
1463569312.422	 264.096130	 -1.000000	 25.000000	 11.284661	 32.282730	 -2.117859	 1
1463569312.438	 264.127014	 -1.000000	 25.000000	 11.180593	 32.248154	 -2.017670	 1
1463569312.459	 264.140411	 -1.000000	 25.000000	 10.799017	 32.144455	 -2.251434	 1
1463569312.482	 264.152435	 -1.000000	 25.000000	 10.521507	 32.421005	 -2.184662	 1
1463569312.499	 264.172058	 -1.000000	 25.000000	 10.348062	 32.317291	 -1.950867	 1
1463569312.519	 264.189392	 -1.000000	 25.000000	 10.278685	 32.386429	 -1.950867	 1
1463569312.541	 264.217255	 -1.000000	 25.000000	 10.799017	 31.936996	 -1.850677	 1
1463569312.559	 264.252777	 -1.000000	 25.000000	 10.903083	 32.040710	 -1.616852	 1
1463569312.583	 264.273224	 -1.000000	 25.000000	 10.903083	 31.902420	 -1.950867	 1
1463569312.601	 264.284180	 -1.000000	 25.000000	 10.868394	 31.867859	 -2.184662	 1
1463569312.622	 264.292023	 -1.000000	 25.000000	 10.799014	 31.867859	 -2.251465	 1
1463569312.645	 264.281433	 -1.000000	 25.000000	 9.966483	 32.420990	 -2.518646	 1
1463569312.662	 264.263947	 -1.000000	 25.000000	 10.001172	 32.317261	 -2.752472	 1
1463569312.691	 264.250732	 -1.000000	 25.000000	 10.139925	 32.178970	 -2.685669	 1
1463569312.704	 264.243073	 -1.000000	 25.000000	 10.313371	 32.075272	 -2.585480	 1
1463569312.721	 264.230438	 -1.000000	 25.000000	 10.556192	 32.248123	 -2.819305	 1
1463569312.750	 264.234192	 -1.000000	 25.000000	 11.041836	 32.040710	 -2.485291	 1
1463569312.763	 264.243622	 -1.000000	 25.000000	 11.180593	 32.178986	 -2.351654	 1
1463569312.781	 264.248932	 -1.000000	 25.000000	 10.972463	 32.109863	 -2.418457	 1
1463569312.801	 264.249390	 -1.000000	 25.000000	 10.764329	 32.455551	 -2.485260	 1
1463569312.822	 264.250397	 -1.000000	 25.000000	 10.625575	 32.593857	 -2.418457	 1
1463569312.842	 264.238281	 -1.000000	 25.000000	 10.521507	 32.559280	 -2.785858	 1
1463569312.862	 264.229614	 -1.000000	 25.000000	 10.556195	 32.593857	 -2.685669	 1
1463569312.882	 264.230255	 -1.000000	 25.000000	 10.833706	 32.662994	 -2.485291	 1
1463569312.902	 264.238678	 -1.000000	 25.000000	 10.868394	 32.697556	 -2.251465	 1
1463569312.923	 264.246613	 -1.000000	 25.000000	 10.903083	 32.386398	 -2.284882	 1
1463569312.943	 264.261719	 -1.000000	 25.000000	 10.868394	 32.282684	 -2.051056	 1
1463569312.963	 264.286133	 -1.000000	 25.000000	 10.833706	 32.178955	 -1.750458	 1
1463569312.983	 264.307495	 -1.000000	 25.000000	 10.833706	 32.386398	 -1.817230	 1
1463569313.003	 264.326965	 -1.000000	 25.000000	 11.007151	 32.213547	 -1.917450	 1
1463569313.023	 264.340759	 -1.000000	 25.000000	 10.833706	 32.524704	 -2.017670	 1
1463569313.043	 264.366150	 -1.000000	 25.000000	 11.180593	 32.593857	 -1.750458	 1
1463569313.064	 264.385284	 -1.000000	 25.000000	 11.145905	 32.905014	 -1.917450	 1
1463569313.087	 264.399475	 -1.000000	 25.000000	 11.076525	 32.835861	 -2.051056	 1
1463569313.104	 264.408936	 -1.000000	 25.000000	 11.111213	 32.663010	 -2.218079	 1
1463569313.124	 264.417297	 -1.000000	 25.000000	 11.284658	 32.351852	 -2.318268	 1
1463569313.144	 264.417725	 -1.000000	 25.000000	 11.041840	 32.455551	 -2.485291	 1
1463569313.169	 264.411804	 -1.000000	 25.000000	 10.972460	 31.833267	 -2.685699	 1
1463569313.189	 264.414825	 -1.000000	 25.000000	 10.972460	 31.764114	 -2.418488	 1
1463569313.206	 264.414429	 -1.000000	 25.000000	 10.903083	 31.764114	 -2.485291	 1
1463569313.229	 264.420135	 -1.000000	 25.000000	 10.972460	 31.694977	 -2.284882	 1
1463569313.248	 263.616394	 -1.000000	 25.000000	 10.729637	 31.867828	 -2.719116	 1
1463569313.267	 263.478729	 -1.000000	 25.000000	 10.903083	 32.109833	 -2.685730	 1
1463569313.289	 262.430115	 -1.000000	 25.000000	 10.729641	 32.144409	 -3.053131	 1
1463569313.307	 262.370148	 -1.000000	 25.000000	 10.660260	 32.144409	 -2.986328	 1
1463569313.327	 262.075165	 -1.000000	 25.000000	 10.521507	 32.213547	 -3.053131	 1
1463569313.348	 262.629028	 -1.000000	 25.000000	 10.764329	 31.971558	 -2.886139	 1
1463569313.366	 262.204346	 -1.000000	 25.000000	 10.348064	 31.971558	 -2.952942	 1
1463569313.388	 262.132355	 -1.000000	 25.000000	 10.486818	 31.902405	 -3.019745	 1
1463569313.414	 262.135071	 -1.000000	 25.000000	 10.348064	 31.971558	 -2.886169	 1
1463569313.427	 262.139923	 -1.000000	 25.000000	 10.452130	 31.798691	 -2.852753	 1
1463569313.447	 262.139984	 -1.000000	 25.000000	 10.243997	 31.867828	 -2.919556	 1
1463569313.467	 262.153534	 -1.000000	 25.000000	 10.660260	 31.936966	 -2.652374	 1
1463569313.487	 262.177795	 -1.000000	 25.000000	 10.833706	 32.040695	 -2.351776	 1
1463569313.508	 262.204803	 -1.000000	 25.000000	 11.319346	 31.833252	 -2.418549	 1
1463569313.528	 262.230652	 -1.000000	 25.000000	 11.319346	 32.109848	 -2.418549	 1
1463569313.550	 262.268707	 -1.000000	 25.000000	 11.596857	 32.178970	 -2.084564	 1
1463569313.569	 262.294556	 -1.000000	 25.000000	 11.527480	 32.040710	 -2.418549	 1
1463569313.593	 262.312653	 -1.000000	 25.000000	 11.562168	 32.006134	 -2.652344	 1
1463569313.609	 262.324829	 -1.000000	 25.000000	 11.631545	 32.282700	 -2.852753	 1
1463569313.629	 262.337646	 -1.000000	 25.000000	 11.492788	 32.144409	 -2.785950	 1
1463569313.650	 262.335999	 -1.000000	 25.000000	 11.388723	 31.694977	 -3.220154	 1
1463569313.669	 262.339233	 -1.000000	 25.000000	 11.354034	 31.660400	 -3.053162	 1
1463569313.691	 262.352783	 -1.000000	 25.000000	 11.388723	 31.487549	 -2.752563	 1
1463569313.713	 262.371368	 -1.000000	 25.000000	 11.145905	 31.314682	 -2.518768	 1
1463569313.729	 262.387543	 -1.000000	 25.000000	 11.145905	 31.452972	 -2.585571	 1
1463569313.754	 262.408264	 -1.000000	 25.000000	 11.111213	 31.764130	 -2.418549	 1
1463569313.771	 262.416962	 -1.000000	 25.000000	 11.145901	 32.006134	 -2.785980	 1
1463569313.792	 262.409393	 -1.000000	 25.000000	 10.625572	 32.040710	 -3.086578	 1
1463569313.812	 262.397430	 -1.000000	 25.000000	 10.452127	 32.144424	 -3.119965	 1
1463569313.832	 262.384216	 -1.000000	 25.000000	 10.417439	 31.971558	 -3.153381	 1
1463569313.861	 262.372528	 -1.000000	 25.000000	 10.209309	 31.902420	 -2.952972	 1
1463569313.877	 262.377106	 -1.000000	 25.000000	 10.174620	 31.729553	 -2.451935	 1
1463569313.892	 262.388611	 -1.000000	 25.000000	 10.486815	 31.694992	 -2.351746	 1
1463569313.922	 262.403961	 -1.000000	 25.000000	 10.729637	 31.591263	 -2.318329	 1
1463569313.935	 262.417053	 -1.000000	 25.000000	 10.625572	 31.487549	 -2.351746	 1
1463569313.951	 262.425446	 -1.000000	 25.000000	 10.729637	 31.522125	 -2.518768	 1
1463569313.980	 262.420410	 -1.000000	 25.000000	 10.729637	 31.591263	 -2.919556	 1
1463569313.995	 262.405884	 -1.000000	 25.000000	 10.764329	 31.694977	 -3.220184	 1
1463569314.012	 262.377899	 -1.000000	 25.000000	 10.348064	 32.040710	 -3.487396	 1
1463569314.032	 262.363190	 -1.000000	 25.000000	 10.799017	 32.213547	 -3.253601	 1
1463569314.052	 262.347717	 -1.000000	 25.000000	 10.937774	 32.351852	 -3.320404	 1
1463569314.073	 262.345703	 -1.000000	 25.000000	 11.354038	 32.282700	 -3.053192	 1
1463569314.093	 262.359589	 -1.000000	 25.000000	 11.319346	 32.109863	 -2.552185	 1
1463569314.113	 262.385834	 -1.000000	 25.000000	 11.666233	 31.764145	 -2.284973	 1
1463569314.134	 262.403473	 -1.000000	 25.000000	 11.354034	 31.660431	 -2.451965	 1
1463569314.154	 262.428192	 -1.000000	 25.000000	 11.631542	 31.522141	 -2.318359	 1
1463569314.174	 262.455658	 -1.000000	 25.000000	 11.492785	 31.798706	 -2.184753	 1
1463569314.194	 262.480774	 -1.000000	 25.000000	 11.874361	 32.040726	 -2.351776	 1
1463569314.214	 262.519745	 -1.000000	 25.000000	 11.909049	 32.075302	 -1.917572	 1
1463569314.234	 262.551422	 -1.000000	 25.000000	 12.013118	 32.109863	 -2.151337	 1
1463569314.254	 262.580017	 -1.000000	 25.000000	 11.562165	 31.798706	 -2.117950	 1
1463569314.284	 262.590729	 -1.000000	 25.000000	 10.972460	 31.487549	 -2.485382	 1
1463569314.304	 262.599365	 -1.000000	 25.000000	 10.972460	 31.349258	 -2.552185	 1
1463569314.324	 262.591309	 -1.000000	 25.000000	 10.799014	 31.591263	 -2.986389	 1
1463569314.344	 262.589813	 -1.000000	 25.000000	 10.799014	 31.729553	 -2.785980	 1
1463569314.367	 262.585419	 -1.000000	 25.000000	 11.249967	 31.971558	 -3.019775	 1
1463569314.387	 262.596466	 -1.000000	 25.000000	 11.423409	 32.351852	 -2.585571	 1
1463569314.406	 262.604767	 -1.000000	 25.000000	 10.937768	 32.213547	 -2.518768	 1
1463569314.429	 262.616913	 -1.000000	 25.000000	 11.180590	 31.971558	 -2.485382	 1
1463569314.447	 262.636169	 -1.000000	 25.000000	 11.145901	 32.006134	 -2.251587	 1
1463569314.467	 262.653778	 -1.000000	 25.000000	 11.007148	 32.006134	 -2.251587	 1
1463569314.490	 262.676575	 -1.000000	 25.000000	 11.458099	 31.971558	 -2.218201	 1
1463569314.507	 262.703796	 -1.000000	 25.000000	 11.735610	 32.040710	 -2.151398	 1
1463569314.527	 262.721008	 -1.000000	 25.000000	 11.284658	 32.006134	 -2.318420	 1
1463569314.550	 262.730469	 -1.000000	 25.000000	 11.249969	 31.487549	 -2.552216	 1
1463569314.566	 262.751678	 -1.000000	 25.000000	 11.492791	 31.591248	 -2.251587	 1
1463569314.587	 262.757385	 -1.000000	 25.000000	 11.076528	 31.591248	 -2.585602	 1
1463569314.615	 262.757080	 -1.000000	 25.000000	 10.937774	 31.660400	 -2.719208	 1
1463569314.627	 262.772491	 -1.000000	 25.000000	 11.354038	 31.383804	 -2.385193	 1
1463569314.646	 262.786011	 -1.000000	 25.000000	 11.319346	 31.625809	 -2.418579	 1
1463569314.667	 262.792267	 -1.000000	 25.000000	 10.937771	 31.383804	 -2.518799	 1
1463569314.688	 262.796509	 -1.000000	 25.000000	 10.833706	 31.072678	 -2.552216	 1
1463569314.707	 262.800537	 -1.000000	 25.000000	 10.729637	 31.176376	 -2.518799	 1
1463569314.735	 262.795990	 -1.000000	 25.000000	 10.799014	 31.660385	 -2.786011	 1
1463569314.748	 262.788025	 -1.000000	 25.000000	 10.972460	 31.556671	 -2.953003	 1
1463569314.768	 262.772186	 -1.000000	 25.000000	 11.041836	 31.694946	 -3.220184	 1
1463569314.788	 262.765961	 -1.000000	 25.000000	 11.319346	 31.694946	 -3.019806	 1
1463569314.808	 262.761169	 -1.000000	 25.000000	 11.249969	 31.764099	 -2.953003	 1
1463569314.828	 262.752289	 -1.000000	 25.000000	 11.354034	 31.729507	 -3.119995	 1
1463569314.852	 262.752411	 -1.000000	 25.000000	 11.007148	 32.075241	 -2.719177	 1
1463569314.869	 262.760895	 -1.000000	 25.000000	 10.833703	 31.971512	 -2.418549	 1
1463569314.889	 262.773041	 -1.000000	 25.000000	 10.452127	 32.006088	 -2.184753	 1
1463569314.912	 262.783661	 -1.000000	 25.000000	 10.521503	 31.798645	 -2.251556	 1
1463569314.929	 262.801025	 -1.000000	 25.000000	 10.348062	 31.764084	 -2.017761	 1
1463569314.949	 262.808960	 -1.000000	 25.000000	 10.556195	 31.764084	 -2.351776	 1
1463569314.971	 262.816772	 -1.000000	 25.000000	 10.660264	 32.075241	 -2.385162	 1
1463569314.990	 262.816162	 -1.000000	 25.000000	 10.868394	 32.075241	 -2.719177	 1
1463569315.013	 262.812408	 -1.000000	 25.000000	 10.833706	 31.902374	 -2.819366	 1
1463569315.031	 262.800751	 -1.000000	 25.000000	 10.799017	 31.798660	 -3.053162	 1
1463569315.052	 262.797333	 -1.000000	 25.000000	 10.972460	 31.694946	 -2.886169	 1
1463569315.074	 262.785004	 -1.000000	 25.000000	 10.868391	 31.660355	 -3.119965	 1
1463569315.093	 262.776520	 -1.000000	 25.000000	 11.007148	 31.729492	 -3.053162	 1
1463569315.120	 262.774231	 -1.000000	 25.000000	 11.319346	 32.109802	 -2.952972	 1
1463569315.134	 262.769867	 -1.000000	 25.000000	 11.319346	 32.178940	 -3.019745	 1
1463569315.154	 262.764832	 -1.000000	 25.000000	 11.249969	 32.109802	 -3.019745	 1
1463569315.180	 262.761871	 -1.000000	 25.000000	 11.492791	 32.006104	 -3.053162	 1
1463569315.196	 262.755188	 -1.000000	 25.000000	 11.492791	 31.591232	 -3.186737	 1
1463569315.211	 262.747009	 -1.000000	 25.000000	 11.354038	 31.591232	 -3.186737	 1
1463569315.231	 262.739014	 -1.000000	 25.000000	 11.145905	 31.522079	 -3.119934	 1
1463569315.252	 262.727661	 -1.000000	 25.000000	 11.111216	 31.625793	 -3.220123	 1
1463569315.281	 262.719574	 -1.000000	 25.000000	 10.972463	 31.764084	 -3.086517	 1
1463569315.301	 262.724670	 -1.000000	 25.000000	 11.076528	 32.213516	 -2.719116	 1
1463569315.321	 262.733002	 -1.000000	 25.000000	 11.041840	 31.971512	 -2.618927	 1
1463569315.342	 262.748383	 -1.000000	 25.000000	 11.111219	 32.109802	 -2.418549	 1
1463569315.363	 262.777008	 -1.000000	 25.000000	 11.007151	 32.075241	 -1.984344	 1
1463569315.387	 262.809937	 -1.000000	 25.000000	 11.215281	 31.798645	 -1.917542	 1
1463569315.402	 262.836365	 -1.000000	 25.000000	 10.903083	 31.764084	 -2.017761	 1
1463569315.422	 262.860229	 -1.000000	 25.000000	 10.694949	 32.040649	 -2.017761	 1
1463569315.443	 262.896393	 -1.000000	 25.000000	 11.041833	 31.971512	 -1.750549	 1
1463569315.463	 262.913208	 -1.000000	 25.000000	 10.903079	 31.971512	 -2.284943	 1
1463569315.483	 262.934357	 -1.000000	 25.000000	 10.590880	 32.213516	 -2.051147	 1
1463569315.503	 262.944061	 -1.000000	 25.000000	 10.590880	 32.144394	 -2.385162	 1
1463569315.524	 262.955872	 -1.000000	 25.000000	 10.799014	 32.213516	 -2.385162	 1
1463569315.543	 262.956696	 -1.000000	 25.000000	 10.694949	 32.317230	 -2.685760	 1
1463569315.564	 262.958740	 -1.000000	 25.000000	 11.076525	 32.213516	 -2.785980	 1
1463569315.584	 262.951843	 -1.000000	 25.000000	 11.111213	 31.902374	 -3.086578	 1
1463569315.604	 262.958588	 -1.000000	 25.000000	 11.284658	 31.936951	 -2.719177	 1
1463569315.624	 262.967896	 -1.000000	 25.000000	 11.492788	 31.522079	 -2.719177	 1
1463569315.644	 262.971588	 -1.000000	 25.000000	 11.041836	 31.280060	 -2.752563	 1
1463569315.664	 262.983185	 -1.000000	 25.000000	 10.660260	 31.452942	 -2.385162	 1
1463569315.688	 263.003021	 -1.000000	 25.000000	 10.972460	 31.833237	 -2.218170	 1
1463569315.706	 263.017700	 -1.000000	 25.000000	 10.903079	 31.764099	 -2.351776	 1
1463569315.727	 263.037537	 -1.000000	 25.000000	 10.764326	 32.109818	 -2.151337	 1
1463569315.750	 263.050171	 -1.000000	 25.000000	 10.799014	 32.213531	 -2.385132	 1
1463569315.766	 263.058563	 -1.000000	 25.000000	 11.215279	 32.144409	 -2.652313	 1
1463569315.786	 263.067352	 -1.000000	 25.000000	 10.660260	 32.144409	 -2.451904	 1
1463569315.815	 263.081085	 -1.000000	 25.000000	 10.625572	 32.109818	 -2.284882	 1
1463569315.826	 263.082031	 -1.000000	 25.000000	 10.486815	 32.109818	 -2.618896	 1
1463569315.846	 263.091003	 -1.000000	 25.000000	 10.833703	 32.248093	 -2.485321	 1
1463569315.874	 263.103241	 -1.000000	 25.000000	 10.486815	 32.109818	 -2.284912	 1
1463569315.886	 263.107239	 -1.000000	 25.000000	 10.729634	 31.867798	 -2.652313	 1
1463569315.906	 263.100494	 -1.000000	 25.000000	 10.729634	 31.591232	 -2.986328	 1
1463569315.927	 263.104767	 -1.000000	 25.000000	 10.660257	 31.314651	 -2.652313	 1
1463569315.947	 263.117859	 -1.000000	 25.000000	 10.694946	 31.141785	 -2.418549	 1
1463569315.967	 263.130859	 -1.000000	 25.000000	 10.903079	 31.487503	 -2.485321	 1
1463569315.993	 263.144745	 -1.000000	 25.000000	 10.868391	 31.660385	 -2.451935	 1
1463569316.007	 263.169891	 -1.000000	 25.000000	 10.903079	 31.833252	 -2.151337	 1
1463569316.026	 263.186493	 -1.000000	 25.000000	 10.972456	 31.971527	 -2.418549	 1
1463569316.047	 263.205658	 -1.000000	 25.000000	 10.764326	 32.109802	 -2.284943	 1
1463569316.068	 263.233368	 -1.000000	 25.000000	 10.799014	 31.867798	 -2.051147	 1
1463569316.088	 263.262756	 -1.000000	 25.000000	 11.007148	 31.867798	 -2.051147	 1
1463569316.107	 263.296143	 -1.000000	 25.000000	 11.076528	 32.006104	 -1.917572	 1
1463569316.128	 263.338287	 -1.000000	 25.000000	 11.215284	 32.144394	 -1.650360	 1
1463569316.148	 263.385681	 -1.000000	 25.000000	 11.319349	 31.833252	 -1.483368	 1
1463569316.171	 266.219818	 -1.000000	 25.000000	 11.215284	 31.867813	 -1.449921	 1
1463569316.188	 267.160614	 -1.000000	 25.000000	 11.423414	 31.729538	 -1.449921	 1
1463569316.208	 267.219727	 -1.000000	 25.000000	 11.666233	 31.694946	 -1.550140	 1
1463569316.231	 267.715302	 -1.000000	 25.000000	 12.117186	 31.314651	 -1.383148	 1
1463569316.249	 266.511108	 -1.000000	 25.000000	 12.464073	 31.522095	 -1.449921	 1
1463569316.269	 266.135498	 -1.000000	 25.000000	 13.227224	 31.383789	 -1.717133	 1
1463569316.292	 265.148956	 -1.000000	 25.000000	 13.470046	 30.865219	 -1.683746	 1
1463569316.321	 262.220642	 -1.000000	 25.000000	 14.059755	 30.277481	 -1.783966	 1
1463569316.335	 259.104462	 -1.000000	 25.000000	 14.510707	 30.035492	 -2.218170	 1
1463569316.350	 256.431274	 -1.000000	 25.000000	 14.961659	 29.724335	 -2.719177	 1
1463569316.371	 255.156998	 -1.000000	 25.000000	 15.412612	 29.482330	 -2.819366	 1
1463569316.393	 253.965332	 -1.000000	 25.000000	 16.037010	 29.413177	 -3.086548	 1
1463569316.420	 251.925735	 -1.000000	 25.000000	 16.592026	 29.413177	 -3.620972	 1
1463569316.432	 250.162384	 -1.000000	 25.000000	 17.251114	 28.756332	 -3.988373	 1
1463569316.453	 248.456360	 -1.000000	 25.000000	 18.291775	 27.995728	 -4.255585	 1
1463569316.472	 246.044571	 -1.000000	 25.000000	 18.777414	 27.166016	 -4.456024	 1
1463569316.493	 246.479462	 -1.000000	 25.000000	 19.887451	 26.405426	 -4.522827	 1
1463569316.512	 243.666351	 -1.000000	 25.000000	 21.205624	 25.368256	 -4.188812	 1
1463569316.533	 241.352402	 -1.000000	 25.000000	 22.280973	 24.503952	 -4.222229	 1
1463569316.553	 241.809265	 -1.000000	 25.000000	 23.599142	 23.121078	 -4.355804	 1
1463569316.573	 236.127655	 -1.000000	 25.000000	 25.229511	 21.841919	 -4.456024	 1
1463569316.594	 232.897614	 -1.000000	 25.000000	 26.235481	 20.286179	 -4.422607	 1
1463569316.614	 234.023331	 -1.000000	 25.000000	 27.276146	 18.557602	 -5.090637	 1
1463569316.633	 223.761322	 -1.000000	 25.000000	 28.351494	 17.001862	 -5.591675	 1
1463569316.654	 217.328705	 -1.000000	 25.000000	 29.010578	 15.515259	 -6.025879	 1
1463569316.680	 216.757309	 -1.000000	 25.000000	 29.773731	 13.717529	 -6.760712	 1
1463569316.695	 208.690079	 -1.000000	 25.000000	 30.536884	 12.472931	 -8.029907	 1
1463569316.715	 205.190277	 -1.000000	 25.000000	 30.640949	 11.401199	 -8.864929	 1
1463569316.736	 201.725006	 -1.000000	 25.000000	 30.467506	 10.536896	 -9.566345	 1
1463569316.755	 197.200211	 -1.000000	 25.000000	 30.155304	 9.810898	 -10.735352	 1
1463569316.777	 193.344879	 -1.000000	 25.000000	 29.530907	 9.672607	 -11.670563	 1
1463569316.801	 191.200195	 -1.000000	 25.000000	 28.906513	 9.465164	 -12.539001	 1
1463569316.817	 190.094727	 -1.000000	 25.000000	 28.524937	 9.430603	 -13.374023	 1
1463569316.838	 188.645706	 -1.000000	 25.000000	 28.524937	 9.084885	 -14.576447	 1
1463569316.859	 185.940903	 -1.000000	 25.000000	 28.455559	 8.877441	 -15.511658	 1
1463569316.877	 181.113403	 -1.000000	 25.000000	 28.178047	 8.393433	 -16.580475	 1
1463569316.897	 175.025467	 -1.000000	 25.000000	 27.900539	 7.494568	 -17.716095	 1
1463569316.920	 169.087830	 -1.000000	 25.000000	 27.380207	 6.353699	 -19.152374	 1
1463569316.937	 162.351746	 -1.000000	 25.000000	 26.339550	 5.454819	 -20.688782	 1
1463569316.957	 153.818298	 -1.000000	 25.000000	 25.137609	 3.951843	 -22.509552	 1
1463569316.979	 147.079697	 -1.000000	 25.000000	 23.195049	 2.292374	 -24.713898	 1
1463569316.997	 141.996552	 -1.000000	 25.000000	 21.009666	 0.805740	 -26.818054	 1
1463569317.017	 138.191422	 -1.000000	 25.000000	 18.789597	 -0.369720	 -28.487976	 1
1463569317.045	 136.232620	 -1.000000	 25.000000	 17.124542	 -2.305786	 -29.623505	 1
1463569317.058	 133.683380	 -1.000000	 25.000000	 16.049200	 -4.069000	 -29.723694	 1
1463569317.079	 134.416931	 -1.000000	 25.000000	 14.973852	 -6.039642	 -29.556702	 1
1463569317.098	 129.569794	 -1.000000	 25.000000	 13.898506	 -8.010284	 -29.389709	 1
1463569317.118	 127.433968	 -1.000000	 25.000000	 12.545649	 -10.534096	 -29.356323	 1
1463569317.139	 127.979706	 -1.000000	 25.000000	 10.533710	 -12.608452	 -29.356323	 1
1463569317.158	 123.939026	 -1.000000	 25.000000	 7.932063	 -14.786522	 -29.389709	 1
1463569317.178	 121.661423	 -1.000000	 25.000000	 5.491061	 -16.729591	 -29.523621	 1
1463569317.199	 121.767242	 -1.000000	 25.000000	 2.161009	 -18.112541	 -29.189636	 1
1463569317.219	 118.265221	 -1.000000	 25.000000	 -1.377173	 -18.873161	 -28.722076	 1
1463569317.239	 116.848152	 -1.000000	 25.000000	 -4.603163	 -19.530060	 -28.287933	 1
1463569317.259	 116.263054	 -1.000000	 25.000000	 -7.586335	 -19.875801	 -27.686768	 1
1463569317.282	 116.380241	 -1.000000	 25.000000	 -9.771684	 -20.186951	 -26.517853	 1
1463569317.309	 116.651070	 -1.000000	 25.000000	 -11.610148	 -20.636406	 -25.549286	 1
1463569317.329	 117.049812	 -1.000000	 25.000000	 -12.962981	 -21.293312	 -24.313538	 1
1463569317.349	 115.939041	 -1.000000	 25.000000	 -13.626945	 -21.744949	 -23.946411	 1
1463569317.371	 116.437103	 -1.000000	 25.000000	 -14.216616	 -22.263565	 -22.710693	 1
1463569317.389	 117.215263	 -1.000000	 25.000000	 -14.840977	 -22.885902	 -21.909119	 1
1463569317.411	 117.816856	 -1.000000	 25.000000	 -15.153156	 -23.542824	 -21.007355	 1
1463569317.430	 118.488174	 -1.000000	 25.000000	 -15.014412	 -23.888573	 -20.205811	 1
1463569317.450	 118.678337	 -1.000000	 25.000000	 -15.395964	 -24.407188	 -19.170471	 1
1463569317.473	 119.146858	 -1.000000	 25.000000	 -15.534714	 -24.752937	 -18.636078	 1
1463569317.492	 119.622292	 -1.000000	 25.000000	 -15.708145	 -25.202408	 -18.135101	 1
1463569317.520	 120.334290	 -1.000000	 25.000000	 -15.950949	 -25.513588	 -17.700928	 1
1463569317.534	 120.902359	 -1.000000	 25.000000	 -15.916262	 -25.824753	 -17.600708	 1
1463569317.552	 120.841995	 -1.000000	 25.000000	 -15.950949	 -25.790176	 -17.834534	 1
1463569317.580	 121.687943	 -1.000000	 25.000000	 -15.950949	 -25.997627	 -17.901337	 1
1463569317.594	 122.444962	 -1.000000	 25.000000	 -15.812202	 -26.066772	 -17.433777	 1
1463569317.613	 122.728813	 -1.000000	 25.000000	 -15.395964	 -25.859329	 -17.166595	 1
1463569317.640	 122.931168	 -1.000000	 25.000000	 -15.569395	 -25.963058	 -17.066437	 1
1463569317.653	 123.411728	 -1.000000	 25.000000	 -15.500023	 -26.239662	 -16.465240	 1
1463569317.673	 123.639282	 -1.000000	 25.000000	 -15.361277	 -26.585411	 -15.997681	 1
1463569317.692	 123.967766	 -1.000000	 25.000000	 -15.222527	 -26.792862	 -15.797302	 1
1463569317.713	 124.474686	 -1.000000	 25.000000	 -15.326586	 -27.311470	 -15.630310	 1
1463569317.732	 124.741455	 -1.000000	 25.000000	 -15.395958	 -27.449776	 -15.429932	 1
1463569317.753	 124.928322	 -1.000000	 25.000000	 -15.222525	 -27.484352	 -15.396515	 1
1463569317.773	 124.915924	 -1.000000	 25.000000	 -14.979719	 -27.034882	 -15.496674	 1
1463569317.793	 124.685852	 -1.000000	 25.000000	 -14.945032	 -26.792862	 -16.064453	 1
1463569317.813	 124.611542	 -1.000000	 25.000000	 -14.702229	 -26.550842	 -16.097839	 1
1463569317.833	 124.601601	 -1.000000	 25.000000	 -14.528797	 -26.377960	 -16.331635	 1
1463569317.854	 124.627419	 -1.000000	 25.000000	 -14.806292	 -26.516266	 -16.131256	 1
1463569317.873	 124.141052	 -1.000000	 25.000000	 -15.153154	 -26.516266	 -16.465240	 1
1463569317.895	 124.139526	 -1.000000	 25.000000	 -15.326588	 -26.619980	 -16.031067	 1
1463569317.915	 123.780373	 -1.000000	 25.000000	 -15.638769	 -26.654556	 -15.997681	 1
1463569317.934	 123.254364	 -1.000000	 25.000000	 -15.881577	 -26.412537	 -16.097870	 1
1463569317.954	 122.296059	 -1.000000	 25.000000	 -15.708145	 -26.170509	 -16.465240	 1
