% Compass data recorded with 'snsrlog'
% 
% 
% Label description:
% 	 0: Default Label
% 	 1: still_drop
% 	 2: walk_drop
% 	 3: other
% 	 4: dtw_same
% 	 5: dtw_diff
% 	 6: delete
% 
% Column description:
% 	 1: Seconds.milliseconds since 1970
% 	 2: Magnetic heading in degrees starting at due north and continuing clockwise (e.g. east = 90) - negative values indicate invalid values
% 		 NOTE: True heading only provides valid values when GPS is activated at same time!
% 	 3: True heading in degrees starting at due north and continuing clockwise (e.g. east = 90) - negative values indicate invalid values
% 	 4: Error likelihood - negative values indicate invalid values
% 	 5: Geomagnetic data for the x-axis measured in microteslas
% 	 6: Geomagnetic data for the y-axis measured in microteslas
% 	 7: Geomagnetic data for the z-axis measured in microteslas
% 	 8: Label used for the current sample
% 
% 
1462070102.258	 128.803574	 -1.000000	 15.000000	 -6.099909	 -29.127270	 -12.798904	 1
1462070102.277	 128.947266	 -1.000000	 15.000000	 -5.622929	 -29.141674	 -12.868488	 1
1462070102.298	 128.703629	 -1.000000	 15.000000	 -5.406120	 -29.012032	 -13.043842	 1
1462070102.318	 129.565002	 -1.000000	 15.000000	 -4.330744	 -28.977459	 -12.743237	 1
1462070102.338	 129.955261	 -1.000000	 15.000000	 -3.949159	 -29.288612	 -12.309032	 1
1462070102.358	 129.164383	 -1.000000	 15.000000	 -3.185987	 -29.426899	 -12.442635	 1
1462070102.379	 128.528519	 -1.000000	 15.000000	 -2.630952	 -29.288605	 -12.041828	 1
1462070102.399	 128.953506	 -1.000000	 15.000000	 -1.659641	 -29.841766	 -11.641022	 1
1462070102.419	 128.081543	 -1.000000	 15.000000	 -1.520881	 -29.703472	 -11.707825	 1
1462070102.439	 127.342361	 -1.000000	 15.000000	 -0.480192	 -29.496040	 -11.774620	 1
1462070102.460	 127.023651	 -1.000000	 15.000000	 0.282980	 -29.565178	 -11.307018	 1
1462070102.480	 126.779922	 -1.000000	 15.000000	 1.462426	 -30.118340	 -10.839417	 1
1462070102.500	 126.550751	 -1.000000	 15.000000	 2.780630	 -29.772614	 -9.971001	 1
1462070102.522	 126.043335	 -1.000000	 15.000000	 4.480419	 -29.668896	 -9.336388	 1
1462070102.540	 125.450775	 -1.000000	 15.000000	 5.972073	 -29.634327	 -8.634979	 1
1462070102.565	 125.229866	 -1.000000	 15.000000	 7.984069	 -29.496040	 -7.699768	 1
1462070102.585	 123.568008	 -1.000000	 15.000000	 9.822618	 -28.908306	 -7.599567	 1
1462070102.606	 121.879936	 -1.000000	 15.000000	 11.383654	 -28.389721	 -7.632973	 1
1462070102.625	 121.648361	 -1.000000	 15.000000	 13.256896	 -27.767418	 -7.098564	 1
1462070102.646	 122.516159	 -1.000000	 15.000000	 15.303582	 -27.041397	 -6.597557	 1
1462070102.666	 123.608208	 -1.000000	 15.000000	 16.968685	 -25.935074	 -6.397156	 1
1462070102.684	 125.053162	 -1.000000	 15.000000	 18.529716	 -24.794182	 -5.829346	 1
1462070102.704	 126.373749	 -1.000000	 15.000000	 19.917299	 -23.480431	 -5.027733	 1
1462070102.726	 127.161224	 -1.000000	 15.000000	 21.513021	 -21.820953	 -4.426525	 1
1462070102.745	 128.584045	 -1.000000	 15.000000	 22.588400	 -20.126907	 -4.059120	 1
1462070102.765	 130.559143	 -1.000000	 15.000000	 23.629089	 -18.813164	 -3.791920	 1
1462070102.792	 133.091736	 -1.000000	 15.000000	 24.253502	 -17.222832	 -3.057110	 1
1462070102.805	 139.323166	 -1.000000	 15.000000	 25.051363	 -15.667068	 -2.823303	 1
1462070102.826	 139.060043	 -1.000000	 15.000000	 25.259499	 -14.560753	 -2.956902	 1
1462070102.847	 146.245193	 -1.000000	 15.000000	 25.259499	 -13.108719	 -2.556099	 1
1462070102.866	 146.495193	 -1.000000	 15.000000	 25.571703	 -11.760391	 -2.055092	 1
1462070102.886	 149.824783	 -1.000000	 15.000000	 25.710461	 -10.654083	 -1.787884	 1
1462070102.914	 154.316925	 -1.000000	 15.000000	 25.745153	 -9.997208	 -1.286877	 1
1462070102.926	 163.395065	 -1.000000	 15.000000	 25.987982	 -9.409477	 -0.652271	 1
1462070102.947	 164.824432	 -1.000000	 15.000000	 26.057360	 -9.409477	 -0.451866	 1
1462070102.968	 167.988541	 -1.000000	 15.000000	 25.537018	 -9.167473	 -0.618870	 1
1462070102.987	 170.216919	 -1.000000	 15.000000	 25.641088	 -9.202042	 -0.719070	 1
1462070103.008	 171.418716	 -1.000000	 15.000000	 25.502327	 -9.340332	 -0.518669	 1
1462070103.030	 171.944016	 -1.000000	 15.000000	 25.294189	 -9.340340	 -0.251461	 1
1462070103.048	 171.612228	 -1.000000	 15.000000	 25.016670	 -9.409485	 0.082542	 1
1462070103.070	 171.592896	 -1.000000	 15.000000	 25.155428	 -10.170082	 0.616951	 1
1462070103.089	 172.598907	 -1.000000	 15.000000	 24.981979	 -10.619522	 1.184757	 1
1462070103.110	 169.456467	 -1.000000	 15.000000	 24.739153	 -11.207260	 1.084557	 1
1462070103.130	 167.413528	 -1.000000	 15.000000	 24.357567	 -12.071564	 1.117954	 1
1462070103.148	 167.560837	 -1.000000	 15.000000	 24.565706	 -12.970444	 1.117954	 1
1462070103.168	 165.230072	 -1.000000	 15.000000	 24.669777	 -13.627327	 0.884151	 1
1462070103.190	 159.233337	 -1.000000	 15.000000	 24.635088	 -14.353348	 0.383144	 1
1462070103.211	 158.546906	 -1.000000	 15.000000	 24.669777	 -14.871933	 0.216141	 1
1462070103.229	 152.709518	 -1.000000	 15.000000	 24.808538	 -15.355949	 -0.051064	 1
1462070103.251	 148.983704	 -1.000000	 15.000000	 24.600399	 -15.425095	 -0.318264	 1
1462070103.270	 148.940674	 -1.000000	 15.000000	 24.357571	 -15.597954	 -0.084465	 1
1462070103.292	 142.536270	 -1.000000	 15.000000	 24.080053	 -15.597954	 -0.084465	 1
1462070103.312	 140.200729	 -1.000000	 15.000000	 23.871914	 -15.805389	 0.049141	 1
1462070103.332	 140.106827	 -1.000000	 15.000000	 23.802536	 -16.012825	 0.115940	 1
1462070103.354	 136.156158	 -1.000000	 15.000000	 23.802536	 -16.151108	 0.049137	 1
1462070103.372	 133.107758	 -1.000000	 15.000000	 23.698467	 -16.185684	 -0.652275	 1
1462070103.392	 132.051407	 -1.000000	 15.000000	 24.010674	 -16.151108	 -0.952877	 1
1462070103.430	 129.995407	 -1.000000	 15.000000	 24.149431	 -16.012825	 -1.821289	 1
1462070103.446	 129.280746	 -1.000000	 15.000000	 24.045361	 -15.909103	 -2.522697	 1
1462070103.483	 128.136505	 -1.000000	 15.000000	 24.114742	 -15.839958	 -3.324310	 1
1462070103.483	 128.982269	 -1.000000	 15.000000	 24.045364	 -15.770813	 -3.858715	 1
1462070103.492	 128.872192	 -1.000000	 15.000000	 24.080053	 -15.528801	 -4.359722	 1
1462070103.511	 129.054428	 -1.000000	 15.000000	 24.253502	 -15.079361	 -4.727131	 1
1462070103.538	 128.918854	 -1.000000	 15.000000	 24.322884	 -14.180481	 -5.261536	 1
1462070103.551	 129.335724	 -1.000000	 15.000000	 24.496330	 -13.592758	 -5.428539	 1
1462070103.581	 129.300476	 -1.000000	 15.000000	 24.600399	 -12.797592	 -5.595543	 1
1462070103.600	 129.317383	 -1.000000	 15.000000	 24.808538	 -12.382721	 -6.063148	 1
1462070103.627	 126.967407	 -1.000000	 15.000000	 24.843227	 -12.209854	 -6.029747	 1
1462070103.641	 127.534508	 -1.000000	 15.000000	 25.294191	 -12.244431	 -5.795948	 1
1462070103.662	 127.683243	 -1.000000	 15.000000	 25.571709	 -12.175285	 -6.063148	 1
1462070103.681	 129.118668	 -1.000000	 15.000000	 25.883917	 -12.140717	 -5.829346	 1
1462070103.702	 131.259872	 -1.000000	 15.000000	 25.953295	 -12.140717	 -5.361744	 1
1462070103.722	 132.532837	 -1.000000	 15.000000	 26.300192	 -11.656708	 -4.960938	 1
1462070103.744	 134.165649	 -1.000000	 15.000000	 26.404259	 -11.483841	 -4.593529	 1
1462070103.762	 135.503799	 -1.000000	 15.000000	 26.404259	 -10.999825	 -3.992321	 1
1462070103.782	 136.050858	 -1.000000	 15.000000	 26.785845	 -10.826958	 -3.624916	 1
1462070103.804	 135.426529	 -1.000000	 15.000000	 26.889914	 -10.446663	 -3.391113	 1
1462070103.823	 134.198669	 -1.000000	 15.000000	 26.924603	 -10.342941	 -3.290913	 1
1462070103.843	 133.052811	 -1.000000	 15.000000	 27.479637	 -9.928070	 -3.157310	 1
1462070103.864	 132.839386	 -1.000000	 15.000000	 28.034670	 -9.582352	 -2.890114	 1
1462070103.883	 131.659637	 -1.000000	 15.000000	 28.277496	 -8.856339	 -2.856712	 1
1462070103.903	 131.173843	 -1.000000	 15.000000	 28.450945	 -8.545181	 -2.556110	 1
1462070103.924	 130.845367	 -1.000000	 15.000000	 29.040670	 -8.164894	 -2.255505	 1
1462070103.944	 130.452896	 -1.000000	 15.000000	 28.763153	 -7.750023	 -2.789909	 1
1462070103.964	 131.484070	 -1.000000	 15.000000	 28.589706	 -7.784599	 -2.756508	 1
1462070103.985	 132.764542	 -1.000000	 15.000000	 28.312191	 -7.992035	 -2.823303	 1
1462070104.006	 133.794952	 -1.000000	 15.000000	 28.104052	 -8.130325	 -3.357716	 1
1462070104.026	 132.795212	 -1.000000	 15.000000	 27.757156	 -7.922890	 -4.159325	 1
1462070104.046	 133.435593	 -1.000000	 15.000000	 27.653088	 -8.234039	 -3.992321	 1
1462070104.066	 133.531876	 -1.000000	 15.000000	 27.861223	 -8.510612	 -4.393127	 1
1462070104.086	 132.984695	 -1.000000	 15.000000	 27.861223	 -8.510612	 -4.593529	 1
1462070104.106	 131.983124	 -1.000000	 15.000000	 28.069363	 -8.510612	 -4.526733	 1
1462070104.125	 132.676605	 -1.000000	 15.000000	 28.312187	 -8.683479	 -3.958923	 1
1462070104.145	 134.059433	 -1.000000	 15.000000	 28.416256	 -8.925484	 -3.791920	 1
1462070104.167	 134.559631	 -1.000000	 15.000000	 28.346878	 -8.787193	 -3.791920	 1
1462070104.186	 134.605377	 -1.000000	 15.000000	 28.555014	 -8.648911	 -3.725121	 1
1462070104.208	 133.957413	 -1.000000	 15.000000	 28.520325	 -8.268608	 -3.624920	 1
1462070104.226	 134.184891	 -1.000000	 15.000000	 28.242809	 -8.476044	 -3.825325	 1
1462070104.246	 134.115829	 -1.000000	 15.000000	 28.208120	 -8.095749	 -3.725121	 1
1462070104.267	 134.567337	 -1.000000	 15.000000	 28.069363	 -8.234039	 -3.791924	 1
1462070104.287	 135.093399	 -1.000000	 15.000000	 28.034674	 -8.406906	 -3.691723	 1
1462070104.307	 135.377701	 -1.000000	 15.000000	 28.277498	 -8.648911	 -3.791924	 1
1462070104.328	 136.456558	 -1.000000	 15.000000	 28.346878	 -8.510628	 -3.457924	 1
1462070104.347	 137.431946	 -1.000000	 15.000000	 28.450945	 -8.821777	 -3.624928	 1
1462070104.367	 137.517990	 -1.000000	 15.000000	 28.346878	 -8.510628	 -3.324322	 1
1462070104.389	 137.612076	 -1.000000	 15.000000	 28.416256	 -8.510628	 -3.190723	 1
1462070104.412	 137.763321	 -1.000000	 15.000000	 28.312187	 -8.476059	 -3.090523	 1
1462070104.428	 137.309525	 -1.000000	 15.000000	 28.381567	 -8.614334	 -3.224121	 1
1462070104.450	 137.039230	 -1.000000	 15.000000	 28.485634	 -8.234039	 -3.190723	 1
1462070104.469	 136.640472	 -1.000000	 15.000000	 28.520325	 -8.061172	 -3.224121	 1
1462070104.488	 137.634018	 -1.000000	 15.000000	 28.659084	 -7.646309	 -3.023720	 1
1462070104.509	 139.788971	 -1.000000	 15.000000	 28.763153	 -7.542587	 -2.856712	 1
1462070104.530	 139.444977	 -1.000000	 15.000000	 28.693773	 -7.335152	 -3.057117	 1
1462070104.550	 142.069519	 -1.000000	 15.000000	 29.005981	 -7.369720	 -3.023720	 1
1462070104.570	 143.218292	 -1.000000	 15.000000	 29.214117	 -7.369720	 -3.224121	 1
1462070104.591	 142.483978	 -1.000000	 15.000000	 28.936600	 -7.023994	 -3.491325	 1
1462070104.620	 142.936539	 -1.000000	 15.000000	 29.144737	 -6.816559	 -3.691730	 1
1462070104.630	 143.136002	 -1.000000	 15.000000	 29.283495	 -6.678268	 -3.691730	 1
1462070104.653	 142.830948	 -1.000000	 15.000000	 29.422253	 -6.609123	 -3.825329	 1
1462070104.680	 142.238068	 -1.000000	 15.000000	 29.352875	 -6.332542	 -3.958935	 1
1462070104.691	 142.577881	 -1.000000	 15.000000	 29.630392	 -6.678268	 -4.025734	 1
1462070104.712	 142.804382	 -1.000000	 15.000000	 29.456942	 -6.712837	 -3.992332	 1
1462070104.739	 142.689240	 -1.000000	 15.000000	 29.491631	 -6.539970	 -4.092537	 1
1462070104.752	 142.042297	 -1.000000	 15.000000	 29.075356	 -6.263390	 -4.292938	 1
1462070104.773	 141.942337	 -1.000000	 15.000000	 29.214113	 -6.263390	 -4.292938	 1
1462070104.799	 141.834427	 -1.000000	 15.000000	 29.144732	 -6.263390	 -4.359741	 1
1462070104.812	 141.783081	 -1.000000	 15.000000	 29.005974	 -5.917664	 -4.359741	 1
1462070104.831	 141.771957	 -1.000000	 15.000000	 29.144735	 -6.125107	 -4.159340	 1
1462070104.858	 141.802765	 -1.000000	 15.000000	 29.005978	 -6.332535	 -3.892139	 1
1462070104.875	 141.885056	 -1.000000	 15.000000	 28.832531	 -6.643692	 -3.591534	 1
1462070104.892	 141.961258	 -1.000000	 15.000000	 28.728462	 -6.816551	 -3.758537	 1
1462070104.918	 142.090210	 -1.000000	 15.000000	 28.867220	 -7.438858	 -3.758537	 1
1462070104.932	 142.213028	 -1.000000	 15.000000	 28.763149	 -7.542572	 -3.858742	 1
1462070104.952	 142.332901	 -1.000000	 15.000000	 29.179424	 -7.542572	 -3.725136	 1
1462070104.977	 142.426285	 -1.000000	 15.000000	 29.110046	 -7.335136	 -3.725136	 1
1462070104.992	 142.484482	 -1.000000	 15.000000	 28.971289	 -7.058556	 -3.791931	 1
1462070105.013	 142.515289	 -1.000000	 15.000000	 28.763153	 -7.058563	 -4.125935	 1
1462070105.035	 142.548584	 -1.000000	 15.000000	 28.797842	 -7.093140	 -4.092529	 1
1462070105.053	 142.582504	 -1.000000	 15.000000	 28.104050	 -7.162285	 -4.226135	 1
1462070105.073	 142.586563	 -1.000000	 15.000000	 28.346874	 -7.335152	 -4.793945	 1
1462070105.095	 142.643158	 -1.000000	 15.000000	 28.693771	 -7.611732	 -4.259533	 1
1462070105.114	 142.720428	 -1.000000	 15.000000	 28.763149	 -7.542587	 -3.791931	 1
1462070105.134	 142.763428	 -1.000000	 15.000000	 28.832531	 -7.266006	 -3.925537	 1
1462070105.155	 142.798187	 -1.000000	 15.000000	 29.283495	 -7.162285	 -3.825336	 1
1462070105.174	 142.847763	 -1.000000	 15.000000	 29.456945	 -6.989426	 -3.324329	 1
1462070105.195	 142.863312	 -1.000000	 15.000000	 29.630392	 -6.885704	 -3.691734	 1
1462070105.215	 142.834137	 -1.000000	 15.000000	 29.699770	 -6.539978	 -4.025745	 1
1462070105.236	 142.799332	 -1.000000	 15.000000	 29.422253	 -6.401688	 -4.025745	 1
1462070105.257	 142.776291	 -1.000000	 15.000000	 29.630392	 -6.678268	 -4.159351	 1
1462070105.278	 142.777161	 -1.000000	 15.000000	 29.248806	 -6.920273	 -4.059151	 1
1462070105.296	 142.784164	 -1.000000	 15.000000	 28.971289	 -7.058556	 -4.125954	 1
1462070105.317	 142.801575	 -1.000000	 15.000000	 29.110048	 -7.196846	 -3.992348	 1
1462070105.337	 142.825241	 -1.000000	 15.000000	 29.179428	 -7.127701	 -3.658337	 1
1462070105.356	 142.840576	 -1.000000	 15.000000	 29.005981	 -6.954842	 -3.624939	 1
1462070105.376	 142.842529	 -1.000000	 15.000000	 29.144737	 -6.678268	 -3.691742	 1
1462070105.397	 142.839783	 -1.000000	 15.000000	 29.075359	 -6.401688	 -3.558144	 1
1462070105.416	 142.838837	 -1.000000	 15.000000	 28.797842	 -6.332550	 -3.424538	 1
1462070105.438	 142.840195	 -1.000000	 15.000000	 29.005981	 -6.678276	 -3.691734	 1
1462070105.456	 142.843491	 -1.000000	 15.000000	 28.728462	 -6.609131	 -3.558128	 1
1462070105.477	 142.845398	 -1.000000	 15.000000	 28.728462	 -6.678276	 -3.691730	 1
1462070105.498	 142.856705	 -1.000000	 15.000000	 28.693773	 -7.058578	 -3.725136	 1
1462070105.517	 142.869339	 -1.000000	 15.000000	 28.832531	 -7.196861	 -3.791939	 1
1462070105.537	 142.869919	 -1.000000	 15.000000	 28.693771	 -6.851143	 -3.925537	 1
1462070105.566	 142.869278	 -1.000000	 15.000000	 29.040667	 -6.851143	 -3.925537	 1
1462070105.586	 142.862091	 -1.000000	 15.000000	 28.971289	 -6.712852	 -4.059143	 1
1462070105.606	 142.867432	 -1.000000	 15.000000	 29.005978	 -6.816574	 -3.624939	 1
1462070105.627	 142.871750	 -1.000000	 15.000000	 29.144737	 -6.747429	 -3.558136	 1
1462070105.648	 142.890549	 -1.000000	 15.000000	 29.005981	 -7.231445	 -3.491333	 1
1462070105.672	 142.915176	 -1.000000	 15.000000	 28.901909	 -7.542595	 -3.591534	 1
1462070105.687	 142.944260	 -1.000000	 15.000000	 28.867220	 -7.646317	 -3.491333	 1
1462070105.710	 142.955948	 -1.000000	 15.000000	 28.763153	 -7.127724	 -3.658337	 1
1462070105.729	 142.968796	 -1.000000	 15.000000	 28.763153	 -7.058578	 -3.524738	 1
1462070105.748	 142.985382	 -1.000000	 15.000000	 29.005981	 -7.093147	 -3.357735	 1
1462070105.769	 142.982666	 -1.000000	 15.000000	 28.832535	 -6.574562	 -3.591541	 1
1462070105.791	 142.980789	 -1.000000	 15.000000	 29.005981	 -6.539986	 -3.491341	 1
1462070105.808	 142.981339	 -1.000000	 15.000000	 29.040670	 -6.781990	 -3.658337	 1
1462070105.829	 142.989594	 -1.000000	 15.000000	 28.659084	 -7.231430	 -3.892139	 1
1462070105.848	 142.988831	 -1.000000	 15.000000	 28.589703	 -6.885696	 -3.892139	 1
1462070105.869	 143.002731	 -1.000000	 15.000000	 28.763149	 -7.265999	 -3.658337	 1
1462070105.893	 143.028061	 -1.000000	 15.000000	 28.693771	 -7.404282	 -3.324329	 1
1462070105.910	 143.058151	 -1.000000	 15.000000	 28.763149	 -7.611725	 -3.324329	 1
1462070105.931	 143.082550	 -1.000000	 15.000000	 29.214113	 -7.577156	 -3.424530	 1
1462070105.950	 143.119965	 -1.000000	 15.000000	 29.456942	 -7.819160	 -3.524731	 1
1462070105.973	 143.154831	 -1.000000	 15.000000	 29.526323	 -7.750015	 -3.524731	 1
1462070105.999	 143.180542	 -1.000000	 15.000000	 29.214117	 -7.577148	 -3.758533	 1
1462070106.013	 143.203247	 -1.000000	 15.000000	 29.110048	 -7.611725	 -3.925537	 1
1462070106.032	 143.221909	 -1.000000	 15.000000	 29.005978	 -7.300575	 -3.758533	 1
1462070106.059	 143.231186	 -1.000000	 15.000000	 29.110046	 -7.058571	 -3.858734	 1
1462070106.075	 143.241974	 -1.000000	 15.000000	 29.040665	 -7.058571	 -3.791931	 1
1462070106.092	 143.259384	 -1.000000	 15.000000	 29.248802	 -7.404289	 -3.858727	 1
1462070106.118	 143.264679	 -1.000000	 15.000000	 29.422249	 -6.954849	 -3.825329	 1
1462070106.132	 143.278244	 -1.000000	 15.000000	 29.456942	 -7.196854	 -3.725128	 1
1462070106.151	 143.304565	 -1.000000	 15.000000	 29.144735	 -7.508011	 -3.558128	 1
1462070106.178	 143.327744	 -1.000000	 15.000000	 29.248806	 -7.266006	 -3.391125	 1
1462070106.190	 143.343811	 -1.000000	 15.000000	 29.630392	 -7.093140	 -3.424522	 1
1462070106.212	 143.365891	 -1.000000	 15.000000	 29.734463	 -7.196854	 -3.257519	 1
1462070106.232	 143.379715	 -1.000000	 15.000000	 29.526323	 -6.989418	 -3.391125	 1
1462070106.252	 143.379272	 -1.000000	 15.000000	 29.491634	 -6.609116	 -3.558128	 1
1462070106.273	 143.371399	 -1.000000	 15.000000	 29.456945	 -6.643692	 -3.925537	 1
1462070106.297	 143.360550	 -1.000000	 15.000000	 29.387566	 -6.367111	 -3.725136	 1
1462070106.312	 143.341400	 -1.000000	 15.000000	 28.936602	 -6.263397	 -4.025738	 1
1462070106.333	 143.330215	 -1.000000	 15.000000	 29.075359	 -6.401688	 -3.825336	 1
1462070106.354	 143.324768	 -1.000000	 15.000000	 29.040670	 -6.574554	 -3.791939	 1
1462070106.373	 143.312912	 -1.000000	 15.000000	 29.179428	 -6.574554	 -4.059143	 1
1462070106.393	 143.305206	 -1.000000	 15.000000	 29.110048	 -6.989426	 -4.393150	 1
1462070106.416	 143.307129	 -1.000000	 15.000000	 29.144737	 -7.162277	 -4.159351	 1
1462070106.433	 143.295959	 -1.000000	 15.000000	 29.075359	 -6.885696	 -4.426552	 1
1462070106.454	 143.279755	 -1.000000	 15.000000	 29.075359	 -6.747406	 -4.493347	 1
1462070106.475	 143.276260	 -1.000000	 15.000000	 28.763153	 -6.989410	 -4.259544	 1
1462070106.494	 143.270111	 -1.000000	 15.000000	 28.763153	 -6.781975	 -4.125938	 1
1462070106.515	 143.271179	 -1.000000	 15.000000	 29.005978	 -6.885696	 -3.892139	 1
1462070106.535	 143.267136	 -1.000000	 15.000000	 29.110046	 -6.851120	 -4.059143	 1
1462070106.556	 143.271729	 -1.000000	 15.000000	 29.318184	 -6.920258	 -3.725136	 1
1462070106.577	 143.270676	 -1.000000	 15.000000	 29.526323	 -6.574539	 -3.524731	 1
1462070106.599	 143.278030	 -1.000000	 15.000000	 29.283495	 -6.885689	 -3.558128	 1
1462070106.616	 143.273102	 -1.000000	 15.000000	 29.456945	 -6.712822	 -3.858734	 1
1462070106.636	 143.279282	 -1.000000	 15.000000	 29.283499	 -7.023972	 -3.758533	 1
1462070106.657	 143.283783	 -1.000000	 15.000000	 29.110048	 -7.196831	 -4.059135	 1
1462070106.676	 143.295151	 -1.000000	 15.000000	 28.936600	 -7.300552	 -3.892132	 1
1462070106.697	 143.292877	 -1.000000	 15.000000	 29.248806	 -6.920258	 -3.992332	 1
1462070106.719	 143.283966	 -1.000000	 15.000000	 29.110046	 -6.712822	 -4.059132	 1
1462070106.738	 143.269913	 -1.000000	 15.000000	 29.110046	 -6.574539	 -4.125935	 1
1462070106.759	 143.258148	 -1.000000	 15.000000	 29.144735	 -6.470818	 -3.892132	 1
1462070106.777	 143.243301	 -1.000000	 15.000000	 29.214113	 -6.470818	 -4.025734	 1
1462070106.798	 143.241089	 -1.000000	 15.000000	 29.075354	 -6.747391	 -3.825329	 1
1462070106.817	 143.250641	 -1.000000	 15.000000	 28.867218	 -7.162262	 -3.825329	 1
1462070106.838	 143.260742	 -1.000000	 15.000000	 28.589699	 -7.093124	 -3.758526	 1
1462070106.858	 143.267227	 -1.000000	 15.000000	 28.832527	 -7.196838	 -3.992329	 1
1462070106.879	 143.272064	 -1.000000	 15.000000	 28.867220	 -7.231415	 -4.092529	 1
1462070106.899	 143.267487	 -1.000000	 15.000000	 28.971291	 -6.920265	 -4.125927	 1
1462070106.919	 143.246109	 -1.000000	 15.000000	 29.387566	 -6.297958	 -4.059132	 1
1462070106.939	 143.228333	 -1.000000	 15.000000	 29.907913	 -6.401680	 -3.958931	 1
1462070106.959	 143.207962	 -1.000000	 15.000000	 29.699776	 -6.332535	 -4.025734	 1
1462070106.979	 143.187332	 -1.000000	 15.000000	 29.699776	 -6.263382	 -3.958935	 1
1462070107.000	 143.166748	 -1.000000	 15.000000	 29.699776	 -6.470818	 -4.226143	 1
1462070107.021	 143.163559	 -1.000000	 15.000000	 29.665087	 -6.920265	 -3.992332	 1
1462070107.040	 143.164536	 -1.000000	 15.000000	 29.422258	 -7.023979	 -3.958935	 1
1462070107.060	 143.167664	 -1.000000	 15.000000	 29.040672	 -6.920265	 -3.791931	 1
1462070107.081	 143.176453	 -1.000000	 15.000000	 28.971291	 -7.127701	 -3.791931	 1
1462070107.105	 143.185898	 -1.000000	 15.000000	 28.867220	 -6.885696	 -3.491325	 1
1462070107.122	 143.191635	 -1.000000	 15.000000	 28.485634	 -6.851120	 -3.658333	 1
1462070107.143	 143.196579	 -1.000000	 15.000000	 28.693773	 -6.851120	 -3.658333	 1
1462070107.171	 143.198853	 -1.000000	 15.000000	 29.283495	 -6.747398	 -3.558128	 1
1462070107.185	 143.206680	 -1.000000	 15.000000	 29.387566	 -6.712822	 -3.257526	 1
1462070107.204	 143.216583	 -1.000000	 15.000000	 29.387566	 -6.851112	 -3.324329	 1
1462070107.230	 143.224854	 -1.000000	 15.000000	 29.526323	 -6.989395	 -3.524731	 1
1462070107.241	 143.223343	 -1.000000	 15.000000	 29.214117	 -6.678253	 -3.624931	 1
1462070107.263	 143.221695	 -1.000000	 15.000000	 29.144737	 -6.609116	 -3.558128	 1
1462070107.290	 143.210648	 -1.000000	 15.000000	 29.248806	 -6.367104	 -3.658333	 1
1462070107.304	 143.200089	 -1.000000	 15.000000	 29.248806	 -6.436249	 -3.725136	 1
1462070107.322	 143.184067	 -1.000000	 15.000000	 29.318184	 -6.297958	 -3.791931	 1
1462070107.349	 143.163208	 -1.000000	 15.000000	 29.630392	 -6.125092	 -3.758533	 1
1462070107.365	 143.139130	 -1.000000	 15.000000	 29.283495	 -6.332527	 -4.226135	 1
1462070107.383	 143.112320	 -1.000000	 15.000000	 29.005978	 -6.401672	 -4.493336	 1
1462070107.409	 143.082565	 -1.000000	 15.000000	 28.589703	 -6.194237	 -4.426537	 1
1462070107.423	 143.067474	 -1.000000	 15.000000	 28.624392	 -6.367096	 -3.992332	 1
1462070107.443	 143.053970	 -1.000000	 15.000000	 28.520321	 -6.539963	 -4.159340	 1
1462070107.468	 143.038834	 -1.000000	 15.000000	 28.381563	 -6.194237	 -3.825336	 1
1462070107.483	 143.025696	 -1.000000	 15.000000	 28.208117	 -6.159660	 -3.725136	 1
1462070107.504	 143.003174	 -1.000000	 15.000000	 28.693773	 -6.090515	 -3.992332	 1
1462070107.528	 142.971512	 -1.000000	 15.000000	 28.797844	 -6.055946	 -4.359741	 1
1462070107.544	 142.955734	 -1.000000	 15.000000	 28.728466	 -6.609108	 -4.359741	 1
1462070107.564	 142.950317	 -1.000000	 15.000000	 29.110052	 -7.058548	 -4.393139	 1
1462070107.587	 142.942017	 -1.000000	 15.000000	 29.456947	 -6.989403	 -4.393139	 1
1462070107.615	 142.953217	 -1.000000	 15.000000	 29.110052	 -7.473419	 -4.125938	 1
1462070107.633	 142.969238	 -1.000000	 15.000000	 28.936602	 -7.438850	 -3.892139	 1
1462070107.654	 142.981674	 -1.000000	 15.000000	 29.110052	 -7.127701	 -3.658337	 1
1462070107.676	 143.005295	 -1.000000	 15.000000	 28.763155	 -7.335136	 -3.457935	 1
1462070107.694	 143.032867	 -1.000000	 15.000000	 28.416260	 -7.750008	 -3.791943	 1
1462070107.714	 143.059036	 -1.000000	 15.000000	 28.312187	 -7.784576	 -3.892143	 1
1462070107.734	 143.081604	 -1.000000	 15.000000	 28.208120	 -7.611710	 -3.858742	 1
1462070107.755	 143.096924	 -1.000000	 15.000000	 28.242809	 -7.438850	 -3.958942	 1
1462070107.775	 143.091385	 -1.000000	 15.000000	 28.485634	 -7.058548	 -4.393150	 1
1462070107.795	 143.083115	 -1.000000	 15.000000	 28.728460	 -6.954834	 -4.359753	 1
1462070107.817	 143.067932	 -1.000000	 15.000000	 29.318184	 -6.574539	 -4.125954	 1
1462070107.838	 143.055176	 -1.000000	 15.000000	 29.456942	 -6.781975	 -4.259560	 1
1462070107.857	 143.036331	 -1.000000	 15.000000	 29.214113	 -6.609116	 -4.359760	 1
1462070107.876	 143.032532	 -1.000000	 15.000000	 29.144735	 -6.885689	 -4.025757	 1
1462070107.899	 143.034241	 -1.000000	 15.000000	 29.318184	 -6.920258	 -3.791954	 1
1462070107.917	 143.038254	 -1.000000	 15.000000	 28.867220	 -7.093117	 -3.958961	 1
1462070107.936	 143.036575	 -1.000000	 15.000000	 29.040670	 -6.989395	 -4.059162	 1
1462070107.957	 143.043304	 -1.000000	 15.000000	 29.283499	 -7.369698	 -4.092560	 1
1462070107.977	 143.041290	 -1.000000	 15.000000	 29.491638	 -7.231407	 -4.292961	 1
1462070107.996	 143.035461	 -1.000000	 15.000000	 29.214119	 -7.162262	 -4.426563	 1
1462070108.016	 143.019577	 -1.000000	 15.000000	 29.491638	 -7.023972	 -4.693764	 1
1462070108.038	 143.008133	 -1.000000	 15.000000	 29.526327	 -7.058548	 -4.526756	 1
1462070108.057	 142.995987	 -1.000000	 15.000000	 29.526327	 -6.920258	 -4.393158	 1
1462070108.078	 142.986923	 -1.000000	 15.000000	 29.283499	 -6.816544	 -4.159355	 1
1462070108.097	 142.977142	 -1.000000	 15.000000	 29.283499	 -6.678253	 -4.025757	 1
1462070108.117	 142.978348	 -1.000000	 15.000000	 29.283499	 -6.747391	 -3.624950	 1
1462070108.139	 142.985123	 -1.000000	 15.000000	 29.040670	 -6.781967	 -3.457947	 1
1462070108.160	 142.990387	 -1.000000	 15.000000	 29.040670	 -6.781967	 -3.524742	 1
1462070108.178	 142.999939	 -1.000000	 15.000000	 29.248810	 -6.851112	 -3.391136	 1
1462070108.199	 143.014069	 -1.000000	 15.000000	 29.248810	 -6.851112	 -3.190735	 1
1462070108.218	 143.024872	 -1.000000	 15.000000	 29.144737	 -6.747391	 -3.224133	 1
1462070108.238	 143.031509	 -1.000000	 15.000000	 29.248810	 -6.643669	 -3.257530	 1
1462070108.259	 143.040894	 -1.000000	 15.000000	 29.179428	 -6.505379	 -2.990334	 1
1462070108.279	 143.039917	 -1.000000	 15.000000	 29.110046	 -6.297943	 -3.190735	 1
1462070108.299	 143.034058	 -1.000000	 15.000000	 28.936600	 -6.332512	 -3.491341	 1
1462070108.319	 143.023361	 -1.000000	 15.000000	 29.110048	 -6.297935	 -3.658337	 1
1462070108.343	 143.012878	 -1.000000	 15.000000	 29.005978	 -6.194221	 -3.558136	 1
1462070108.360	 143.004974	 -1.000000	 15.000000	 29.110048	 -6.228790	 -3.524731	 1
1462070108.380	 143.190201	 -1.000000	 15.000000	 29.318188	 -6.643661	 -3.658337	 1
1462070108.400	 143.937958	 -1.000000	 15.000000	 29.422256	 -6.816521	 -3.424538	 1
1462070108.420	 144.405350	 -1.000000	 15.000000	 29.318184	 -7.058525	 -3.524738	 1
1462070108.442	 144.523575	 -1.000000	 15.000000	 29.526323	 -7.265961	 -3.725140	 1
1462070108.462	 144.572662	 -1.000000	 15.000000	 29.352875	 -7.369675	 -3.892139	 1
1462070108.491	 144.573807	 -1.000000	 15.000000	 29.214117	 -7.231392	 -3.758533	 1
1462070108.503	 144.571182	 -1.000000	 15.000000	 29.456945	 -7.127670	 -3.992332	 1
1462070108.522	 144.563446	 -1.000000	 15.000000	 29.214119	 -6.816521	 -3.892132	 1
1462070108.550	 143.862762	 -1.000000	 15.000000	 29.075359	 -6.678230	 -4.025734	 1
1462070108.562	 143.607269	 -1.000000	 15.000000	 29.352877	 -6.678230	 -4.092537	 1
1462070108.583	 143.461548	 -1.000000	 15.000000	 29.179428	 -6.712799	 -4.259533	 1
1462070108.611	 143.288254	 -1.000000	 15.000000	 29.283495	 -6.678230	 -4.359734	 1
1462070108.640	 143.548523	 -1.000000	 15.000000	 29.387564	 -6.712807	 -4.326332	 1
1462070108.652	 143.273026	 -1.000000	 15.000000	 29.179428	 -6.712807	 -4.593529	 1
1462070108.673	 143.427948	 -1.000000	 15.000000	 28.936600	 -6.816521	 -4.626930	 1
1462070108.699	 142.955200	 -1.000000	 15.000000	 29.110048	 -6.643661	 -4.860729	 1
1462070108.713	 142.949799	 -1.000000	 15.000000	 28.936600	 -6.470795	 -4.960930	 1
1462070108.730	 142.947723	 -1.000000	 15.000000	 29.005978	 -6.609085	 -5.094532	 1
1462070108.751	 143.445541	 -1.000000	 15.000000	 29.110046	 -6.781944	 -5.061134	 1
1462070108.771	 142.962524	 -1.000000	 15.000000	 29.179428	 -6.505363	 -5.261536	 1
1462070108.794	 144.156601	 -1.000000	 15.000000	 29.005978	 -6.816521	 -4.960930	 1
1462070108.818	 145.071655	 -1.000000	 15.000000	 28.971289	 -6.851089	 -4.660328	 1
1462070108.832	 144.720001	 -1.000000	 15.000000	 29.040667	 -6.712807	 -4.860729	 1
1462070108.852	 144.515182	 -1.000000	 15.000000	 29.179428	 -6.367081	 -4.660328	 1
1462070108.878	 144.588165	 -1.000000	 15.000000	 28.901909	 -6.367081	 -4.793934	 1
1462070108.892	 144.284241	 -1.000000	 15.000000	 28.867220	 -6.055923	 -4.827332	 1
1462070108.913	 144.346893	 -1.000000	 15.000000	 29.075359	 -6.055923	 -4.960938	 1
1462070108.937	 145.334076	 -1.000000	 15.000000	 29.110052	 -6.090500	 -4.593529	 1
1462070108.955	 145.544510	 -1.000000	 15.000000	 29.075359	 -6.125076	 -4.760536	 1
1462070108.973	 146.935440	 -1.000000	 15.000000	 29.352877	 -6.332504	 -4.359730	 1
1462070108.997	 147.107651	 -1.000000	 15.000000	 29.595705	 -6.367081	 -4.526733	 1
1462070109.014	 147.215912	 -1.000000	 15.000000	 29.526327	 -6.505371	 -4.727135	 1
1462070109.034	 146.731918	 -1.000000	 15.000000	 29.040670	 -6.505371	 -5.127941	 1
1462070109.054	 147.036011	 -1.000000	 15.000000	 29.075363	 -6.747375	 -5.161339	 1
1462070109.074	 146.946075	 -1.000000	 15.000000	 28.936602	 -6.816521	 -5.361744	 1
1462070109.094	 146.744507	 -1.000000	 15.000000	 28.797842	 -6.609085	 -5.428539	 1
1462070109.118	 146.650986	 -1.000000	 15.000000	 28.450945	 -6.401657	 -5.495338	 1
1462070109.135	 147.324310	 -1.000000	 15.000000	 28.763153	 -6.505371	 -5.528736	 1
1462070109.155	 148.023117	 -1.000000	 15.000000	 28.416256	 -6.367081	 -5.328331	 1
1462070109.178	 147.641434	 -1.000000	 15.000000	 28.277498	 -6.021355	 -5.528736	 1
1462070109.197	 148.532013	 -1.000000	 15.000000	 28.034674	 -6.194221	 -5.628937	 1
1462070109.217	 149.019226	 -1.000000	 15.000000	 28.346880	 -6.297935	 -5.996346	 1
1462070109.237	 149.357513	 -1.000000	 15.000000	 28.208122	 -6.090500	 -6.263550	 1
1462070109.256	 149.947449	 -1.000000	 15.000000	 28.277502	 -5.883064	 -6.664356	 1
1462070109.277	 150.942871	 -1.000000	 15.000000	 28.555019	 -6.021355	 -7.131958	 1
1462070109.297	 152.068954	 -1.000000	 15.000000	 28.450949	 -5.848495	 -7.165356	 1
1462070109.316	 152.729370	 -1.000000	 15.000000	 27.999981	 -5.813919	 -7.332359	 1
1462070109.336	 152.448624	 -1.000000	 15.000000	 27.965292	 -5.986786	 -7.699768	 1
1462070109.357	 151.278091	 -1.000000	 15.000000	 27.965292	 -6.055923	 -8.234180	 1
1462070109.376	 151.492981	 -1.000000	 15.000000	 27.653084	 -5.883064	 -8.267578	 1
1462070109.398	 151.505127	 -1.000000	 15.000000	 27.757156	 -5.848495	 -9.035789	 1
1462070109.417	 151.574692	 -1.000000	 15.000000	 27.895916	 -5.433624	 -9.236195	 1
1462070109.437	 151.002853	 -1.000000	 15.000000	 27.514330	 -5.053329	 -9.670399	 1
1462070109.458	 150.403061	 -1.000000	 15.000000	 26.820538	 -4.707603	 -10.204811	 1
1462070109.478	 149.983963	 -1.000000	 15.000000	 26.230812	 -4.534744	 -11.240223	 1
1462070109.498	 150.765656	 -1.000000	 15.000000	 25.675777	 -4.396454	 -12.175438	 1
1462070109.519	 151.949463	 -1.000000	 15.000000	 24.912605	 -4.396454	 -13.377857	 1
1462070109.538	 154.181152	 -1.000000	 15.000000	 24.426949	 -4.258163	 -14.446667	 1
1462070109.558	 156.617783	 -1.000000	 15.000000	 23.906607	 -4.500168	 -15.482079	 1
1462070109.579	 158.257370	 -1.000000	 15.000000	 23.178123	 -4.396454	 -16.383896	 1
1462070109.598	 159.862762	 -1.000000	 15.000000	 22.414953	 -4.465607	 -16.918312	 1
1462070109.627	 163.036865	 -1.000000	 15.000000	 22.206814	 -4.742180	 -17.118713	 1
1462070109.648	 163.410034	 -1.000000	 15.000000	 21.963989	 -5.191628	 -17.285721	 1
1462070109.669	 160.054993	 -1.000000	 15.000000	 21.790539	 -5.571922	 -17.252319	 1
1462070109.692	 159.853973	 -1.000000	 15.000000	 21.408953	 -6.505379	 -17.552917	 1
1462070109.708	 155.126953	 -1.000000	 15.000000	 20.957989	 -7.300545	 -18.120720	 1
1462070109.729	 152.933426	 -1.000000	 15.000000	 20.056061	 -8.268570	 -18.922333	 1
1462070109.750	 151.883118	 -1.000000	 15.000000	 19.154129	 -9.098312	 -19.790749	 1
1462070109.769	 150.336151	 -1.000000	 15.000000	 18.564404	 -9.962624	 -20.358559	 1
1462070109.789	 144.239517	 -1.000000	 15.000000	 17.939989	 -10.861504	 -20.692566	 1
1462070109.811	 143.610916	 -1.000000	 15.000000	 17.350266	 -11.794952	 -21.193573	 1
1462070109.831	 136.754456	 -1.000000	 15.000000	 16.587093	 -12.624687	 -21.594376	 1
1462070109.870	 134.171432	 -1.000000	 15.000000	 15.927990	 -13.903862	 -21.761375	 1
1462070109.873	 133.569000	 -1.000000	 15.000000	 14.609786	 -15.079330	 -22.896996	 1
1462070109.909	 128.349014	 -1.000000	 15.000000	 13.777236	 -15.978203	 -23.030594	 1
1462070109.913	 125.383072	 -1.000000	 15.000000	 12.597790	 -16.807945	 -23.297806	 1
1462070109.931	 125.713806	 -1.000000	 15.000000	 11.487722	 -17.775970	 -23.431412	 1
1462070109.959	 122.586067	 -1.000000	 15.000000	 10.377654	 -18.674850	 -23.498207	 1
1462070109.971	 122.690857	 -1.000000	 15.000000	 9.475722	 -19.642891	 -22.763390	 1
1462070109.992	 122.756004	 -1.000000	 15.000000	 8.296276	 -20.472633	 -22.763390	 1
1462070110.019	 123.477234	 -1.000000	 15.000000	 7.359658	 -21.613518	 -22.329185	 1
1462070110.031	 124.080299	 -1.000000	 15.000000	 6.527105	 -22.304962	 -21.995178	 1
1462070110.051	 124.617592	 -1.000000	 15.000000	 5.798623	 -22.616119	 -21.694580	 1
1462070110.078	 125.593384	 -1.000000	 15.000000	 5.243590	 -23.030991	 -21.494179	 1
1462070110.092	 127.035164	 -1.000000	 15.000000	 4.549798	 -23.722435	 -21.093369	 1
1462070110.111	 128.207733	 -1.000000	 15.000000	 3.890695	 -24.033585	 -20.592369	 1
1462070110.138	 129.563080	 -1.000000	 15.000000	 3.613180	 -24.448463	 -19.924362	 1
1462070110.152	 131.210510	 -1.000000	 15.000000	 2.850008	 -25.209053	 -19.055954	 1
1462070110.172	 132.494934	 -1.000000	 15.000000	 2.017458	 -25.554771	 -18.521545	 1
1462070110.197	 133.780975	 -1.000000	 15.000000	 1.393044	 -25.969643	 -18.120743	 1
1462070110.212	 134.753555	 -1.000000	 15.000000	 0.733941	 -26.349945	 -18.020531	 1
1462070110.232	 135.444794	 -1.000000	 15.000000	 -0.167991	 -26.764816	 -18.020531	 1
1462070110.257	 135.720200	 -1.000000	 15.000000	 -1.173987	 -27.006821	 -18.120735	 1
1462070110.273	 136.334198	 -1.000000	 15.000000	 -1.659644	 -27.145111	 -18.120728	 1
1462070110.293	 136.801239	 -1.000000	 15.000000	 -2.179987	 -27.179680	 -18.220932	 1
1462070110.317	 137.877167	 -1.000000	 15.000000	 -2.318745	 -27.041389	 -17.886917	 1
1462070110.333	 138.935593	 -1.000000	 15.000000	 -2.804399	 -27.179680	 -17.486122	 1
1462070110.354	 139.563080	 -1.000000	 15.000000	 -2.839087	 -27.352547	 -17.185516	 1
1462070110.374	 139.005249	 -1.000000	 15.000000	 -3.394120	 -27.421692	 -16.651108	 1
1462070110.394	 138.346344	 -1.000000	 15.000000	 -3.498188	 -27.456253	 -15.949699	 1
1462070110.414	 137.998245	 -1.000000	 15.000000	 -3.845084	 -27.871124	 -15.482094	 1
1462070110.434	 138.105133	 -1.000000	 15.000000	 -4.191980	 -28.009411	 -15.081284	 1
1462070110.454	 138.523972	 -1.000000	 15.000000	 -4.677637	 -27.940266	 -14.680481	 1
1462070110.475	 139.294769	 -1.000000	 15.000000	 -5.093912	 -28.078560	 -14.413269	 1
1462070110.494	 139.724091	 -1.000000	 15.000000	 -5.544876	 -27.836555	 -14.313068	 1
1462070110.515	 139.303070	 -1.000000	 15.000000	 -6.377430	 -27.559982	 -14.379871	 1
1462070110.535	 138.828018	 -1.000000	 15.000000	 -6.863083	 -27.629120	 -14.513474	 1
1462070110.558	 138.411774	 -1.000000	 15.000000	 -7.071220	 -27.698261	 -14.513474	 1
1462070110.575	 137.746399	 -1.000000	 15.000000	 -7.348738	 -27.698261	 -14.580276	 1
1462070110.596	 137.030441	 -1.000000	 15.000000	 -7.973152	 -27.836548	 -14.647072	 1
1462070110.625	 137.159317	 -1.000000	 15.000000	 -8.111908	 -27.836548	 -14.379871	 1
1462070110.650	 136.951904	 -1.000000	 15.000000	 -8.354736	 -27.456253	 -14.546875	 1
1462070110.669	 136.924316	 -1.000000	 15.000000	 -8.736322	 -27.006805	 -14.780678	 1
1462070110.686	 136.573105	 -1.000000	 15.000000	 -9.048531	 -26.972237	 -14.814072	 1
1462070110.709	 136.776688	 -1.000000	 15.000000	 -9.430115	 -27.075943	 -14.513474	 1
1462070110.726	 136.189636	 -1.000000	 15.000000	 -9.603561	 -26.833939	 -14.880882	 1
1462070110.746	 136.097305	 -1.000000	 15.000000	 -9.881081	 -26.626495	 -14.346478	 1
1462070110.768	 135.871124	 -1.000000	 15.000000	 -10.332047	 -27.075935	 -14.112671	 1
1462070110.788	 135.236038	 -1.000000	 15.000000	 -10.436115	 -27.041367	 -14.012470	 1
1462070110.810	 134.767410	 -1.000000	 15.000000	 -10.574875	 -27.041367	 -14.279675	 1
1462070110.828	 134.321320	 -1.000000	 15.000000	 -11.164600	 -27.075935	 -14.045876	 1
1462070110.858	 134.090698	 -1.000000	 15.000000	 -11.546186	 -27.110512	 -14.279675	 1
1462070110.873	 133.992645	 -1.000000	 15.000000	 -11.164600	 -26.661064	 -14.379875	 1
1462070110.888	 134.027405	 -1.000000	 15.000000	 -11.372740	 -26.661064	 -14.313072	 1
1462070110.908	 134.421295	 -1.000000	 15.000000	 -11.164600	 -26.522781	 -14.045868	 1
1462070110.928	 134.839828	 -1.000000	 15.000000	 -10.956461	 -26.799362	 -14.045868	 1
1462070110.948	 135.395340	 -1.000000	 15.000000	 -10.852394	 -27.041374	 -13.544861	 1
1462070110.970	 135.560333	 -1.000000	 15.000000	 -10.921772	 -27.248810	 -13.144054	 1
1462070110.990	 134.424423	 -1.000000	 15.000000	 -10.991150	 -26.903084	 -13.077259	 1
1462070111.009	 133.841705	 -1.000000	 15.000000	 -10.956461	 -26.868507	 -13.177460	 1
1462070111.029	 134.177628	 -1.000000	 15.000000	 -10.956461	 -26.937653	 -12.843456	 1
1462070111.049	 133.423035	 -1.000000	 15.000000	 -10.956461	 -26.868500	 -13.110657	 1
1462070111.068	 132.687027	 -1.000000	 15.000000	 -11.338047	 -26.764778	 -13.077259	 1
1462070111.089	 133.757904	 -1.000000	 15.000000	 -10.678944	 -27.006783	 -12.977058	 1
1462070111.109	 133.822403	 -1.000000	 15.000000	 -10.817701	 -27.006783	 -12.709850	 1
1462070111.130	 133.809525	 -1.000000	 15.000000	 -10.783012	 -27.110504	 -12.743248	 1
1462070111.150	 133.952866	 -1.000000	 15.000000	 -10.852390	 -27.179657	 -12.609642	 1
1462070111.170	 134.115601	 -1.000000	 15.000000	 -10.540184	 -27.075943	 -12.442638	 1
1462070111.190	 134.076706	 -1.000000	 15.000000	 -10.887079	 -27.421677	 -12.509438	 1
1462070111.210	 134.011978	 -1.000000	 15.000000	 -10.991150	 -27.456245	 -12.676441	 1
1462070111.230	 133.964584	 -1.000000	 15.000000	 -10.748325	 -27.214241	 -12.442638	 1
1462070111.251	 133.548950	 -1.000000	 15.000000	 -10.609566	 -27.145088	 -12.643044	 1
1462070111.269	 133.144867	 -1.000000	 15.000000	 -10.887083	 -27.421661	 -12.843445	 1
1462070111.295	 132.811127	 -1.000000	 15.000000	 -10.887083	 -27.075935	 -12.843445	 1
1462070111.311	 133.626221	 -1.000000	 15.000000	 -10.817701	 -26.937637	 -12.108635	 1
1462070111.331	 133.667404	 -1.000000	 15.000000	 -10.921768	 -27.041351	 -12.075233	 1
1462070111.351	 133.706894	 -1.000000	 15.000000	 -10.921768	 -26.972214	 -11.941631	 1
1462070111.372	 134.026382	 -1.000000	 15.000000	 -10.713631	 -26.903069	 -11.874828	 1
1462070111.395	 134.239700	 -1.000000	 15.000000	 -10.852386	 -27.041367	 -11.741222	 1
1462070111.414	 133.568207	 -1.000000	 15.000000	 -10.887077	 -27.214226	 -12.442635	 1
1462070111.434	 132.825226	 -1.000000	 15.000000	 -11.025833	 -27.075943	 -12.643036	 1
1462070111.456	 132.513275	 -1.000000	 15.000000	 -11.060524	 -26.972221	 -12.609631	 1
1462070111.474	 132.396637	 -1.000000	 15.000000	 -11.164591	 -26.937653	 -12.509430	 1
1462070111.494	 132.374313	 -1.000000	 15.000000	 -11.233973	 -26.799362	 -12.643028	 1
1462070111.516	 132.370895	 -1.000000	 15.000000	 -11.442112	 -26.868500	 -12.242226	 1
1462070111.534	 132.393738	 -1.000000	 15.000000	 -11.233976	 -26.937637	 -12.108620	 1
1462070111.553	 132.450058	 -1.000000	 15.000000	 -11.025841	 -27.075935	 -11.908215	 1
1462070111.582	 132.482788	 -1.000000	 15.000000	 -10.921772	 -26.903069	 -12.208820	 1
1462070111.593	 132.529205	 -1.000000	 15.000000	 -11.025841	 -27.145081	 -12.108620	 1
1462070111.614	 132.555313	 -1.000000	 15.000000	 -10.956461	 -26.868500	 -12.242218	 1
1462070111.642	 132.535248	 -1.000000	 15.000000	 -11.407425	 -26.695633	 -12.476025	 1
1462070111.663	 132.497345	 -1.000000	 15.000000	 -11.546183	 -26.764786	 -12.743225	 1
1462070111.683	 132.450516	 -1.000000	 15.000000	 -11.684940	 -26.903076	 -12.876823	 1
1462070111.703	 132.381577	 -1.000000	 15.000000	 -11.684940	 -26.557358	 -13.077229	 1
1462070111.731	 132.332733	 -1.000000	 15.000000	 -11.129906	 -26.764786	 -13.478035	 1
1462070111.743	 132.299088	 -1.000000	 15.000000	 -10.817698	 -26.730217	 -13.645031	 1
1462070111.763	 132.249863	 -1.000000	 15.000000	 -11.060526	 -26.557358	 -13.611633	 1
1462070111.784	 131.632294	 -1.000000	 15.000000	 -11.060526	 -26.695648	 -13.344433	 1
1462070111.804	 131.641541	 -1.000000	 15.000000	 -10.852386	 -26.833939	 -13.344433	 1
1462070111.824	 131.633865	 -1.000000	 15.000000	 -11.060526	 -26.626511	 -13.344433	 1
1462070111.851	 131.612534	 -1.000000	 15.000000	 -11.338043	 -26.488213	 -13.344433	 1
1462070111.865	 130.874130	 -1.000000	 15.000000	 -11.407423	 -26.557358	 -13.411232	 1
1462070111.885	 129.815628	 -1.000000	 15.000000	 -11.580872	 -26.246201	 -13.578236	 1
1462070111.910	 129.797333	 -1.000000	 15.000000	 -11.858391	 -26.177055	 -13.711842	 1
1462070111.925	 129.779175	 -1.000000	 15.000000	 -12.205286	 -26.453629	 -13.645042	 1
1462070111.945	 129.768326	 -1.000000	 15.000000	 -12.448114	 -26.764786	 -13.478039	 1
1462070111.969	 129.758698	 -1.000000	 15.000000	 -12.517494	 -26.972221	 -13.611645	 1
1462070111.986	 129.753998	 -1.000000	 15.000000	 -12.344044	 -27.006790	 -13.711845	 1
1462070112.006	 129.755753	 -1.000000	 15.000000	 -12.170597	 -26.695641	 -13.344440	 1
1462070112.029	 129.751831	 -1.000000	 15.000000	 -12.344044	 -26.522774	 -13.177441	 1
1462070112.046	 129.738754	 -1.000000	 15.000000	 -12.309351	 -26.142471	 -13.144043	 1
1462070112.066	 129.723541	 -1.000000	 15.000000	 -12.066526	 -25.831322	 -13.177441	 1
1462070112.088	 129.718445	 -1.000000	 15.000000	 -12.239975	 -25.865898	 -12.676434	 1
1462070112.107	 129.707123	 -1.000000	 15.000000	 -12.448112	 -25.796761	 -12.676434	 1
1462070112.130	 129.699432	 -1.000000	 15.000000	 -12.274666	 -25.900482	 -12.776634	 1
1462070112.150	 129.695999	 -1.000000	 15.000000	 -12.309357	 -26.073341	 -12.743237	 1
1462070112.177	 129.697266	 -1.000000	 15.000000	 -12.482803	 -26.107910	 -12.375832	 1
1462070112.192	 129.682800	 -1.000000	 15.000000	 -12.690943	 -25.831329	 -12.576233	 1
1462070112.208	 129.675690	 -1.000000	 15.000000	 -12.725632	 -26.349922	 -12.743237	 1
1462070112.228	 129.660309	 -1.000000	 15.000000	 -12.760323	 -25.969620	 -12.709839	 1
1462070112.249	 129.651215	 -1.000000	 15.000000	 -12.552183	 -26.038773	 -12.709839	 1
1462070112.268	 129.644974	 -1.000000	 15.000000	 -12.274666	 -25.900482	 -12.709839	 1
1462070112.288	 129.657166	 -1.000000	 15.000000	 -12.066526	 -26.453644	 -12.576241	 1
1462070112.308	 129.669800	 -1.000000	 15.000000	 -11.893080	 -26.211632	 -12.476036	 1
1462070112.329	 129.688660	 -1.000000	 15.000000	 -11.823700	 -26.557358	 -12.542835	 1
1462070112.348	 129.703094	 -1.000000	 15.000000	 -12.066528	 -26.453636	 -12.375832	 1
1462070112.369	 129.705093	 -1.000000	 15.000000	 -12.448114	 -26.488205	 -12.542835	 1
1462070112.389	 129.699463	 -1.000000	 15.000000	 -12.552183	 -26.453629	 -12.709839	 1
1462070112.409	 129.695572	 -1.000000	 15.000000	 -12.274666	 -26.177055	 -12.643036	 1
1462070112.429	 129.693283	 -1.000000	 15.000000	 -12.552183	 -26.177055	 -12.242229	 1
1462070112.450	 129.692566	 -1.000000	 15.000000	 -12.274666	 -26.246201	 -12.509438	 1
1462070112.470	 129.697693	 -1.000000	 15.000000	 -12.170597	 -26.488205	 -12.542835	 1
1462070112.489	 130.028595	 -1.000000	 15.000000	 -12.031839	 -26.557350	 -12.609631	 1
1462070112.510	 130.036255	 -1.000000	 15.000000	 -12.205286	 -26.799355	 -12.709831	 1
1462070112.530	 130.187317	 -1.000000	 15.000000	 -11.962458	 -26.833931	 -12.876839	 1
1462070112.550	 129.864029	 -1.000000	 15.000000	 -12.170593	 -26.833931	 -12.943642	 1
1462070112.570	 130.064362	 -1.000000	 15.000000	 -12.066526	 -26.591927	 -12.643036	 1
1462070112.591	 129.487595	 -1.000000	 15.000000	 -11.997147	 -26.315353	 -12.910240	 1
1462070112.611	 129.049561	 -1.000000	 15.000000	 -12.274666	 -26.315353	 -12.977043	 1
1462070112.636	 128.380569	 -1.000000	 15.000000	 -12.413422	 -26.107918	 -13.110645	 1
1462070112.656	 128.023987	 -1.000000	 15.000000	 -12.274666	 -25.900482	 -13.244251	 1
1462070112.676	 127.663177	 -1.000000	 15.000000	 -12.448112	 -26.004196	 -13.411255	 1
1462070112.695	 127.673134	 -1.000000	 15.000000	 -12.274662	 -26.107918	 -13.110649	 1
1462070112.716	 127.691872	 -1.000000	 15.000000	 -12.101215	 -26.349922	 -13.010448	 1
1462070112.734	 127.712685	 -1.000000	 15.000000	 -11.893080	 -26.349922	 -13.077251	 1
1462070112.754	 127.746819	 -1.000000	 15.000000	 -11.754322	 -26.626495	 -12.743248	 1
1462070112.776	 127.778656	 -1.000000	 15.000000	 -11.719633	 -26.730217	 -12.977051	 1
1462070112.794	 127.806572	 -1.000000	 15.000000	 -11.893082	 -26.695641	 -12.943653	 1
1462070112.814	 127.827911	 -1.000000	 15.000000	 -12.031839	 -26.626495	 -13.077251	 1
1462070112.835	 127.854080	 -1.000000	 15.000000	 -12.170597	 -26.695633	 -12.743248	 1
1462070112.855	 127.878830	 -1.000000	 15.000000	 -12.205286	 -26.799362	 -12.910255	 1
1462070112.875	 127.907578	 -1.000000	 15.000000	 -12.205286	 -26.868507	 -12.776649	 1
1462070112.902	 127.927406	 -1.000000	 15.000000	 -12.482801	 -26.937653	 -13.043846	 1
1462070112.915	 127.945938	 -1.000000	 15.000000	 -12.760319	 -27.075943	 -12.910248	 1
1462070112.936	 127.963753	 -1.000000	 15.000000	 -12.656250	 -27.179672	 -13.144054	 1
1462070112.955	 127.979492	 -1.000000	 15.000000	 -12.829697	 -27.006805	 -12.843452	 1
1462070112.976	 128.006317	 -1.000000	 15.000000	 -12.725630	 -27.248810	 -12.542847	 1
1462070112.996	 128.036911	 -1.000000	 15.000000	 -12.690941	 -27.214241	 -12.309044	 1
1462070113.016	 128.067490	 -1.000000	 15.000000	 -12.517490	 -27.041374	 -12.342445	 1
1462070113.037	 128.094452	 -1.000000	 15.000000	 -12.656248	 -26.833939	 -12.208839	 1
1462070113.057	 128.120331	 -1.000000	 15.000000	 -12.760319	 -26.937653	 -12.242237	 1
1462070113.079	 128.133484	 -1.000000	 15.000000	 -12.864388	 -26.557358	 -12.542839	 1
1462070113.097	 128.132278	 -1.000000	 15.000000	 -12.864388	 -25.865898	 -12.676441	 1
1462070113.119	 128.130936	 -1.000000	 15.000000	 -12.656250	 -25.658463	 -12.676441	 1
1462070113.142	 128.125473	 -1.000000	 15.000000	 -12.621561	 -25.623894	 -12.910240	 1
1462070113.159	 128.117661	 -1.000000	 15.000000	 -12.586868	 -25.451035	 -12.943642	 1
1462070113.179	 128.115967	 -1.000000	 15.000000	 -12.344044	 -25.416466	 -12.843437	 1
1462070113.199	 128.129227	 -1.000000	 15.000000	 -12.066528	 -25.969620	 -12.843437	 1
1462070113.220	 128.146469	 -1.000000	 15.000000	 -12.031839	 -26.142487	 -12.810040	 1
1462070113.240	 128.165649	 -1.000000	 15.000000	 -12.066528	 -26.107918	 -12.643036	 1
1462070113.260	 128.187973	 -1.000000	 15.000000	 -11.927773	 -26.038773	 -12.576233	 1
1462070113.289	 128.209641	 -1.000000	 15.000000	 -11.927773	 -26.177055	 -12.776634	 1
1462070113.301	 128.221771	 -1.000000	 15.000000	 -12.170597	 -25.796761	 -12.676434	 1
1462070113.320	 128.224152	 -1.000000	 15.000000	 -12.586872	 -25.658463	 -12.609631	 1
1462070113.349	 128.223450	 -1.000000	 15.000000	 -12.517494	 -25.658463	 -12.810036	 1
1462070113.362	 128.211716	 -1.000000	 15.000000	 -12.795012	 -25.589325	 -13.077240	 1
1462070113.381	 128.198746	 -1.000000	 15.000000	 -13.419422	 -25.796761	 -12.810036	 1
1462070113.408	 128.190521	 -1.000000	 15.000000	 -13.627562	 -26.211624	 -12.810036	 1
1462070113.421	 128.185471	 -1.000000	 15.000000	 -13.315353	 -26.107918	 -12.843433	 1
1462070113.441	 128.174881	 -1.000000	 15.000000	 -13.627562	 -26.142494	 -12.876831	 1
1462070113.469	 128.183304	 -1.000000	 15.000000	 -13.211287	 -26.419075	 -12.476025	 1
1462070113.482	 128.195084	 -1.000000	 15.000000	 -12.795012	 -26.142502	 -12.476025	 1
1462070113.500	 128.215714	 -1.000000	 15.000000	 -12.552183	 -26.177071	 -12.309021	 1
1462070113.528	 128.235748	 -1.000000	 15.000000	 -12.725632	 -26.419075	 -12.409222	 1
1462070113.545	 128.263489	 -1.000000	 15.000000	 -12.413425	 -26.453644	 -12.309021	 1
1462070113.561	 128.284180	 -1.000000	 15.000000	 -12.309355	 -26.419075	 -12.743225	 1
1462070113.581	 128.299561	 -1.000000	 15.000000	 -12.239975	 -26.211639	 -12.876831	 1
1462070113.601	 128.308075	 -1.000000	 15.000000	 -12.344044	 -25.969635	 -12.910229	 1
1462070113.622	 128.323410	 -1.000000	 15.000000	 -11.997147	 -25.969635	 -12.910229	 1
1462070113.651	 128.334824	 -1.000000	 15.000000	 -12.170593	 -26.004204	 -13.010429	 1
1462070113.671	 128.338882	 -1.000000	 15.000000	 -12.552179	 -25.831345	 -12.843433	 1
1462070113.691	 128.351257	 -1.000000	 15.000000	 -12.552179	 -26.246208	 -12.843433	 1
1462070113.712	 128.355408	 -1.000000	 15.000000	 -12.517490	 -26.280777	 -13.411243	 1
1462070113.732	 128.357544	 -1.000000	 15.000000	 -12.690937	 -26.315353	 -13.377846	 1
1462070113.752	 128.360443	 -1.000000	 15.000000	 -12.933765	 -26.349922	 -13.077240	 1
1462070113.799	 128.364914	 -1.000000	 15.000000	 -13.003147	 -26.488213	 -13.010437	 1
1462070113.799	 128.362625	 -1.000000	 15.000000	 -13.107216	 -26.177063	 -12.977039	 1
1462070113.811	 128.377274	 -1.000000	 15.000000	 -12.933769	 -26.419067	 -12.476032	 1
1462070113.832	 128.385620	 -1.000000	 15.000000	 -13.072525	 -26.142487	 -12.409229	 1
1462070113.854	 128.399872	 -1.000000	 15.000000	 -12.656250	 -26.004196	 -12.409229	 1
1462070113.873	 128.414551	 -1.000000	 15.000000	 -12.829697	 -26.177055	 -12.375832	 1
1462070113.893	 128.430313	 -1.000000	 15.000000	 -12.899076	 -26.315353	 -12.375832	 1
1462070113.914	 128.441422	 -1.000000	 15.000000	 -13.211283	 -26.419067	 -12.409229	 1
1462070113.935	 128.458893	 -1.000000	 15.000000	 -13.107216	 -26.661079	 -12.375832	 1
1462070113.955	 128.463364	 -1.000000	 15.000000	 -13.558180	 -26.626511	 -12.609631	 1
1462070113.976	 128.464005	 -1.000000	 15.000000	 -13.419422	 -26.211632	 -12.542835	 1
1462070113.996	 128.461105	 -1.000000	 15.000000	 -13.280664	 -26.073341	 -12.743237	 1
1462070114.015	 128.462234	 -1.000000	 15.000000	 -13.176594	 -25.969620	 -12.509438	 1
1462070114.036	 128.464844	 -1.000000	 15.000000	 -13.003147	 -25.796761	 -12.409233	 1
1462070114.054	 128.476028	 -1.000000	 15.000000	 -12.968458	 -26.107918	 -12.242229	 1
1462070114.074	 128.497223	 -1.000000	 15.000000	 -12.829697	 -26.522781	 -12.242229	 1
1462070114.097	 128.523026	 -1.000000	 15.000000	 -12.933765	 -26.626503	 -12.008423	 1
1462070114.114	 128.545212	 -1.000000	 15.000000	 -12.899076	 -26.591927	 -12.242226	 1
1462070114.135	 128.559906	 -1.000000	 15.000000	 -13.141901	 -26.695641	 -12.476025	 1
1462070114.156	 128.572540	 -1.000000	 15.000000	 -13.141901	 -26.764786	 -12.609631	 1
1462070114.175	 128.570587	 -1.000000	 15.000000	 -13.488798	 -26.557350	 -12.876831	 1
1462070114.195	 128.576630	 -1.000000	 15.000000	 -13.211283	 -26.695633	 -12.876831	 1
1462070114.222	 128.582687	 -1.000000	 15.000000	 -13.245972	 -26.661064	 -12.843433	 1
1462070114.236	 128.591141	 -1.000000	 15.000000	 -13.315353	 -26.868500	 -12.843433	 1
1462070114.256	 128.599472	 -1.000000	 15.000000	 -13.176598	 -26.799362	 -12.910229	 1
1462070114.276	 128.618591	 -1.000000	 15.000000	 -12.899082	 -26.868507	 -12.643028	 1
1462070114.296	 128.631699	 -1.000000	 15.000000	 -13.037840	 -26.661072	 -12.643028	 1
1462070114.317	 128.635635	 -1.000000	 15.000000	 -13.350046	 -26.349915	 -12.542828	 1
1462070114.337	 128.632996	 -1.000000	 15.000000	 -13.245975	 -26.038765	 -12.709827	 1
1462070114.357	 128.631119	 -1.000000	 15.000000	 -13.107216	 -25.831322	 -12.576225	 1
1462070114.378	 128.624329	 -1.000000	 15.000000	 -13.141905	 -25.727608	 -12.676430	 1
1462070114.401	 128.615356	 -1.000000	 15.000000	 -13.245972	 -25.762177	 -12.709827	 1
1462070114.418	 128.608475	 -1.000000	 15.000000	 -13.072525	 -25.935043	 -12.943626	 1
1462070114.439	 128.597214	 -1.000000	 15.000000	 -13.384733	 -25.900467	 -12.843426	 1
1462070114.460	 128.591705	 -1.000000	 15.000000	 -13.280664	 -26.004196	 -12.743225	 1
1462070114.478	 128.586197	 -1.000000	 15.000000	 -13.350044	 -25.935043	 -12.609619	 1
