% Accelerometer data recorded with 'snsrlog'
% 
% Sampling frequency: 100 Hz
% 
% Label description:
% 	 0: Default Label
% 	 1: still_drop
% 	 2: walk_drop
% 	 3: other
% 	 4: dtw_same
% 	 5: dtw_diff
% 	 6: delete
% 
% Column description:
% 	 1: Seconds.milliseconds since 1970
% 	 2: Number of skipped measurements
% 	 3: Acceleration value in x-direction
% 	 4: Acceleration value in y-direction
% 	 5: Acceleration value in z-direction
% 	 6: Label used for the current sample
% 
% 
1462092148.244	 0	 0.097260	 -0.238052	 -0.768265	 2
1462092148.254	 0	 0.088470	 -0.253525	 -0.673294	 2
1462092148.264	 0	 0.095810	 -0.247360	 -0.556213	 2
1462092148.274	 0	 0.088837	 -0.260925	 -0.445496	 2
1462092148.284	 0	 0.141754	 -0.301147	 -0.389465	 2
1462092148.294	 0	 0.140121	 -0.342682	 -0.398590	 2
1462092148.304	 0	 0.125244	 -0.368561	 -0.457596	 2
1462092148.314	 1	 0.094147	 -0.390030	 -0.495392	 2
1462092148.334	 1	 0.032227	 -0.501068	 -0.594528	 2
1462092148.344	 1	 0.017181	 -0.585327	 -0.647079	 2
1462092148.354	 1	 0.066635	 -0.625305	 -0.685318	 2
1462092148.364	 1	 0.119354	 -0.584381	 -0.688400	 2
1462092148.374	 1	 0.130798	 -0.519562	 -0.702530	 2
1462092148.384	 1	 0.173935	 -0.415634	 -0.678909	 2
1462092148.394	 1	 0.187668	 -0.318161	 -0.648727	 2
1462092148.404	 1	 0.176300	 -0.292511	 -0.659332	 2
1462092148.414	 1	 0.181763	 -0.343262	 -0.673767	 2
1462092148.424	 1	 0.197647	 -0.356308	 -0.632782	 2
1462092148.434	 1	 0.244797	 -0.375046	 -0.648224	 2
1462092148.444	 1	 0.240173	 -0.372650	 -0.706924	 2
1462092148.454	 1	 0.245026	 -0.308487	 -0.703964	 2
1462092148.464	 1	 0.275803	 -0.292160	 -0.773209	 2
1462092148.474	 1	 0.324493	 -0.329239	 -0.874741	 2
1462092148.484	 1	 0.357056	 -0.371460	 -0.913300	 2
1462092148.494	 1	 0.391495	 -0.419647	 -0.981735	 2
1462092148.504	 1	 0.416779	 -0.486038	 -1.146301	 2
1462092148.514	 1	 0.431549	 -0.370361	 -1.109375	 2
1462092148.524	 1	 0.416260	 -0.216125	 -0.975891	 2
1462092148.534	 1	 0.383606	 -0.192245	 -0.978821	 2
1462092148.544	 1	 0.347626	 -0.094101	 -0.989853	 2
1462092148.554	 1	 0.409348	 -0.019424	 -1.040817	 2
1462092148.564	 1	 0.487030	 0.055771	 -1.105988	 2
1462092148.574	 1	 0.569290	 0.074066	 -1.210175	 2
1462092148.584	 1	 0.562637	 -0.042953	 -1.294434	 2
1462092148.594	 1	 0.525940	 -0.082321	 -1.294708	 2
1462092148.604	 1	 0.487747	 -0.050064	 -1.206574	 2
1462092148.614	 1	 0.487427	 -0.017761	 -1.042099	 2
1462092148.624	 1	 0.449081	 -0.021561	 -0.871902	 2
1462092148.634	 1	 0.417145	 -0.100983	 -0.707123	 2
1462092148.644	 1	 0.407547	 -0.118225	 -0.588028	 2
1462092148.654	 1	 0.441544	 -0.064575	 -0.455536	 2
1462092148.664	 1	 0.478516	 -0.018768	 -0.323654	 2
1462092148.674	 1	 0.554398	 0.062607	 -0.293549	 2
1462092148.684	 1	 0.600876	 0.169647	 -0.291351	 2
1462092148.694	 1	 0.656921	 0.258209	 -0.301132	 2
1462092148.704	 1	 0.689041	 0.280197	 -0.308426	 2
1462092148.714	 1	 0.678528	 0.268936	 -0.339050	 2
1462092148.724	 1	 0.722351	 0.300934	 -0.318726	 2
1462092148.734	 1	 0.706802	 0.309570	 -0.267288	 2
1462092148.744	 1	 0.692261	 0.337814	 -0.196823	 2
1462092148.754	 1	 0.649048	 0.346191	 -0.120865	 2
1462092148.764	 1	 0.620117	 0.344254	 -0.048462	 2
1462092148.774	 1	 0.622604	 0.366684	 0.017868	 2
1462092148.784	 1	 0.635666	 0.379807	 0.059357	 2
1462092148.794	 1	 0.682816	 0.415604	 0.073868	 2
1462092148.804	 1	 0.701309	 0.544266	 0.064957	 2
1462092148.814	 1	 0.721695	 0.609009	 0.070282	 2
1462092148.824	 1	 0.765717	 0.664780	 0.060654	 2
1462092148.834	 1	 0.803558	 0.708847	 0.037323	 2
1462092148.844	 1	 0.834641	 0.753571	 0.002853	 2
1462092148.854	 1	 0.850510	 0.823273	 -0.011047	 2
1462092148.864	 1	 0.889740	 0.872894	 0.004471	 2
1462092148.874	 1	 0.950714	 0.923630	 0.037003	 2
1462092148.884	 1	 1.009567	 1.001495	 0.078735	 2
1462092148.894	 1	 1.053116	 1.040146	 0.101608	 2
1462092148.904	 1	 1.111511	 1.079147	 0.106277	 2
1462092148.914	 1	 1.182327	 1.091568	 0.115555	 2
1462092148.924	 1	 1.247559	 1.020752	 0.145737	 2
1462092148.934	 1	 1.351486	 1.006729	 0.172348	 2
1462092148.944	 1	 1.443741	 0.997482	 0.211136	 2
1462092148.954	 1	 1.540527	 0.981400	 0.254303	 2
1462092148.964	 1	 1.656967	 0.994797	 0.293137	 2
1462092148.974	 1	 1.770187	 1.017990	 0.335434	 2
1462092148.984	 1	 1.868897	 1.015381	 0.372650	 2
1462092148.994	 1	 1.952362	 0.985550	 0.389282	 2
1462092149.004	 1	 2.009537	 0.912064	 0.379150	 2
1462092149.014	 1	 2.067978	 0.811066	 0.376038	 2
1462092149.024	 1	 2.096863	 0.701294	 0.378494	 2
1462092149.034	 1	 2.064819	 0.606934	 0.401703	 2
1462092149.044	 1	 1.987961	 0.519012	 0.429642	 2
1462092149.054	 1	 1.943283	 0.432831	 0.447845	 2
1462092149.064	 1	 1.852036	 0.307770	 0.452270	 2
1462092149.074	 1	 1.780365	 0.248672	 0.409378	 2
1462092149.084	 1	 1.687622	 0.160507	 0.412750	 2
1462092149.094	 1	 1.565231	 0.144135	 0.417252	 2
1462092149.104	 1	 1.398575	 0.193100	 0.503799	 2
1462092149.114	 1	 1.232285	 0.240250	 0.591019	 2
1462092149.124	 1	 1.145752	 0.293793	 0.584000	 2
1462092149.134	 1	 1.122238	 0.324860	 0.559464	 2
1462092149.144	 1	 1.088257	 0.354797	 0.560059	 2
1462092149.154	 1	 1.034912	 0.442627	 0.617661	 2
1462092149.164	 1	 1.003296	 0.550720	 0.608017	 2
1462092149.174	 1	 1.030533	 0.670547	 0.459900	 2
1462092149.184	 1	 0.984634	 0.812469	 0.338394	 2
1462092149.194	 1	 0.789078	 0.912888	 0.253082	 2
1462092149.204	 1	 0.624481	 0.926254	 0.097870	 2
1462092149.214	 1	 0.509003	 1.002762	 -0.018219	 2
1462092149.224	 1	 0.358719	 0.962936	 -0.076019	 2
1462092149.234	 1	 0.284531	 0.796341	 -0.111404	 2
1462092149.244	 1	 0.306213	 0.655655	 -0.104691	 2
1462092149.254	 1	 0.339035	 0.592072	 -0.040497	 2
1462092149.264	 1	 0.347626	 0.508362	 0.037384	 2
1462092149.274	 1	 0.351852	 0.498795	 0.105560	 2
1462092149.284	 1	 0.384201	 0.428101	 0.125458	 2
1462092149.294	 1	 0.454956	 0.351410	 0.126343	 2
1462092149.304	 1	 0.495193	 0.314590	 0.079605	 2
1462092149.314	 1	 0.539337	 0.346481	 0.028381	 2
1462092149.324	 1	 0.590363	 0.329849	 -0.007751	 2
1462092149.334	 1	 0.641479	 0.301346	 -0.035233	 2
1462092149.344	 1	 0.710037	 0.256546	 -0.100006	 2
1462092149.354	 1	 0.751236	 0.274216	 -0.144028	 2
1462092149.364	 1	 0.736435	 0.249954	 -0.156906	 2
1462092149.374	 1	 0.684937	 0.230957	 -0.147888	 2
1462092149.384	 1	 0.642273	 0.260834	 -0.115936	 2
1462092149.394	 1	 0.616150	 0.270645	 -0.103165	 2
1462092149.404	 1	 0.608383	 0.278671	 -0.073151	 2
1462092149.414	 1	 0.646423	 0.290863	 -0.030792	 2
1462092149.424	 2	 0.658356	 0.312225	 0.030777	 2
1462092149.444	 2	 0.636322	 0.664902	 0.213959	 2
1462092149.454	 2	 0.638107	 0.663818	 0.395050	 2
1462092149.464	 2	 0.666122	 0.646133	 0.647049	 2
1462092149.474	 2	 0.717896	 0.700775	 1.032745	 2
1462092149.484	 2	 0.821671	 0.593643	 1.353241	 2
1462092149.494	 2	 0.883621	 0.600586	 1.397934	 2
1462092149.504	 2	 1.092209	 0.740097	 1.285721	 2
1462092149.514	 2	 1.069626	 0.737030	 0.731735	 2
1462092149.524	 2	 0.969498	 0.736862	 0.394455	 2
1462092149.534	 2	 1.078094	 0.914078	 0.323257	 2
1462092149.544	 2	 1.151642	 1.085938	 0.377701	 2
1462092149.554	 2	 1.181351	 1.118576	 0.345184	 2
1462092149.564	 2	 1.209137	 1.117874	 0.334473	 2
1462092149.574	 2	 1.263062	 1.075043	 0.472733	 2
1462092149.584	 2	 1.295670	 0.962997	 0.565704	 2
1462092149.594	 2	 1.308517	 0.909409	 0.027695	 2
1462092149.604	 2	 1.265930	 1.042358	 -0.216537	 2
1462092149.614	 2	 1.109238	 0.987946	 -0.218170	 2
1462092149.624	 2	 0.968201	 0.968307	 0.119675	 2
1462092149.634	 2	 0.533768	 0.865829	 0.900711	 2
1462092149.644	 2	 0.026611	 0.857147	 0.852829	 2
1462092149.654	 2	 -0.075851	 0.683411	 0.491577	 2
1462092149.664	 2	 0.414124	 0.676620	 0.163239	 2
1462092149.674	 2	 0.765564	 0.576523	 -0.285004	 2
1462092149.684	 2	 0.650040	 0.497986	 -0.415604	 2
1462092149.694	 2	 0.475204	 0.605087	 -0.452194	 2
1462092149.704	 2	 0.393372	 0.717850	 -0.361252	 2
1462092149.714	 2	 0.375076	 0.774368	 -0.235931	 2
1462092149.724	 2	 0.309357	 0.572235	 -0.152847	 2
1462092149.734	 2	 0.261932	 0.391892	 -0.095245	 2
1462092149.744	 2	 0.162735	 0.311234	 -0.045929	 2
1462092149.754	 2	 0.078552	 0.262817	 0.008026	 2
1462092149.764	 2	 0.054611	 0.254120	 0.070480	 2
1462092149.774	 2	 0.042450	 0.286194	 0.201599	 2
1462092149.784	 2	 0.048187	 0.333527	 0.292801	 2
1462092149.794	 2	 0.037354	 0.359009	 0.264984	 2
1462092149.804	 2	 0.017380	 0.321579	 0.123260	 2
1462092149.814	 2	 0.089661	 0.366104	 -0.298767	 2
1462092149.824	 2	 0.070099	 0.352402	 -0.362427	 2
1462092149.834	 2	 0.029007	 0.360092	 -0.288376	 2
1462092149.844	 2	 0.005692	 0.345139	 -0.210403	 2
1462092149.854	 2	 0.020966	 0.508697	 -0.199295	 2
1462092149.864	 2	 0.126572	 0.897446	 -0.168488	 2
1462092149.874	 2	 0.148560	 1.523407	 -0.110657	 2
1462092149.884	 2	 -0.096573	 2.201538	 -0.127731	 2
1462092149.894	 2	 -0.014832	 2.615692	 -0.204086	 2
1462092149.904	 2	 0.011337	 2.647537	 -0.435913	 2
1462092149.914	 2	 0.002625	 2.530014	 -0.600784	 2
1462092149.924	 2	 -0.035797	 2.119995	 -0.586273	 2
1462092149.934	 2	 0.015793	 1.571228	 -0.585556	 2
1462092149.944	 2	 0.009720	 1.620544	 -0.361588	 2
1462092149.954	 2	 0.023468	 1.437759	 -0.006332	 2
1462092149.964	 2	 0.092133	 0.994415	 0.441147	 2
1462092149.974	 2	 0.143661	 0.917282	 0.351730	 2
1462092149.984	 2	 0.282547	 0.670792	 0.549332	 2
1462092149.994	 2	 0.366135	 0.685165	 0.739410	 2
1462092150.004	 2	 0.371658	 0.880920	 0.678268	 2
1462092150.014	 2	 0.356995	 1.139420	 0.431107	 2
1462092150.024	 2	 0.296967	 1.322342	 0.295578	 2
1462092150.034	 2	 0.261795	 1.385376	 0.306381	 2
1462092150.044	 2	 0.268951	 1.446243	 0.463684	 2
1462092150.054	 2	 0.295670	 1.501587	 0.646103	 2
1462092150.064	 2	 0.345688	 1.457489	 0.343201	 2
1462092150.074	 2	 0.300034	 1.399994	 0.218872	 2
1462092150.084	 2	 0.328751	 1.374680	 0.117859	 2
1462092150.094	 2	 0.401291	 1.456451	 0.148575	 2
1462092150.104	 2	 0.514648	 1.462738	 0.284729	 2
1462092150.114	 2	 0.573090	 1.348145	 0.407593	 2
1462092150.124	 2	 0.509598	 1.288467	 0.425842	 2
1462092150.134	 2	 0.323257	 1.353607	 0.379898	 2
1462092150.144	 2	 0.069260	 1.493057	 0.447388	 2
1462092150.154	 2	 -0.130447	 1.593109	 0.584869	 2
1462092150.164	 2	 -0.166840	 1.603561	 0.360458	 2
1462092150.174	 2	 -0.001923	 1.536072	 -0.118790	 2
1462092150.184	 2	 0.184662	 1.472641	 -0.409683	 2
1462092150.194	 2	 0.222473	 1.525833	 -0.408752	 2
1462092150.204	 2	 0.235580	 1.601547	 -0.369385	 2
1462092150.214	 2	 0.166153	 1.741714	 -0.276627	 2
1462092150.224	 2	 0.049377	 1.883759	 -0.059570	 2
1462092150.234	 2	 -0.047455	 1.973831	 0.052475	 2
1462092150.244	 2	 -0.131943	 1.927719	 -0.038300	 2
1462092150.254	 2	 -0.175919	 1.765137	 -0.199219	 2
1462092150.264	 2	 -0.207932	 1.552567	 -0.344131	 2
1462092150.274	 2	 -0.217163	 1.321960	 -0.407120	 2
1462092150.284	 2	 -0.195206	 1.141678	 -0.314880	 2
1462092150.294	 2	 -0.188385	 1.021576	 -0.170380	 2
1462092150.304	 2	 -0.178680	 0.907562	 -0.041702	 2
1462092150.314	 2	 -0.184113	 0.812378	 0.060928	 2
1462092150.324	 2	 -0.188965	 0.729721	 0.100082	 2
1462092150.334	 2	 -0.194199	 0.682785	 0.089355	 2
1462092150.344	 2	 -0.195206	 0.628510	 0.047104	 2
1462092150.354	 2	 -0.141235	 0.519653	 -0.003036	 2
1462092150.364	 2	 0.000916	 0.252487	 -0.087708	 2
1462092150.374	 2	 0.070648	 0.135300	 -0.189133	 2
1462092150.384	 2	 0.003693	 0.274063	 -0.232315	 2
1462092150.394	 2	 -0.103577	 0.429565	 -0.258362	 2
1462092150.404	 2	 -0.151962	 0.497406	 -0.256561	 2
1462092150.414	 2	 -0.150421	 0.470047	 -0.227173	 2
1462092150.424	 2	 -0.096832	 0.404053	 -0.207046	 2
1462092150.434	 2	 -0.083313	 0.369049	 -0.211304	 2
1462092150.444	 2	 -0.139206	 0.341812	 -0.239914	 2
1462092150.454	 2	 -0.218201	 0.371109	 -0.257507	 2
1462092150.464	 2	 -0.262558	 0.375717	 -0.269455	 2
1462092150.474	 2	 -0.287247	 0.380951	 -0.249664	 2
1462092150.484	 2	 -0.311722	 0.416092	 -0.197235	 2
1462092150.494	 2	 -0.322815	 0.486252	 -0.120071	 2
1462092150.504	 2	 -0.294159	 0.630661	 0.014557	 2
1462092150.514	 2	 -0.253632	 0.773026	 0.611679	 2
1462092150.524	 2	 -0.155533	 1.067352	 2.156220	 2
1462092150.534	 2	 0.168655	 1.686050	 3.239716	 2
1462092150.544	 2	 0.227509	 2.236847	 3.597000	 2
1462092150.554	 2	 0.028305	 1.928864	 2.070908	 2
1462092150.564	 2	 0.050201	 1.402283	 0.819138	 2
1462092150.574	 2	 0.181656	 1.205215	 0.349869	 2
1462092150.584	 2	 0.128540	 1.210175	 0.367600	 2
1462092150.594	 2	 -0.142685	 1.141403	 0.319504	 2
1462092150.604	 2	 -0.382950	 1.189560	 0.243622	 2
1462092150.614	 2	 -0.478821	 1.172775	 0.196976	 2
1462092150.624	 2	 -0.443405	 1.107086	 0.166489	 2
1462092150.634	 2	 -0.336487	 0.985458	 0.256760	 2
1462092150.644	 2	 -0.140244	 0.904633	 0.546127	 2
1462092150.654	 2	 0.238968	 1.175125	 0.330261	 2
1462092150.664	 2	 0.293365	 1.395081	 -0.383545	 2
1462092150.674	 2	 0.016449	 1.432846	 -0.553223	 2
1462092150.684	 3	 -0.208649	 1.066513	 -0.449097	 2
1462092150.704	 3	 -0.284592	 0.763153	 -0.310532	 2
1462092150.714	 3	 -0.473557	 0.727386	 0.289307	 2
1462092150.724	 3	 -0.559937	 0.731094	 0.652267	 2
1462092150.734	 3	 -0.424835	 1.014038	 0.070938	 2
1462092150.744	 3	 -0.329895	 1.185867	 -0.452637	 2
1462092150.754	 3	 -0.308456	 1.125046	 -0.503876	 2
1462092150.764	 3	 -0.301971	 1.040375	 -0.488403	 2
1462092150.774	 3	 -0.284653	 0.982651	 -0.492752	 2
1462092150.784	 3	 -0.264206	 0.963074	 -0.497574	 2
1462092150.794	 3	 -0.264572	 1.037872	 -0.432129	 2
1462092150.804	 3	 -0.177460	 1.232346	 -0.060699	 2
1462092150.814	 3	 -0.163040	 1.301407	 0.010269	 2
1462092150.824	 3	 -0.209869	 1.258667	 -0.125580	 2
1462092150.834	 3	 -0.204254	 1.187286	 -0.194107	 2
1462092150.844	 3	 -0.151535	 1.142410	 -0.168106	 2
1462092150.854	 3	 -0.088867	 1.109116	 -0.117569	 2
1462092150.864	 3	 -0.000198	 1.060104	 0.012817	 2
1462092150.874	 3	 0.063766	 1.006378	 0.173599	 2
1462092150.884	 3	 0.113739	 0.959610	 0.213181	 2
1462092150.894	 3	 0.139374	 0.904022	 0.186707	 2
1462092150.904	 3	 0.158630	 0.841629	 0.161316	 2
1462092150.914	 3	 0.158249	 0.793381	 0.113007	 2
1462092150.924	 3	 0.113785	 0.783447	 0.051025	 2
1462092150.934	 3	 0.108063	 0.789475	 0.069916	 2
1462092150.944	 3	 0.095871	 0.810272	 0.045761	 2
1462092150.954	 3	 0.059967	 0.818390	 0.001068	 2
1462092150.964	 3	 0.041702	 0.811462	 -0.032272	 2
1462092150.974	 3	 0.043411	 0.819168	 -0.026505	 2
1462092150.984	 3	 0.037964	 0.840729	 0.056351	 2
1462092150.994	 3	 0.025208	 0.890610	 0.182388	 2
1462092151.004	 3	 0.015427	 0.934540	 0.263290	 2
1462092151.014	 3	 0.014114	 0.961670	 0.244781	 2
1462092151.024	 3	 0.023911	 0.999603	 0.158646	 2
1462092151.034	 3	 0.063293	 1.028519	 0.074890	 2
1462092151.044	 3	 0.108200	 1.038406	 0.018417	 2
1462092151.054	 3	 0.136169	 1.040680	 -0.002090	 2
1462092151.064	 3	 0.162186	 1.082367	 0.009598	 2
1462092151.074	 3	 0.205109	 1.180023	 0.062836	 2
1462092151.084	 3	 0.244949	 1.298706	 0.151138	 2
1462092151.094	 3	 0.260880	 1.401306	 0.205460	 2
1462092151.104	 3	 0.254028	 1.477310	 0.224167	 2
1462092151.114	 3	 0.237442	 1.517960	 0.225739	 2
1462092151.124	 3	 0.223465	 1.540741	 0.214584	 2
1462092151.134	 3	 0.221695	 1.560928	 0.188629	 2
1462092151.144	 3	 0.237579	 1.593826	 0.171692	 2
1462092151.154	 3	 0.275650	 1.613983	 0.218521	 2
1462092151.164	 3	 0.335113	 1.599747	 0.358780	 2
1462092151.174	 3	 0.390274	 1.467651	 0.503128	 2
1462092151.184	 3	 0.303055	 1.482864	 0.489120	 2
1462092151.194	 3	 0.185898	 1.469360	 0.543304	 2
1462092151.204	 3	 0.034470	 1.404617	 0.643982	 2
1462092151.214	 3	 -0.098007	 1.355331	 0.589508	 2
1462092151.224	 3	 -0.149918	 1.425507	 0.275696	 2
1462092151.234	 3	 0.016861	 1.597809	 -0.193314	 2
1462092151.244	 3	 0.173203	 1.519791	 -0.346405	 2
1462092151.254	 3	 0.133270	 1.403549	 -0.297516	 2
1462092151.264	 3	 0.108429	 1.408035	 -0.253067	 2
1462092151.274	 3	 0.055191	 1.454208	 -0.230011	 2
1462092151.294	 4	 -0.157425	 1.688232	 -0.007431	 2
1462092151.304	 4	 -0.282730	 1.614578	 -0.061890	 2
1462092151.314	 4	 -0.293213	 1.567673	 -0.207977	 2
1462092151.324	 4	 -0.334869	 1.413605	 -0.457352	 2
1462092151.334	 4	 -0.324310	 1.239822	 -0.619385	 2
1462092151.344	 4	 -0.259384	 1.111465	 -0.647034	 2
1462092151.354	 4	 -0.206802	 1.056534	 -0.510376	 2
1462092151.364	 4	 -0.133865	 1.023407	 -0.222214	 2
1462092151.374	 4	 -0.088364	 0.944031	 0.134033	 2
1462092151.384	 4	 -0.073105	 0.805588	 0.451233	 2
1462092151.394	 4	 -0.085846	 0.642929	 0.601593	 2
1462092151.404	 4	 -0.087799	 0.450089	 0.491531	 2
1462092151.414	 4	 -0.077393	 0.272125	 0.253525	 2
1462092151.424	 4	 -0.082321	 0.300171	 0.115631	 2
1462092151.434	 4	 -0.107391	 0.455475	 0.038849	 2
1462092151.444	 4	 -0.119232	 0.518524	 -0.073135	 2
1462092151.454	 4	 -0.121429	 0.519592	 -0.160812	 2
1462092151.464	 4	 -0.137726	 0.506180	 -0.212204	 2
1462092151.474	 4	 -0.139389	 0.482132	 -0.226334	 2
1462092151.484	 4	 -0.138382	 0.458282	 -0.211014	 2
1462092151.494	 4	 -0.143982	 0.439560	 -0.181885	 2
1462092151.504	 4	 -0.167175	 0.425034	 -0.162338	 2
1462092151.514	 4	 -0.193481	 0.417877	 -0.157242	 2
1462092151.524	 4	 -0.201797	 0.413330	 -0.165863	 2
1462092151.534	 4	 -0.197296	 0.428513	 -0.147064	 2
1462092151.544	 4	 -0.189636	 0.484940	 -0.103638	 2
1462092151.554	 4	 -0.184814	 0.584717	 -0.005417	 2
1462092151.564	 4	 -0.204819	 0.699570	 0.297104	 2
1462092151.574	 4	 -0.246231	 0.898575	 0.985489	 2
1462092151.584	 4	 -0.079102	 1.305649	 1.663025	 2
1462092151.594	 4	 0.403214	 1.866760	 3.313034	 2
1462092151.604	 4	 0.391815	 1.941177	 3.068176	 2
1462092151.614	 4	 0.145950	 1.563004	 1.271683	 2
1462092151.624	 4	 0.276932	 1.396896	 0.667221	 2
1462092151.634	 4	 0.355804	 1.440048	 0.462585	 2
1462092151.644	 4	 0.150925	 1.335525	 0.431320	 2
1462092151.654	 4	 -0.055008	 1.307190	 0.467255	 2
1462092151.664	 4	 -0.226929	 1.331375	 0.409866	 2
1462092151.674	 4	 -0.360916	 1.296692	 0.333099	 2
1462092151.684	 4	 -0.392700	 1.275803	 0.394058	 2
1462092151.694	 4	 -0.304626	 1.271866	 0.557129	 2
1462092151.704	 4	 0.027298	 1.326111	 0.434433	 2
1462092151.714	 4	 0.291061	 1.332626	 0.111954	 2
1462092151.724	 4	 0.314774	 1.299637	 -0.128555	 2
1462092151.734	 4	 0.000656	 0.990372	 -0.547668	 2
1462092151.744	 4	 -0.297760	 0.781616	 -0.541244	 2
1462092151.754	 4	 -0.407089	 0.860321	 -0.075165	 2
1462092151.764	 4	 -0.485184	 0.737915	 0.311584	 2
1462092151.774	 4	 -0.286057	 0.954330	 -0.330032	 2
1462092151.784	 5	 -0.247894	 0.860321	 -0.405655	 2
1462092151.804	 5	 -0.285995	 0.905441	 -0.394928	 2
1462092151.814	 5	 -0.313797	 0.923752	 -0.359528	 2
1462092151.824	 5	 -0.259445	 0.986115	 -0.268005	 2
1462092151.834	 5	 -0.153381	 0.991486	 -0.190674	 2
1462092151.844	 5	 -0.129623	 1.060120	 -0.219238	 2
1462092151.854	 5	 -0.180801	 1.168594	 -0.227234	 2
1462092151.874	 6	 -0.123764	 1.237549	 -0.023727	 2
1462092151.884	 6	 -0.034866	 1.175308	 0.083252	 2
1462092151.894	 6	 0.023788	 1.084412	 0.183548	 2
1462092151.904	 6	 0.053223	 1.018539	 0.284851	 2
1462092151.914	 6	 0.076752	 0.966660	 0.325287	 2
1462092151.924	 6	 0.078781	 0.906265	 0.278503	 2
1462092151.934	 6	 0.069809	 0.862488	 0.195129	 2
1462092151.944	 6	 0.058121	 0.840408	 0.081985	 2
1462092151.954	 6	 0.041306	 0.825790	 0.002823	 2
1462092151.964	 6	 0.034897	 0.819443	 -0.036438	 2
1462092151.974	 6	 0.026581	 0.831345	 -0.054428	 2
1462092151.984	 6	 0.029556	 0.855255	 -0.042252	 2
1462092151.994	 6	 0.026733	 0.878159	 -0.041840	 2
1462092152.004	 6	 0.030548	 0.894775	 -0.057678	 2
1462092152.014	 6	 0.033127	 0.928070	 -0.081757	 2
1462092152.024	 6	 0.048019	 0.952881	 -0.081787	 2
1462092152.034	 6	 0.065765	 0.947449	 -0.029022	 2
1462092152.044	 6	 0.084030	 0.949493	 0.063309	 2
1462092152.054	 6	 0.090775	 0.951996	 0.155807	 2
1462092152.064	 6	 0.082184	 0.950806	 0.237457	 2
1462092152.074	 6	 0.055710	 0.935425	 0.304214	 2
1462092152.084	 6	 0.018875	 0.912338	 0.373962	 2
1462092152.094	 6	 -0.009415	 0.895508	 0.365524	 2
1462092152.104	 6	 -0.009995	 0.890091	 0.295441	 2
1462092152.114	 6	 0.008057	 0.964066	 0.244247	 2
1462092152.124	 6	 0.056671	 1.071518	 0.059952	 2
1462092152.134	 6	 0.114212	 1.188782	 -0.061218	 2
1462092152.144	 6	 0.168549	 1.301086	 -0.113831	 2
1462092152.154	 6	 0.209320	 1.371323	 -0.129196	 2
1462092152.164	 6	 0.214767	 1.412460	 -0.119904	 2
1462092152.174	 6	 0.210342	 1.453690	 -0.049698	 2
1462092152.184	 6	 0.211624	 1.496246	 0.095535	 2
1462092152.194	 6	 0.217239	 1.516159	 0.225281	 2
1462092152.204	 6	 0.250702	 1.509949	 0.304123	 2
1462092152.214	 6	 0.306412	 1.450073	 0.414673	 2
1462092152.234	 7	 0.395920	 1.377960	 0.822327	 2
1462092152.244	 7	 0.393387	 1.376053	 0.710983	 2
1462092152.254	 7	 0.326736	 1.420883	 0.487305	 2
1462092152.264	 7	 0.226654	 1.453201	 0.279648	 2
1462092152.274	 7	 0.152542	 1.427841	 0.296204	 2
1462092152.284	 7	 0.076553	 1.394440	 0.443497	 2
1462092152.294	 7	 -0.004517	 1.424271	 0.388123	 2
1462092152.304	 7	 -0.026535	 1.446426	 0.051575	 2
1462092152.314	 7	 0.006683	 1.499329	 -0.237595	 2
1462092152.324	 7	 0.115845	 1.496262	 -0.361191	 2
1462092152.334	 7	 0.137207	 1.491226	 -0.331375	 2
1462092152.344	 7	 0.080780	 1.606018	 -0.186905	 2
1462092152.354	 7	 -0.027740	 1.660690	 -0.046570	 2
1462092152.364	 7	 -0.156052	 1.646545	 -0.172211	 2
1462092152.374	 7	 -0.158157	 1.611115	 -0.322983	 2
1462092152.384	 7	 -0.195892	 1.569901	 -0.390823	 2
1462092152.394	 7	 -0.280594	 1.419525	 -0.302155	 2
1462092152.404	 7	 -0.315506	 1.268890	 -0.103912	 2
1462092152.414	 7	 -0.299164	 1.164413	 0.101883	 2
1462092152.424	 7	 -0.265350	 1.025848	 0.228424	 2
1462092152.434	 7	 -0.226639	 0.892807	 0.326721	 2
1462092152.444	 7	 -0.185623	 0.790192	 0.322235	 2
1462092152.454	 7	 -0.158615	 0.724274	 0.243683	 2
1462092152.464	 7	 -0.166275	 0.686462	 0.117279	 2
1462092152.474	 7	 -0.193024	 0.714813	 -0.007690	 2
1462092152.484	 7	 -0.208054	 0.693604	 -0.102997	 2
1462092152.494	 7	 -0.210266	 0.621490	 -0.167419	 2
1462092152.504	 7	 -0.216110	 0.570984	 -0.210571	 2
1462092152.514	 7	 -0.227798	 0.529694	 -0.220596	 2
1462092152.524	 7	 -0.235107	 0.487701	 -0.208817	 2
1462092152.534	 8	 -0.235901	 0.445633	 -0.182281	 2
1462092152.554	 8	 -0.243515	 0.386292	 -0.125565	 2
1462092152.564	 8	 -0.263428	 0.371048	 -0.111954	 2
1462092152.574	 8	 -0.290451	 0.366943	 -0.105652	 2
1462092152.584	 8	 -0.308746	 0.384460	 -0.095901	 2
1462092152.594	 8	 -0.315231	 0.406479	 -0.077652	 2
1462092152.604	 8	 -0.295059	 0.436462	 -0.065292	 2
1462092152.614	 8	 -0.247559	 0.460754	 -0.003143	 2
1462092152.624	 8	 -0.255005	 0.512711	 0.187332	 2
1462092152.634	 8	 -0.256119	 0.641739	 0.516602	 2
1462092152.644	 8	 -0.204422	 0.791016	 1.080139	 2
1462092152.654	 8	 0.043549	 1.219513	 1.997253	 2
1462092152.664	 8	 0.332504	 1.730469	 2.979355	 2
1462092152.674	 8	 0.393860	 1.631790	 2.673279	 2
1462092152.684	 8	 0.372543	 1.422684	 1.348099	 2
1462092152.694	 8	 0.431946	 1.489899	 0.862000	 2
1462092152.704	 8	 0.357727	 1.515305	 0.651154	 2
1462092152.714	 8	 0.118485	 1.366699	 0.624573	 2
1462092152.724	 8	 -0.074982	 1.391998	 0.610565	 2
1462092152.734	 8	 -0.224945	 1.386597	 0.465912	 2
1462092152.744	 8	 -0.215027	 1.306229	 0.246109	 2
1462092152.754	 8	 -0.136749	 1.283310	 0.157394	 2
1462092152.764	 8	 -0.259613	 1.371185	 0.370102	 2
1462092152.774	 8	 -0.167664	 1.519623	 0.369873	 2
1462092152.794	 9	 0.300995	 1.122864	 -0.265961	 2
1462092152.804	 9	 0.080093	 0.993149	 -0.571075	 2
1462092152.814	 9	 -0.132858	 0.993881	 -0.478714	 2
1462092152.824	 9	 -0.297134	 0.836350	 -0.016861	 2
1462092152.844	 10	 -0.502899	 0.769272	 -0.020905	 2
1462092152.854	 10	 -0.362183	 0.764542	 -0.210678	 2
1462092152.864	 10	 -0.194962	 0.826828	 -0.397552	 2
1462092152.874	 10	 -0.182663	 0.853760	 -0.411728	 2
1462092152.884	 10	 -0.214172	 0.893585	 -0.359222	 2
1462092152.894	 10	 -0.196121	 0.891235	 -0.160690	 2
1462092152.904	 10	 -0.134796	 0.855530	 0.020096	 2
1462092152.914	 10	 -0.103531	 0.904877	 -0.000183	 2
1462092152.924	 10	 -0.161285	 1.021912	 -0.155411	 2
1462092152.934	 10	 -0.196335	 1.143631	 -0.115784	 2
1462092152.944	 10	 -0.159134	 1.160339	 0.038986	 2
1462092152.954	 10	 -0.101089	 1.140320	 0.136353	 2
1462092152.964	 10	 -0.064224	 1.114502	 0.166794	 2
1462092152.974	 10	 -0.048126	 1.091232	 0.172028	 2
1462092152.984	 10	 -0.022034	 1.055862	 0.169296	 2
1462092152.994	 10	 0.015610	 1.005493	 0.157318	 2
1462092153.004	 10	 0.042862	 0.961945	 0.133942	 2
1462092153.014	 10	 0.059860	 0.930603	 0.099915	 2
1462092153.024	 10	 0.066986	 0.894318	 0.082870	 2
1462092153.034	 10	 0.068359	 0.859619	 0.085678	 2
1462092153.044	 10	 0.052551	 0.828934	 0.070175	 2
1462092153.054	 10	 0.027328	 0.823883	 0.044693	 2
1462092153.064	 10	 0.015366	 0.829880	 0.014252	 2
1462092153.074	 10	 0.012497	 0.840393	 -0.026352	 2
1462092153.084	 10	 0.010941	 0.852493	 -0.051163	 2
1462092153.094	 10	 0.015930	 0.868027	 -0.055634	 2
1462092153.104	 10	 0.028275	 0.890152	 -0.060684	 2
1462092153.114	 10	 0.027344	 0.858200	 -0.020584	 2
1462092153.124	 10	 0.018127	 0.866974	 0.034302	 2
1462092153.134	 10	 0.012711	 0.862061	 0.069260	 2
1462092153.144	 10	 0.004730	 0.864914	 0.071548	 2
1462092153.154	 10	 0.002151	 0.874512	 0.072601	 2
1462092153.164	 10	 0.013153	 0.891647	 0.089706	 2
1462092153.174	 10	 0.016830	 0.915253	 0.134857	 2
1462092153.184	 10	 0.021149	 0.971497	 0.183899	 2
1462092153.194	 10	 0.066467	 1.080841	 0.181625	 2
1462092153.204	 10	 0.120346	 1.214020	 0.182587	 2
1462092153.214	 10	 0.175522	 1.291626	 0.197739	 2
1462092153.224	 10	 0.245087	 1.332993	 0.204407	 2
1462092153.234	 10	 0.264725	 1.389282	 0.205276	 2
1462092153.244	 10	 0.250259	 1.437424	 0.206131	 2
1462092153.254	 10	 0.228256	 1.498123	 0.244461	 2
1462092153.264	 10	 0.207489	 1.543976	 0.338669	 2
1462092153.274	 10	 0.205032	 1.532349	 0.454544	 2
1462092153.284	 10	 0.230392	 1.501617	 0.525787	 2
1462092153.294	 10	 0.253479	 1.488800	 0.544189	 2
1462092153.304	 10	 0.268402	 1.516602	 0.626083	 2
1462092153.314	 10	 0.290604	 1.530991	 0.653824	 2
1462092153.324	 10	 0.295197	 1.492828	 0.589127	 2
1462092153.344	 11	 0.200592	 1.492752	 0.311218	 2
1462092153.354	 11	 0.125336	 1.429718	 0.334213	 2
1462092153.364	 11	 -0.001877	 1.377151	 0.335602	 2
1462092153.374	 11	 -0.062973	 1.421082	 0.022202	 2
1462092153.384	 11	 0.033508	 1.502991	 -0.375748	 2
1462092153.394	 11	 0.194092	 1.456329	 -0.572769	 2
1462092153.404	 11	 0.174515	 1.483521	 -0.499725	 2
1462092153.414	 11	 0.088913	 1.568527	 -0.368973	 2
1462092153.424	 11	 -0.061386	 1.611359	 -0.183670	 2
1462092153.434	 11	 -0.216476	 1.653168	 0.020386	 2
1462092153.444	 11	 -0.279984	 1.589218	 -0.043900	 2
1462092153.454	 11	 -0.296021	 1.501572	 -0.233978	 2
1462092153.464	 11	 -0.308304	 1.464645	 -0.316406	 2
1462092153.474	 11	 -0.289749	 1.415771	 -0.260132	 2
1462092153.484	 11	 -0.251205	 1.269241	 -0.059998	 2
1462092153.494	 11	 -0.165833	 1.050751	 0.232895	 2
1462092153.504	 11	 -0.090103	 0.934174	 0.358459	 2
1462092153.514	 11	 -0.085709	 0.806030	 0.306000	 2
1462092153.524	 11	 -0.098511	 0.765350	 0.192780	 2
1462092153.534	 11	 -0.121140	 0.791061	 0.080322	 2
1462092153.544	 11	 -0.174133	 0.828293	 -0.005325	 2
1462092153.554	 11	 -0.221832	 0.865341	 -0.057907	 2
1462092153.564	 11	 -0.196152	 0.785492	 -0.198380	 2
1462092153.574	 11	 -0.141632	 0.680344	 -0.237366	 2
1462092153.584	 11	 -0.103683	 0.610367	 -0.238937	 2
1462092153.604	 12	 -0.057083	 0.437408	 -0.249054	 2
1462092153.614	 12	 -0.075363	 0.343307	 -0.246460	 2
1462092153.624	 12	 -0.116165	 0.261826	 -0.243393	 2
1462092153.634	 12	 -0.177612	 0.230042	 -0.230499	 2
1462092153.644	 12	 -0.238937	 0.263611	 -0.181885	 2
1462092153.654	 12	 -0.294296	 0.375565	 -0.140503	 2
1462092153.664	 12	 -0.339432	 0.503647	 -0.127502	 2
1462092153.674	 13	 -0.388443	 0.587158	 -0.112915	 2
1462092153.694	 13	 -0.393585	 0.742966	 -0.013199	 2
1462092153.704	 13	 -0.382401	 0.813599	 0.182465	 2
1462092153.714	 13	 -0.349609	 0.905640	 0.519409	 2
1462092153.724	 13	 -0.269928	 1.015198	 1.106003	 2
1462092153.734	 13	 -0.041000	 1.265625	 2.158615	 2
1462092153.744	 13	 0.202271	 1.816940	 4.085922	 2
1462092153.754	 13	 0.117783	 1.756424	 2.472916	 2
1462092153.764	 13	 -0.032944	 1.485153	 1.357254	 2
1462092153.774	 13	 -0.001694	 1.169357	 0.475723	 2
1462092153.784	 13	 0.029205	 1.269836	 0.159790	 2
1462092153.794	 13	 -0.115646	 1.203629	 0.255631	 2
1462092153.804	 13	 -0.242279	 1.198776	 0.357147	 2
1462092153.814	 13	 -0.326782	 1.223709	 0.412247	 2
1462092153.824	 13	 -0.348694	 1.181305	 0.352860	 2
1462092153.834	 13	 -0.284119	 1.181870	 0.254135	 2
1462092153.844	 13	 -0.174637	 1.270218	 0.529327	 2
1462092153.854	 14	 0.067230	 1.430298	 0.761261	 2
1462092153.874	 14	 0.252579	 0.994431	 -0.136734	 2
1462092153.884	 14	 -0.090088	 0.813049	 -0.726166	 2
1462092153.894	 14	 -0.314239	 0.985764	 -0.805740	 2
1462092153.904	 14	 -0.528168	 0.960434	 -0.223251	 2
1462092153.914	 14	 -0.655716	 0.719421	 0.365707	 2
1462092153.924	 14	 -0.474991	 0.923660	 -0.332626	 2
1462092153.934	 14	 -0.399429	 0.892517	 -0.487274	 2
1462092153.954	 15	 -0.471237	 0.945923	 -0.485077	 2
1462092153.964	 15	 -0.431595	 0.965149	 -0.108582	 2
1462092153.974	 15	 -0.315308	 0.946777	 0.060211	 2
1462092153.984	 15	 -0.337540	 1.047058	 -0.096176	 2
1462092153.994	 15	 -0.361755	 1.159119	 -0.254486	 2
1462092154.004	 15	 -0.281677	 1.223892	 -0.296417	 2
1462092154.014	 15	 -0.170166	 1.258026	 -0.261490	 2
1462092154.024	 15	 -0.083420	 1.249893	 -0.204758	 2
1462092154.034	 15	 -0.016342	 1.215591	 -0.101440	 2
1462092154.044	 15	 0.029510	 1.168762	 0.029724	 2
1462092154.054	 15	 0.080246	 1.120026	 0.113632	 2
1462092154.064	 16	 0.117279	 1.054108	 0.154404	 2
1462092154.084	 16	 0.157150	 0.902039	 0.166733	 2
1462092154.094	 16	 0.138580	 0.860336	 0.203583	 2
1462092154.104	 16	 0.076431	 0.829651	 0.218735	 2
1462092154.114	 16	 0.024475	 0.826248	 0.209900	 2
1462092154.134	 17	 -0.066910	 0.851074	 0.012772	 2
1462092154.144	 17	 -0.162384	 0.804047	 -0.067047	 2
1462092154.154	 17	 -0.092850	 0.888992	 -0.075073	 2
1462092154.164	 17	 -0.055969	 0.881622	 -0.045731	 2
1462092154.174	 17	 -0.018082	 0.847336	 -0.023346	 2
1462092154.184	 17	 0.013428	 0.847321	 -0.009567	 2
1462092154.204	 18	 0.028351	 0.837570	 0.085861	 2
1462092154.214	 18	 0.087585	 0.897385	 0.342560	 2
1462092154.224	 19	 0.107681	 0.965210	 0.361633	 2
1462092154.244	 19	 0.071686	 1.005005	 0.057678	 2
1462092154.254	 19	 0.060181	 1.000946	 0.023804	 2
1462092154.264	 19	 0.060226	 1.027039	 0.037842	 2
1462092154.274	 19	 0.098526	 1.089127	 0.062958	 2
1462092154.284	 19	 0.138962	 1.176331	 0.086807	 2
1462092154.304	 20	 0.152512	 1.329376	 0.079468	 2
1462092154.314	 20	 0.154037	 1.374756	 0.066727	 2
1462092154.324	 20	 0.171890	 1.424759	 0.100281	 2
1462092154.334	 20	 0.224579	 1.488770	 0.151672	 2
1462092154.344	 20	 0.282089	 1.538574	 0.198502	 2
1462092154.354	 20	 0.355988	 1.563980	 0.246124	 2
1462092154.364	 20	 0.447632	 1.566086	 0.334106	 2
1462092154.374	 20	 0.522629	 1.485611	 0.468948	 2
1462092154.384	 20	 0.514984	 1.391647	 0.560959	 2
1462092154.394	 20	 0.447830	 1.421997	 0.546265	 2
1462092154.404	 20	 0.339951	 1.455963	 0.445816	 2
1462092154.414	 20	 0.276779	 1.428665	 0.407654	 2
1462092154.424	 20	 0.196091	 1.419861	 0.517105	 2
1462092154.434	 20	 0.034485	 1.340393	 0.565140	 2
1462092154.444	 20	 -0.043640	 1.313690	 0.280060	 2
1462092154.454	 20	 -0.038651	 1.399643	 -0.106186	 2
1462092154.464	 20	 0.086090	 1.469818	 -0.343506	 2
1462092154.474	 20	 0.169846	 1.407074	 -0.406448	 2
1462092154.484	 20	 0.134460	 1.316971	 -0.334534	 2
1462092154.494	 20	 0.056900	 1.342011	 -0.179947	 2
1462092154.504	 20	 0.024216	 1.469009	 0.029083	 2
1462092154.514	 20	 -0.019333	 1.517960	 0.070511	 2
1462092154.524	 20	 -0.150269	 1.437515	 -0.108215	 2
1462092154.534	 20	 -0.228394	 1.466141	 -0.178696	 2
1462092154.544	 20	 -0.278061	 1.492096	 -0.238052	 2
1462092154.554	 20	 -0.290054	 1.434280	 -0.246262	 2
1462092154.564	 20	 -0.239716	 1.303604	 -0.157761	 2
1462092154.574	 20	 -0.160614	 1.164871	 -0.018417	 2
1462092154.584	 20	 -0.082260	 1.005295	 0.118240	 2
1462092154.594	 20	 -0.051270	 0.867020	 0.164185	 2
1462092154.604	 20	 -0.045502	 0.862579	 0.192184	 2
1462092154.614	 20	 -0.057358	 0.802902	 0.122726	 2
1462092154.624	 20	 -0.078629	 0.745865	 0.039047	 2
1462092154.634	 20	 -0.095139	 0.728943	 -0.020981	 2
1462092154.644	 20	 -0.096451	 0.689926	 -0.092194	 2
1462092154.654	 20	 -0.094086	 0.517593	 -0.157593	 2
1462092154.664	 20	 -0.104691	 0.418915	 -0.153168	 2
1462092154.674	 20	 -0.108627	 0.339859	 -0.125641	 2
1462092154.684	 20	 -0.038818	 0.290726	 -0.199234	 2
1462092154.694	 20	 -0.007660	 0.342575	 -0.220688	 2
1462092154.704	 20	 -0.016006	 0.395050	 -0.179138	 2
1462092154.714	 20	 -0.017563	 0.391510	 -0.142258	 2
1462092154.724	 20	 -0.075775	 0.453613	 -0.117401	 2
1462092154.734	 20	 -0.180664	 0.508179	 -0.086823	 2
1462092154.744	 20	 -0.237366	 0.568451	 -0.029602	 2
1462092154.754	 20	 -0.309677	 0.645386	 0.020645	 2
1462092154.764	 20	 -0.314575	 0.615616	 0.079041	 2
1462092154.774	 20	 -0.347504	 0.607040	 0.307693	 2
1462092154.784	 20	 -0.393051	 0.665024	 0.640594	 2
1462092154.794	 20	 -0.169296	 1.019150	 1.453705	 2
1462092154.804	 20	 0.321716	 1.402023	 2.738815	 2
1462092154.814	 20	 0.586563	 1.604202	 3.113220	 2
1462092154.824	 20	 0.503510	 1.660995	 1.430481	 2
1462092154.834	 20	 0.671982	 1.428970	 0.538254	 2
1462092154.844	 20	 0.741043	 1.238434	 0.355179	 2
1462092154.854	 20	 0.608139	 1.342972	 0.414581	 2
1462092154.864	 20	 0.306473	 1.365646	 0.474243	 2
1462092154.874	 20	 0.008713	 1.437912	 0.461151	 2
1462092154.884	 20	 -0.201874	 1.551163	 0.416458	 2
1462092154.894	 20	 -0.248184	 1.563736	 0.429214	 2
1462092154.904	 20	 -0.120605	 1.506760	 0.382278	 2
1462092154.914	 20	 0.147034	 1.511078	 0.399612	 2
1462092154.924	 20	 0.399124	 1.489166	 0.285950	 2
1462092154.934	 20	 0.480698	 1.320221	 0.343857	 2
1462092154.944	 20	 0.197906	 0.993942	 -0.122864	 2
1462092154.954	 20	 -0.099701	 0.963058	 -0.636597	 2
1462092154.964	 20	 -0.235992	 0.940643	 -0.691467	 2
1462092154.974	 20	 -0.421829	 0.958466	 -0.364731	 2
1462092154.984	 20	 -0.379089	 1.029007	 -0.139069	 2
1462092154.994	 20	 -0.335861	 1.081009	 -0.477249	 2
1462092155.004	 20	 -0.291046	 1.114304	 -0.542755	 2
1462092155.014	 20	 -0.118713	 1.046570	 -0.555115	 2
1462092155.024	 20	 0.009888	 1.001297	 -0.462753	 2
1462092155.034	 20	 0.057877	 0.988068	 -0.258881	 2
1462092155.044	 20	 0.150772	 0.996292	 -0.019135	 2
1462092155.054	 20	 0.180069	 0.998764	 0.178268	 2
1462092155.064	 20	 0.145813	 1.098053	 0.248947	 2
1462092155.074	 20	 0.080170	 1.206833	 0.140732	 2
1462092155.084	 20	 -0.000992	 1.286453	 -0.014954	 2
1462092155.094	 20	 -0.025192	 1.314102	 -0.129868	 2
1462092155.104	 20	 0.007248	 1.242004	 -0.126877	 2
1462092155.114	 20	 0.072556	 1.016052	 -0.078796	 2
1462092155.124	 20	 0.253311	 0.987350	 0.007339	 2
1462092155.134	 20	 0.369873	 0.915283	 0.009888	 2
1462092155.144	 20	 0.415146	 0.800552	 0.036850	 2
1462092155.154	 20	 0.429031	 0.794403	 0.110138	 2
1462092155.164	 20	 0.389496	 0.780090	 0.109482	 2
1462092155.174	 20	 0.344360	 0.829071	 0.141388	 2
1462092155.184	 20	 0.340820	 0.885239	 0.143875	 2
1462092155.194	 20	 0.370407	 0.867401	 0.116852	 2
1462092155.204	 20	 0.345963	 0.914185	 0.079987	 2
1462092155.214	 20	 0.319794	 0.894531	 0.017792	 2
1462092155.224	 20	 0.322617	 0.903625	 0.010712	 2
1462092155.234	 20	 0.347885	 0.917053	 0.052383	 2
1462092155.244	 20	 0.345978	 0.902237	 0.035599	 2
1462092155.254	 20	 0.364334	 0.934250	 0.079697	 2
1462092155.264	 20	 0.413620	 1.007523	 0.118118	 2
1462092155.274	 20	 0.386520	 1.030777	 0.145737	 2
1462092155.284	 20	 0.367615	 1.025803	 0.168396	 2
1462092155.294	 20	 0.407105	 1.003738	 0.187637	 2
1462092155.304	 20	 0.403427	 0.958481	 0.196335	 2
1462092155.314	 20	 0.420410	 0.982620	 0.221252	 2
1462092155.324	 20	 0.524780	 1.033051	 0.198837	 2
1462092155.334	 20	 0.591019	 1.074036	 0.124207	 2
1462092155.344	 20	 0.679810	 1.066269	 0.114853	 2
1462092155.354	 20	 0.741653	 1.051651	 0.103424	 2
1462092155.364	 20	 0.863892	 1.283600	 0.245377	 2
1462092155.374	 20	 0.958542	 1.208054	 0.267838	 2
1462092155.384	 20	 0.936203	 1.206680	 0.149780	 2
1462092155.394	 20	 0.891068	 1.118240	 0.059753	 2
1462092155.404	 20	 0.937927	 1.019363	 0.028870	 2
1462092155.414	 20	 0.975784	 0.999374	 0.092728	 2
1462092155.424	 20	 1.045776	 1.040436	 0.117691	 2
1462092155.434	 20	 0.986160	 1.021500	 0.151062	 2
1462092155.444	 20	 0.867950	 0.987824	 0.171783	 2
1462092155.454	 20	 0.843735	 0.901382	 0.152008	 2
1462092155.464	 20	 0.935852	 0.974396	 0.095108	 2
1462092155.474	 20	 0.916794	 0.963333	 0.089188	 2
1462092155.484	 20	 0.831512	 0.921234	 0.025040	 2
1462092155.494	 20	 0.805618	 0.865692	 -0.015747	 2
1462092155.504	 20	 0.840164	 0.936371	 -0.078140	 2
1462092155.514	 20	 0.848328	 0.974518	 -0.160217	 2
1462092155.524	 20	 0.736542	 0.861282	 -0.410126	 2
1462092155.534	 20	 0.583588	 0.715027	 -0.578186	 2
1462092155.544	 20	 0.405121	 0.549759	 -0.564102	 2
1462092155.554	 20	 0.174606	 0.338608	 -0.681335	 2
1462092155.564	 20	 0.189117	 0.412933	 -0.591537	 2
1462092155.574	 20	 0.390274	 0.709702	 -0.340897	 2
1462092155.584	 20	 0.509857	 0.799911	 -0.212357	 2
1462092155.594	 20	 0.543655	 0.663101	 -0.091095	 2
1462092155.604	 20	 0.599426	 0.461411	 0.016403	 2
1462092155.614	 20	 0.720032	 0.278290	 0.110748	 2
1462092155.624	 20	 0.835587	 0.114120	 0.157547	 2
1462092155.634	 20	 0.961456	 0.014648	 0.152603	 2
1462092155.644	 20	 1.127884	 -0.022446	 0.205566	 2
1462092155.654	 20	 1.206100	 0.029373	 0.097015	 2
1462092155.664	 20	 1.215073	 0.137390	 -0.024704	 2
1462092155.674	 20	 1.190231	 0.242218	 -0.166382	 2
1462092155.684	 20	 1.081161	 0.329437	 -0.475784	 2
1462092155.694	 20	 1.096619	 0.307129	 -0.375488	 2
1462092155.704	 20	 1.037476	 0.392593	 -0.328384	 2
1462092155.714	 20	 1.048004	 0.166595	 -0.197189	 2
1462092155.724	 20	 0.963013	 -0.012680	 -0.125168	 2
1462092155.734	 20	 1.032394	 -0.067551	 -0.058945	 2
1462092155.744	 20	 1.047409	 -0.088608	 0.008057	 2
1462092155.754	 20	 1.093857	 -0.156937	 -0.042923	 2
1462092155.764	 20	 1.114304	 -0.124985	 -0.129105	 2
1462092155.774	 20	 1.125534	 -0.032059	 -0.199768	 2
1462092155.784	 20	 1.152664	 0.006439	 -0.263412	 2
1462092155.794	 20	 1.124222	 -0.068588	 -0.280060	 2
1462092155.804	 20	 1.094772	 -0.115204	 -0.362610	 2
1462092155.814	 20	 1.086624	 -0.083252	 -0.497055	 2
1462092155.824	 20	 1.051834	 -0.043365	 -0.595627	 2
1462092155.834	 20	 1.048874	 -0.017029	 -0.634903	 2
1462092155.844	 20	 1.029205	 -0.040146	 -0.677811	 2
1462092155.854	 20	 0.973434	 -0.080887	 -0.755753	 2
1462092155.864	 20	 0.923676	 -0.094406	 -0.829437	 2
1462092155.874	 20	 0.898239	 -0.071869	 -0.875122	 2
1462092155.884	 20	 0.867340	 -0.083664	 -0.888397	 2
1462092155.894	 20	 0.829864	 -0.113434	 -0.897873	 2
1462092155.904	 20	 0.819382	 -0.095322	 -0.904739	 2
1462092155.914	 20	 0.817978	 -0.024445	 -0.977463	 2
1462092155.924	 20	 0.777542	 0.048508	 -1.116196	 2
1462092155.934	 20	 0.752151	 0.121475	 -1.220718	 2
1462092155.944	 20	 0.767975	 0.118576	 -1.314178	 2
1462092155.954	 20	 0.696121	 0.082031	 -1.481903	 2
1462092155.964	 20	 0.678146	 0.084122	 -1.424927	 2
1462092155.974	 20	 0.657318	 0.084534	 -1.372223	 2
1462092155.984	 20	 0.612595	 0.051117	 -1.348953	 2
1462092155.994	 20	 0.594269	 -0.002762	 -1.328705	 2
1462092156.004	 20	 0.602600	 -0.076721	 -1.343765	 2
1462092156.024	 20	 0.482697	 -0.081131	 -1.372925	 2
1462092156.034	 20	 0.414200	 -0.034866	 -1.341003	 2
1462092156.014	 20	 0.552490	 -0.121979	 -1.394867	 2
1462092156.044	 21	 0.407303	 0.008423	 -1.294296	 2
1462092156.064	 21	 0.447754	 0.086807	 -1.224991	 2
1462092156.074	 21	 0.440857	 0.105484	 -1.172394	 2
1462092156.084	 21	 0.447174	 0.152435	 -1.065414	 2
1462092156.094	 21	 0.442383	 0.179352	 -0.973389	 2
1462092156.104	 21	 0.394363	 0.087570	 -0.955963	 2
1462092156.114	 21	 0.365616	 -0.011902	 -0.874435	 2
1462092156.124	 21	 0.319611	 -0.099869	 -0.773483	 2
1462092156.134	 21	 0.329208	 -0.137390	 -0.685867	 2
1462092156.154	 22	 0.301620	 -0.165466	 -0.535828	 2
1462092156.164	 22	 0.290634	 -0.184021	 -0.470810	 2
1462092156.174	 22	 0.275314	 -0.193588	 -0.411774	 2
1462092156.184	 22	 0.252136	 -0.188217	 -0.376282	 2
1462092156.194	 22	 0.234406	 -0.160049	 -0.355652	 2
1462092156.204	 23	 0.227783	 -0.137054	 -0.350250	 2
1462092156.224	 23	 0.210022	 -0.151398	 -0.372574	 2
1462092156.234	 23	 0.213379	 -0.176041	 -0.384262	 2
1462092156.244	 23	 0.205872	 -0.185791	 -0.383789	 2
1462092156.254	 24	 0.194153	 -0.182373	 -0.381683	 2
1462092156.274	 24	 0.150238	 -0.192032	 -0.336227	 2
1462092156.284	 24	 0.114548	 -0.213760	 -0.308395	 2
1462092156.294	 24	 0.072372	 -0.256104	 -0.286163	 2
1462092156.304	 24	 0.054108	 -0.296417	 -0.268509	 2
1462092156.314	 24	 0.041153	 -0.335297	 -0.257828	 2
1462092156.324	 24	 0.048874	 -0.378479	 -0.279190	 2
1462092156.334	 24	 0.073563	 -0.425232	 -0.322464	 2
1462092156.344	 24	 0.081390	 -0.453293	 -0.380508	 2
1462092156.364	 25	 0.104065	 -0.487000	 -0.475250	 2
1462092156.374	 25	 0.090012	 -0.507385	 -0.507980	 2
1462092156.384	 25	 0.085236	 -0.523621	 -0.514969	 2
1462092156.394	 25	 0.080383	 -0.547653	 -0.514252	 2
1462092156.404	 25	 0.073776	 -0.575577	 -0.506073	 2
1462092156.414	 25	 0.073425	 -0.602066	 -0.483688	 2
1462092156.424	 25	 0.080582	 -0.639404	 -0.468109	 2
1462092156.434	 25	 0.095139	 -0.701523	 -0.481476	 2
1462092156.444	 25	 0.139938	 -0.757965	 -0.531708	 2
1462092156.454	 25	 0.189911	 -0.772202	 -0.604614	 2
1462092156.464	 25	 0.228256	 -0.756348	 -0.679428	 2
1462092156.474	 25	 0.225235	 -0.745026	 -0.744003	 2
1462092156.484	 25	 0.186340	 -0.761658	 -0.791367	 2
1462092156.494	 26	 0.143509	 -0.786423	 -0.842285	 2
1462092156.514	 26	 0.078491	 -0.815186	 -0.845306	 2
1462092156.524	 26	 0.066956	 -0.838242	 -0.793640	 2
1462092156.534	 26	 0.078278	 -0.870117	 -0.750214	 2
1462092156.544	 26	 0.103043	 -0.890121	 -0.733292	 2
1462092156.554	 26	 0.157028	 -0.865173	 -0.740158	 2
1462092156.564	 26	 0.230759	 -0.821503	 -0.789352	 2
1462092156.574	 26	 0.280243	 -0.773758	 -0.864655	 2
1462092156.584	 27	 0.318542	 -0.729309	 -0.952026	 2
1462092156.604	 27	 0.295074	 -0.639755	 -1.079132	 2
1462092156.614	 27	 0.258881	 -0.598190	 -1.069428	 2
1462092156.624	 27	 0.215637	 -0.586960	 -1.000244	 2
1462092156.634	 27	 0.183716	 -0.597946	 -0.901886	 2
1462092156.644	 28	 0.153137	 -0.600525	 -0.768082	 2
1462092156.664	 28	 0.184372	 -0.627853	 -0.652191	 2
1462092156.674	 28	 0.223587	 -0.639999	 -0.671463	 2
1462092156.684	 28	 0.263138	 -0.659012	 -0.693619	 2
1462092156.694	 28	 0.274017	 -0.678146	 -0.754486	 2
