08094	 0.000360	 0.999664	 5
1462172459.497	 4	 -0.047273	 0.000253	 -0.004762	 0.015971	 0.048195	 0.000265	 0.024094	 0.007986	 0.000325	 0.999678	 5
1462172459.507	 4	 -0.027981	 0.014053	 -0.000538	 0.015968	 0.047907	 0.000264	 0.023950	 0.007985	 0.000323	 0.999681	 5
1462172459.517	 4	 -0.001229	 0.026759	 0.002544	 0.016113	 0.047857	 0.000290	 0.023924	 0.008058	 0.000338	 0.999681	 5
1462172459.527	 4	 0.009412	 0.025616	 -0.003953	 0.016304	 0.048059	 0.000274	 0.024025	 0.008153	 0.000333	 0.999678	 5
1462172459.537	 4	 0.011493	 0.020237	 -0.011482	 0.016441	 0.048371	 0.000188	 0.024182	 0.008220	 0.000293	 0.999674	 5
1462172459.547	 4	 0.013644	 0.028693	 -0.017816	 0.016614	 0.048670	 0.000022	 0.024332	 0.008305	 0.000213	 0.999669	 5
1462172459.557	 4	 0.009367	 0.032905	 -0.025200	 0.016871	 0.048957	 -0.000212	 0.024476	 0.008430	 0.000101	 0.999665	 5
1462172459.567	 4	 -0.000272	 0.028648	 -0.029419	 0.017122	 0.049256	 -0.000487	 0.024627	 0.008552	 -0.000033	 0.999660	 5
1462172459.577	 4	 -0.013118	 0.017008	 -0.026218	 0.017276	 0.049398	 -0.000756	 0.024699	 0.008626	 -0.000164	 0.999658	 5
1462172459.587	 4	 -0.020630	 0.003241	 -0.020952	 0.017296	 0.049413	 -0.000981	 0.024707	 0.008633	 -0.000276	 0.999657	 5
1462172459.597	 4	 -0.019597	 -0.009480	 -0.014684	 0.017188	 0.049369	 -0.001142	 0.024686	 0.008577	 -0.000359	 0.999658	 5
1462172459.607	 4	 -0.008919	 -0.012665	 -0.009478	 0.016999	 0.049315	 -0.001247	 0.024659	 0.008481	 -0.000414	 0.999660	 5
1462172459.617	 4	 0.001782	 -0.008428	 -0.007400	 0.016820	 0.049391	 -0.001316	 0.024698	 0.008391	 -0.000450	 0.999660	 5
1462172459.627	 4	 0.014619	 -0.002085	 -0.007453	 0.016715	 0.049602	 -0.001389	 0.024803	 0.008338	 -0.000487	 0.999657	 5
1462172459.637	 4	 0.016757	 0.002131	 -0.011695	 0.016665	 0.049877	 -0.001490	 0.024941	 0.008311	 -0.000537	 0.999654	 5
1462172459.647	 4	 0.011388	 0.001029	 -0.019119	 0.016627	 0.050155	 -0.001658	 0.025081	 0.008290	 -0.000620	 0.999651	 5
1462172459.657	 4	 -0.006963	 -0.000051	 -0.026479	 0.016583	 0.050276	 -0.001899	 0.025142	 0.008265	 -0.000741	 0.999649	 5
1462172459.667	 4	 -0.030466	 -0.002139	 -0.030556	 0.016531	 0.050116	 -0.002193	 0.025063	 0.008235	 -0.000889	 0.999652	 5
1462172459.677	 4	 -0.050700	 0.001159	 -0.023955	 0.016492	 0.049711	 -0.002439	 0.024862	 0.008213	 -0.001014	 0.999657	 5
1462172459.687	 4	 -0.046301	 0.017200	 -0.009989	 0.016555	 0.049177	 -0.002570	 0.024596	 0.008244	 -0.001081	 0.999663	 5
1462172459.697	 4	 -0.021612	 0.036373	 0.003830	 0.016805	 0.048787	 -0.002555	 0.024401	 0.008369	 -0.001072	 0.999667	 5
1462172459.707	 4	 0.009371	 0.039509	 0.008918	 0.017124	 0.048681	 -0.002467	 0.024348	 0.008529	 -0.001025	 0.999667	 5
1462172459.717	 4	 0.037041	 0.024526	 0.007472	 0.017350	 0.048956	 -0.002393	 0.024485	 0.008643	 -0.000984	 0.999662	 5
1462172459.727	 4	 0.055043	 -0.001088	 0.002814	 0.017327	 0.049482	 -0.002353	 0.024748	 0.008632	 -0.000962	 0.999656	 5
1462172459.737	 4	 0.054930	 -0.022385	 -0.000581	 0.017093	 0.050132	 -0.002349	 0.025073	 0.008514	 -0.000960	 0.999649	 5
1462172459.747	 4	 0.035690	 -0.025550	 -0.004706	 0.016767	 0.050646	 -0.002390	 0.025329	 0.008351	 -0.000982	 0.999644	 5
1462172459.757	 4	 0.013369	 -0.010561	 -0.000109	 0.016539	 0.050945	 -0.002407	 0.025479	 0.008236	 -0.000992	 0.999641	 5
1462172459.767	 4	 -0.009990	 0.003429	 0.013014	 0.016462	 0.050942	 -0.002304	 0.025477	 0.008199	 -0.000942	 0.999641	 5
1462172459.777	 4	 -0.020555	 0.014197	 0.027061	 0.016476	 0.050785	 -0.002058	 0.025398	 0.008209	 -0.000819	 0.999643	 5
1462172459.787	 4	 -0.010903	 0.021636	 0.030244	 0.016539	 0.050632	 -0.001746	 0.025320	 0.008245	 -0.000664	 0.999645	 5
1462172459.797	 4	 0.011399	 0.025761	 0.024738	 0.016594	 0.050746	 -0.001474	 0.025375	 0.008275	 -0.000526	 0.999644	 5
1462172459.807	 4	 0.025159	 0.016021	 0.007476	 0.016632	 0.051076	 -0.001352	 0.025540	 0.008296	 -0.000463	 0.999639	 5
1462172459.817	 4	 0.028219	 0.002044	 -0.011864	 0.016556	 0.051547	 -0.001420	 0.025775	 0.008257	 -0.000496	 0.999634	 5
1462172459.827	 4	 0.015301	 -0.008671	 -0.027838	 0.016388	 0.051974	 -0.001659	 0.025990	 0.008170	 -0.000616	 0.999629	 5
1462172459.837	 4	 -0.002873	 -0.008680	 -0.036206	 0.016207	 0.052184	 -0.002001	 0.026096	 0.008074	 -0.000789	 0.999627	 5
1462172459.847	 4	 -0.018888	 -0.009704	 -0.037142	 0.016047	 0.052170	 -0.002366	 0.026090	 0.007990	 -0.000973	 0.999627	 5
1462172459.857	 4	 -0.030632	 -0.011789	 -0.035993	 0.015880	 0.051981	 -0.002724	 0.025997	 0.007902	 -0.001155	 0.999630	 5
1462172459.867	 4	 -0.028424	 -0.004281	 -0.026350	 0.015771	 0.051695	 -0.003012	 0.025856	 0.007844	 -0.001302	 0.999634	 5
1462172459.877	 4	 -0.017660	 0.001129	 -0.009341	 0.015727	 0.051397	 -0.003142	 0.025707	 0.007820	 -0.001368	 0.999638	 5
1462172459.887	 4	 -0.005924	 -0.007347	 0.000069	 0.015643	 0.051256	 -0.003158	 0.025637	 0.007778	 -0.001378	 0.999640	 5
1462172459.897	 4	 0.006839	 -0.019063	 0.003047	 0.015451	 0.051285	 -0.003132	 0.025651	 0.007683	 -0.001367	 0.999640	 5
1462172459.907	 4	 0.012138	 -0.027581	 0.003987	 0.015156	 0.051415	 -0.003096	 0.025716	 0.007536	 -0.001353	 0.999640	 5
1462172459.917	 4	 0.003554	 -0.040296	 0.007141	 0.014750	 0.051528	 -0.003040	 0.025772	 0.007333	 -0.001329	 0.999640	 5
1462172459.927	 4	 -0.008194	 -0.042389	 0.007224	 0.014276	 0.051593	 -0.002966	 0.025803	 0.007097	 -0.001298	 0.999641	 5
1462172459.937	 4	 -0.024144	 -0.030641	 0.007472	 0.013905	 0.051480	 -0.002882	 0.025746	 0.006913	 -0.001262	 0.999644	 5
1462172459.947	 4	 -0.041131	 -0.012508	 0.007788	 0.013698	 0.051249	 -0.002798	 0.025631	 0.006811	 -0.001223	 0.999648	 5
1462172459.957	 4	 -0.045384	 0.007686	 0.009074	 0.013666	 0.050880	 -0.002699	 0.025446	 0.006796	 -0.001175	 0.999652	 5
1462172459.967	 4	 -0.031504	 0.017147	 -0.000551	 0.013742	 0.050569	 -0.002664	 0.025290	 0.006835	 -0.001158	 0.999656	 5
1462172459.977	 4	 -0.006983	 0.019139	 -0.009272	 0.013909	 0.050475	 -0.002736	 0.025244	 0.006918	 -0.001192	 0.999657	 5
1462172459.987	 4	 0.016462	 0.010574	 -0.007424	 0.014021	 0.050592	 -0.002825	 0.025303	 0.006972	 -0.001235	 0.999655	 5
1462172459.997	 4	 0.035652	 -0.002170	 0.002948	 0.014013	 0.050954	 -0.002826	 0.025483	 0.006968	 -0.001234	 0.999650	 5
1462172460.007	 4	 0.042044	 -0.011701	 0.011329	 0.013917	 0.051430	 -0.002729	 0.025721	 0.006921	 -0.001185	 0.999645	 5
1462172460.017	 4	 0.028225	 -0.003127	 0.014727	 0.013825	 0.051895	 -0.002592	 0.025953	 0.006877	 -0.001116	 0.999639	 5
1462172460.027	 4	 -0.008018	 0.002323	 0.018290	 0.013817	 0.052103	 -0.002409	 0.026056	 0.006875	 -0.001024	 0.999636	 5
1462172460.037	 4	 -0.048654	 -0.000878	 0.000497	 0.013780	 0.051964	 -0.002343	 0.025987	 0.006857	 -0.000992	 0.999638	 5
1462172460.047	 4	 -0.065766	 0.003319	 -0.014236	 0.013783	 0.051512	 -0.002444	 0.025761	 0.006858	 -0.001044	 0.999644	 5
1462172460.057	 4	 -0.058311	 0.005377	 -0.020676	 0.013812	 0.050944	 -0.002631	 0.025478	 0.006870	 -0.001139	 0.999651	 5
1462172460.067	 4	 -0.032702	 0.003189	 -0.018788	 0.013827	 0.050525	 -0.002822	 0.025269	 0.006876	 -0.001236	 0.999656	 5
1462172460.077	 4	 0.004688	 0.002098	 -0.007400	 0.013841	 0.050368	 -0.002931	 0.025191	 0.006882	 -0.001291	 0.999658	 5
1462172460.087	 4	 0.035687	 0.004210	 0.003007	 0.013882	 0.050538	 -0.002925	 0.025276	 0.006902	 -0.001287	 0.999656	 5
1462172460.097	 4	 0.050632	 0.001012	 0.008176	 0.013888	 0.050891	 -0.002860	 0.025452	 0.006905	 -0.001253	 0.999651	 5
1462172460.107	 4	 0.050627	 0.001004	 0.007110	 0.013895	 0.051348	 -0.002790	 0.025680	 0.006909	 -0.001216	 0.999646	 5
1462172460.117	 4	 0.036728	 -0.000057	 0.001892	 0.013874	 0.051781	 -0.002755	 0.025897	 0.006899	 -0.001197	 0.999640	 5
1462172460.127	 4	 0.011041	 -0.001131	 -0.003217	 0.013851	 0.051993	 -0.002774	 0.026003	 0.006887	 -0.001206	 0.999637	 5
1462172460.147	 5	 -0.024036	 0.018205	 0.008992	 0.013938	 0.051792	 -0.002741	 0.025902	 0.006931	 -0.001190	 0.999640	 5
1462172460.157	 5	 -0.023898	 0.037436	 0.020893	 0.014226	 0.051550	 -0.002549	 0.025781	 0.007078	 -0.001091	 0.999642	 5
1462172460.167	 5	 -0.014237	 0.039619	 0.032553	 0.014584	 0.051368	 -0.002246	 0.025689	 0.007261	 -0.000935	 0.999643	 5
1462172460.177	 5	 0.000695	 0.027958	 0.044038	 0.014856	 0.051384	 -0.001824	 0.025695	 0.007402	 -0.000721	 0.999642	 5
1462172460.187	 5	 0.015583	 0.015165	 0.045921	 0.014967	 0.051659	 -0.001368	 0.025831	 0.007463	 -0.000491	 0.999638	 5
1462172460.197	 5	 0.022962	 0.004428	 0.035099	 0.014961	 0.052094	 -0.000995	 0.026047	 0.007465	 -0.000303	 0.999633	 5
1462172460.207	 5	 0.025037	 0.002201	 0.022271	 0.014881	 0.052632	 -0.000739	 0.026315	 0.007428	 -0.000174	 0.999626	 5
1462172460.217	 5	 0.020742	 0.003215	 0.013792	 0.014826	 0.053174	 -0.000579	 0.026585	 0.007403	 -0.000093	 0.999619	 5
1462172460.227	 5	 0.007926	 0.003229	 0.010707	 0.014759	 0.053613	 -0.000458	 0.026804	 0.007371	 -0.000031	 0.999614	 5
1462172460.237	 5	 -0.005971	 0.001112	 0.006545	 0.014700	 0.053946	 -0.000372	 0.026970	 0.007342	 0.000012	 0.999609	 5
1462172460.247	 5	 -0.011301	 0.007463	 0.000256	 0.014661	 0.054074	 -0.000348	 0.027034	 0.007323	 0.000024	 0.999608	 5
1462172460.257	 5	 -0.010206	 0.013833	 -0.000760	 0.014638	 0.054202	 -0.000341	 0.027098	 0.007312	 0.000028	 0.999606	 5
1462172460.267	 5	 -0.007026	 0.010616	 -0.002949	 0.014641	 0.054356	 -0.000352	 0.027175	 0.007313	 0.000023	 0.999604	 5
1462172460.277	 5	 -0.004926	 0.010523	 -0.007211	 0.014677	 0.054517	 -0.000404	 0.027256	 0.007330	 -0.000002	 0.999602	 5
1462172460.287	 5	 -0.005971	 0.015836	 -0.008219	 0.014752	 0.054636	 -0.000471	 0.027316	 0.007367	 -0.000034	 0.999600	 5
1462172460.297	 5	 -0.009106	 0.022289	 0.000395	 0.014906	 0.054736	 -0.000484	 0.027366	 0.007444	 -0.000038	 0.999598	 5
1462172460.307	 5	 -0.015477	 0.023417	 0.006856	 0.015085	 0.054766	 -0.000421	 0.027380	 0.007534	 -0.000004	 0.999597	 5
1462172460.318	 5	 -0.014438	 0.018088	 0.005731	 0.015210	 0.054804	 -0.000347	 0.027399	 0.007597	 0.000035	 0.999596	 5
1462172460.327	 5	 0.000478	 0.019052	 -0.001850	 0.015356	 0.054916	 -0.000341	 0.027455	 0.007670	 0.000041	 0.999594	 5
1462172460.337	 5	 0.012147	 0.010453	 -0.009492	 0.015424	 0.055155	 -0.000412	 0.027575	 0.007703	 0.000007	 0.999590	 5
1462172460.347	 5	 0.016407	 0.010424	 -0.011661	 0.015474	 0.055400	 -0.000528	 0.027697	 0.007727	 -0.000050	 0.999586	 5
1462172460.357	 5	 0.014353	 0.019009	 -0.001971	 0.015582	 0.055661	 -0.000580	 0.027828	 0.007780	 -0.000073	 0.999582	 5
1462172460.367	 5	 0.000543	 0.022326	 0.009904	 0.015739	 0.055818	 -0.000510	 0.027906	 0.007859	 -0.000035	 0.999580	 5
1462172460.377	 5	 -0.014326	 0.025662	 0.023919	 0.015947	 0.055821	 -0.000304	 0.027907	 0.007966	 0.000070	 0.999579	 5
1462172460.387	 5	 -0.028148	 0.028956	 0.032596	 0.016166	 0.055675	 0.000006	 0.027833	 0.008080	 0.000228	 0.999580	 5
1462172460.398	 5	 -0.033456	 0.031129	 0.036926	 0.016392	 0.055483	 0.000380	 0.027735	 0.008198	 0.000417	 0.999582	 5
1462172460.407	 5	 -0.032432	 0.028936	 0.028370	 0.016596	 0.055257	 0.000700	 0.027621	 0.008305	 0.000579	 0.999584	 5
1462172460.417	 5	 -0.015457	 0.020267	 0.013221	 0.016737	 0.055169	 0.000883	 0.027577	 0.008377	 0.000672	 0.999584	 5
1462172460.428	 5	 0.011092	 0.007299	 -0.004183	 0.016761	 0.055296	 0.000883	 0.027640	 0.008389	 0.000673	 0.999583	 5
1462172460.438	 5	 0.031322	 0.001881	 -0.009738	 0.016722	 0.055641	 0.000786	 0.027812	 0.008368	 0.000625	 0.999578	 5
1462172460.448	 5	 0.039911	 0.008275	 -0.004424	 0.016715	 0.056122	 0.000722	 0.028053	 0.008364	 0.000596	 0.999571	 5
1462172460.458	 5	 0.033573	 0.013620	 0.006368	 0.016760	 0.056511	 0.000763	 0.028248	 0.008387	 0.000618	 0.999566	 5
1462172460.468	 5	 0.014430	 0.021177	 0.014066	 0.016879	 0.056770	 0.000882	 0.028376	 0.008448	 0.000680	 0.999561	 5
1462172460.478	 5	 -0.002557	 0.034038	 0.020728	 0.017121	 0.056911	 0.001076	 0.028446	 0.008572	 0.000781	 0.999558	 5
1462172460.488	 5	 -0.011061	 0.042557	 0.018750	 0.017432	 0.056905	 0.001281	 0.028442	 0.008731	 0.000888	 0.999557	 5
1462172460.508	 6	 -0.019696	 0.036075	 0.001713	 0.017999	 0.056738	 0.001463	 0.028358	 0.009016	 0.000987	 0.999557	 5
1462172460.518	 6	 -0.018675	 0.030714	 -0.003675	 0.018227	 0.056580	 0.001440	 0.028279	 0.009130	 0.000977	 0.999558	 5
1462172460.528	 6	 -0.013302	 0.034983	 0.000581	 0.018483	 0.056492	 0.001432	 0.028234	 0.009258	 0.000977	 0.999558	 5
1462172460.538	 6	 -0.007938	 0.032909	 0.010107	 0.018747	 0.056457	 0.001513	 0.028217	 0.009391	 0.001021	 0.999557	 5
1462172460.548	 6	 -0.005853	 0.016993	 0.016336	 0.018895	 0.056481	 0.001676	 0.028228	 0.009467	 0.001105	 0.999556	 5
1462172460.558	 6	 0.000443	 -0.001148	 0.010783	 0.018843	 0.056550	 0.001805	 0.028261	 0.009443	 0.001168	 0.999555	 5
1462172460.568	 6	 0.003588	 -0.008643	 0.005357	 0.018639	 0.056625	 0.001881	 0.028299	 0.009342	 0.001204	 0.999555	 5
1462172460.578	 6	 0.001441	 -0.008660	 0.002179	 0.018439	 0.056681	 0.001919	 0.028327	 0.009243	 0.001220	 0.999555	 5
1462172460.588	 6	 -0.013436	 0.006259	 0.000316	 0.018302	 0.056643	 0.001926	 0.028307	 0.009174	 0.001222	 0.999556	 5
1462172460.598	 6	 -0.025044	 0.032893	 0.001730	 0.018410	 0.056429	 0.001944	 0.028201	 0.009229	 0.001231	 0.999559	 5
1462172460.608	 6	 -0.035577	 0.055251	 0.008461	 0.018780	 0.056136	 0.002031	 0.028054	 0.009415	 0.001278	 0.999561	 5
1462172460.618	 6	 -0.033371	 0.064863	 0.014926	 0.019274	 0.055847	 0.002183	 0.027908	 0.009664	 0.001360	 0.999563	 5
1462172460.628	 6	 -0.022705	 0.058494	 0.021168	 0.019750	 0.055587	 0.002398	 0.027777	 0.009904	 0.001473	 0.999564	 5
1462172460.638	 7	 -0.001429	 0.042490	 0.022966	 0.020067	 0.055589	 0.002632	 0.027776	 0.010066	 0.001594	 0.999562	 5
1462172460.658	 7	 0.031483	 0.013607	 0.013885	 0.020243	 0.056254	 0.002992	 0.028107	 0.010159	 0.001780	 0.999552	 5
1462172460.667	 7	 0.029276	 0.006097	 0.004242	 0.020118	 0.056785	 0.003066	 0.028372	 0.010098	 0.001818	 0.999545	 5
1462172460.678	 7	 0.017530	 0.010331	 -0.003076	 0.019952	 0.057223	 0.003056	 0.028591	 0.010015	 0.001813	 0.999539	 5
1462172460.688	 7	 0.000460	 0.013549	 -0.006095	 0.019866	 0.057510	 0.003011	 0.028735	 0.009972	 0.001790	 0.999536	 5
1462172460.697	 7	 -0.026216	 0.013627	 -0.005862	 0.019782	 0.057612	 0.002979	 0.028786	 0.009930	 0.001774	 0.999535	 5
1462172460.708	 7	 -0.047589	 0.010467	 -0.009968	 0.019631	 0.057465	 0.002908	 0.028713	 0.009853	 0.001735	 0.999538	 5
1462172460.718	 7	 -0.055086	 0.006218	 -0.012074	 0.019466	 0.057176	 0.002817	 0.028569	 0.009769	 0.001686	 0.999543	 5
1462172460.727	 7	 -0.048751	 -0.001311	 -0.020725	 0.019203	 0.056868	 0.002657	 0.028416	 0.009635	 0.001601	 0.999548	 5
1462172460.738	 7	 -0.029601	 -0.005695	 -0.030524	 0.018856	 0.056670	 0.002403	 0.028318	 0.009458	 0.001468	 0.999553	 5
1462172460.748	 7	 -0.009403	 -0.009065	 -0.046717	 0.018428	 0.056661	 0.002001	 0.028316	 0.009238	 0.001261	 0.999556	 5
1462172460.757	 7	 0.003368	 -0.008206	 -0.061702	 0.018106	 0.056836	 0.001430	 0.028407	 0.009070	 0.000972	 0.999555	 5
1462172460.768	 7	 0.000195	 0.004505	 -0.070082	 0.017948	 0.057024	 0.000750	 0.028504	 0.008981	 0.000631	 0.999553	 5
1462172460.778	 7	 -0.013589	 0.019467	 -0.065559	 0.017982	 0.057100	 0.000087	 0.028545	 0.008988	 0.000300	 0.999552	 5
1462172460.787	 7	 -0.036982	 0.028123	 -0.054617	 0.018178	 0.056942	 -0.000475	 0.028468	 0.009078	 0.000021	 0.999553	 5
1462172460.798	 7	 -0.063664	 0.020811	 -0.046993	 0.018354	 0.056570	 -0.000941	 0.028284	 0.009160	 -0.000211	 0.999558	 5
1462172460.808	 7	 -0.078711	 0.001678	 -0.051303	 0.018350	 0.055952	 -0.001419	 0.027978	 0.009151	 -0.000453	 0.999567	 5
1462172460.817	 7	 -0.063853	 -0.012226	 -0.055824	 0.018207	 0.055362	 -0.001950	 0.027685	 0.009073	 -0.000723	 0.999575	 5
1462172460.828	 7	 -0.030808	 -0.019771	 -0.056182	 0.017986	 0.054972	 -0.002500	 0.027493	 0.008955	 -0.001002	 0.999581	 5
1462172460.838	 7	 -0.003162	 -0.039016	 -0.058733	 0.017636	 0.054875	 -0.003077	 0.027447	 0.008772	 -0.001296	 0.999584	 5
1462172460.847	 7	 0.013882	 -0.050722	 -0.052596	 0.017147	 0.054983	 -0.003629	 0.027503	 0.008520	 -0.001578	 0.999584	 5
1462172460.858	 7	 0.017142	 -0.051679	 -0.036647	 0.016624	 0.055179	 -0.004041	 0.027602	 0.008253	 -0.001790	 0.999583	 5
1462172460.868	 7	 0.006594	 -0.041935	 -0.017281	 0.016177	 0.055323	 -0.004252	 0.027674	 0.008027	 -0.001902	 0.999583	 5
1462172460.877	 7	 -0.008246	 -0.028001	 -0.008496	 0.015839	 0.055372	 -0.004347	 0.027699	 0.007856	 -0.001953	 0.999584	 5
1462172460.888	 7	 -0.019887	 -0.007757	 -0.008206	 0.015683	 0.055341	 -0.004415	 0.027684	 0.007777	 -0.001990	 0.999585	 5
1462172460.898	 7	 -0.026217	 0.009265	 -0.010124	 0.015697	 0.055189	 -0.004499	 0.027608	 0.007783	 -0.002032	 0.999586	 5
1462172460.908	 7	 -0.021980	 0.006030	 -0.014454	 0.015732	 0.055044	 -0.004631	 0.027536	 0.007799	 -0.002098	 0.999588	 5
1462172460.918	 7	 -0.012449	 -0.007842	 -0.016798	 0.015665	 0.055056	 -0.004788	 0.027542	 0.007764	 -0.002178	 0.999588	 5
1462172460.928	 7	 -0.000730	 -0.012133	 -0.016939	 0.015520	 0.055133	 -0.004960	 0.027581	 0.007689	 -0.002265	 0.999587	 5
1462172460.938	 7	 0.009987	 -0.009032	 -0.015900	 0.015379	 0.055312	 -0.005123	 0.027671	 0.007616	 -0.002348	 0.999585	 5
1462172460.948	 7	 0.010029	 -0.000523	 -0.015821	 0.015316	 0.055583	 -0.005281	 0.027807	 0.007582	 -0.002427	 0.999582	 5
1462172460.958	 7	 0.001501	 0.004790	 -0.019961	 0.015326	 0.055798	 -0.005464	 0.027916	 0.007584	 -0.002517	 0.999578	 5
1462172460.967	 7	 -0.010229	 0.008000	 -0.021960	 0.015363	 0.055909	 -0.005675	 0.027972	 0.007599	 -0.002622	 0.999576	 5
1462172460.978	 7	 -0.014445	 0.014433	 -0.016535	 0.015467	 0.055896	 -0.005848	 0.027966	 0.007649	 -0.002707	 0.999576	 5
1462172460.988	 7	 -0.008002	 0.021867	 -0.015456	 0.015643	 0.055940	 -0.005999	 0.027989	 0.007734	 -0.002780	 0.999574	 5
1462172460.998	 7	 0.004816	 0.026068	 -0.017660	 0.015858	 0.056040	 -0.006163	 0.028040	 0.007840	 -0.002858	 0.999572	 5
1462172461.008	 7	 0.012215	 0.016426	 -0.024208	 0.016029	 0.056249	 -0.006383	 0.028145	 0.007921	 -0.002965	 0.999568	 5
1462172461.018	 7	 0.012140	 0.005742	 -0.030702	 0.016089	 0.056505	 -0.006669	 0.028275	 0.007947	 -0.003106	 0.999564	 5
1462172461.028	 7	 0.005733	 0.009969	 -0.037001	 0.016138	 0.056676	 -0.007028	 0.028362	 0.007966	 -0.003284	 0.999561	 5
1462172461.038	 7	 -0.008073	 0.018566	 -0.030406	 0.016273	 0.056757	 -0.007351	 0.028403	 0.008029	 -0.003443	 0.999558	 5
1462172461.048	 7	 -0.031509	 0.020818	 -0.022721	 0.016449	 0.056649	 -0.007589	 0.028351	 0.008114	 -0.003560	 0.999559	 5
1462172461.058	 7	 -0.049664	 0.007137	 -0.009901	 0.016539	 0.056282	 -0.007716	 0.028168	 0.008157	 -0.003624	 0.999563	 5
1462172461.068	 7	 -0.049662	 -0.001296	 0.000678	 0.016501	 0.055798	 -0.007730	 0.027926	 0.008139	 -0.003633	 0.999570	 5
1462172461.078	 7	 -0.022932	 0.000828	 0.011123	 0.016424	 0.055430	 -0.007631	 0.027742	 0.008103	 -0.003586	 0.999576	 5
1462172461.088	 7	 0.005996	 0.018764	 0.012129	 0.016451	 0.055322	 -0.007494	 0.027687	 0.008118	 -0.003518	 0.999577	 5
1462172461.098	 7	 0.019931	 0.039926	 0.002613	 0.016683	 0.055459	 -0.007442	 0.027756	 0.008235	 -0.003488	 0.999575	 5
1462172461.108	 7	 0.016691	 0.033537	 0.000450	 0.016900	 0.055708	 -0.007427	 0.027881	 0.008343	 -0.003477	 0.999570	 5
1462172461.118	 7	 0.006975	 0.013324	 -0.003916	 0.016958	 0.055954	 -0.007445	 0.028004	 0.008371	 -0.003484	 0.999567	 5
1462172461.128	 7	 -0.004823	 0.005867	 -0.010277	 0.016929	 0.056124	 -0.007531	 0.028089	 0.008356	 -0.003526	 0.999564	 5
1462172461.138	 7	 -0.019762	 0.000638	 -0.003801	 0.016823	 0.056153	 -0.007581	 0.028104	 0.008302	 -0.003553	 0.999564	 5
1462172461.148	 7	 -0.033638	 -0.005657	 0.002656	 0.016597	 0.056079	 -0.007560	 0.028066	 0.008189	 -0.003546	 0.999566	 5
1462172461.158	 7	 -0.039030	 -0.009967	 -0.006929	 0.016261	 0.055918	 -0.007571	 0.027985	 0.008021	 -0.003557	 0.999570	 5
1462172461.168	 7	 -0.035925	 -0.014372	 -0.026181	 0.015870	 0.055717	 -0.007770	 0.027884	 0.007823	 -0.003662	 0.999574	 5
1462172461.178	 7	 -0.042424	 -0.030349	 -0.031601	 0.015256	 0.055448	 -0.008054	 0.027750	 0.007513	 -0.003814	 0.999579	 5
1462172461.188	 7	 -0.057412	 -0.045160	 -0.026280	 0.014447	 0.055064	 -0.008297	 0.027558	 0.007107	 -0.003948	 0.999587	 5
1462172461.198	 7	 -0.065990	 -0.054702	 -0.025228	 0.013519	 0.054536	 -0.008512	 0.027293	 0.006641	 -0.004070	 0.999597	 5
1462172461.207	 7	 -0.067043	 -0.048351	 -0.029422	 0.012442	 0.054022	 -0.008750	 0.027034	 0.006100	 -0.004206	 0.999607	 5
1462172461.217	 7	 -0.060655	 -0.042079	 -0.041142	 0.011264	 0.053583	 -0.009082	 0.026813	 0.005508	 -0.004388	 0.999616	 5
1462172461.227	 7	 -0.053273	 -0.042269	 -0.063589	 0.009999	 0.053303	 -0.009607	 0.026672	 0.004870	 -0.004668	 0.999621	 5
1462172461.237	 7	 -0.061887	 -0.044501	 -0.080586	 0.008512	 0.052981	 -0.010323	 0.026509	 0.004118	 -0.005047	 0.999627	 5
1462172461.247	 7	 -0.082108	 -0.034990	 -0.085634	 0.008169	 0.052211	 -0.011154	 0.026125	 0.003937	 -0.005468	 0.999636	 5
1462172461.257	 7	 -0.118526	 -0.045673	 -0.106732	 0.007823	 0.051115	 -0.012155	 0.025578	 0.003755	 -0.005976	 0.999648	 5
1462172461.267	 7	 -0.149626	 -0.062730	 -0.124738	 0.007277	 0.049674	 -0.013362	 0.024858	 0.003472	 -0.006588	 0.999663	 5
1462172461.277	 7	 -0.162447	 -0.068008	 -0.122542	 0.004468	 0.048427	 -0.014481	 0.024227	 0.002058	 -0.007184	 0.999679	 5
1462172461.287	 7	 -0.163522	 -0.073293	 -0.118319	 0.003802	 0.046782	 -0.015664	 0.023403	 0.001717	 -0.007785	 0.999694	 5
1462172461.297	 7	 -0.164589	 -0.061690	 -0.132057	 0.003202	 0.045142	 -0.016938	 0.022582	 0.001409	 -0.008431	 0.999708	 5
1462172461.307	 7	 -0.177336	 -0.023583	 -0.162498	 0.002922	 0.043413	 -0.018470	 0.021717	 0.001260	 -0.009201	 0.999721	 5
1462172461.317	 7	 -0.226406	 0.011394	 -0.199047	 0.003058	 0.041293	 -0.020366	 0.020659	 0.001319	 -0.010149	 0.999734	 5
1462172461.327	 7	 -0.293636	 0.049556	 -0.243934	 0.003497	 0.038515	 -0.022673	 0.019275	 0.001530	 -0.011301	 0.999749	 5
1462172461.337	 7	 -0.360585	 0.162042	 -0.306251	 0.004916	 0.035062	 -0.025556	 0.017560	 0.002233	 -0.012733	 0.999762	 5
1462172461.347	 7	 -0.427579	 0.270228	 -0.375001	 0.007496	 0.030936	 -0.029105	 0.015520	 0.003522	 -0.014492	 0.999768	 5
1462172461.357	 7	 -0.483138	 0.315614	 -0.445501	 0.010688	 0.026195	 -0.033338	 0.013184	 0.005125	 -0.016597	 0.999762	 5
1462172461.367	 7	 -0.506997	 0.299173	 -0.522181	 0.013878	 0.021097	 -0.038306	 0.010679	 0.006735	 -0.019077	 0.999738	 5
1462172461.377	 7	 -0.474474	 0.220030	 -0.569028	 0.016410	 0.016142	 -0.043838	 0.008249	 0.008026	 -0.021850	 0.999695	 5
1462172461.387	 7	 -0.396102	 0.124865	 -0.606832	 0.017965	 0.011868	 -0.049723	 0.006155	 0.008832	 -0.024804	 0.999634	 5
1462172461.397	 7	 -0.303992	 0.013595	 -0.659826	 0.018476	 0.008473	 -0.056126	 0.004494	 0.009115	 -0.028019	 0.999556	 5
1462172461.407	 7	 -0.213015	 -0.110444	 -0.713995	 0.017721	 0.005999	 -0.063083	 0.003278	 0.008761	 -0.031508	 0.999460	 5
1462172461.417	 7	 -0.151768	 -0.207931	 -0.771905	 0.015905	 0.004223	 -0.070619	 0.002391	 0.007873	 -0.035284	 0.999343	 5
1462172461.427	 7	 -0.123627	 -0.291486	 -0.842202	 0.013239	 0.002815	 -0.078836	 0.001667	 0.006559	 -0.039398	 0.999201	 5
1462172461.437	 7	 -0.106276	 -0.396312	 -0.916866	 0.009574	 0.001599	 -0.087806	 0.001009	 0.004747	 -0.043884	 0.999025	 5
1462172461.447	 7	 -0.066630	 -0.518286	 -1.000410	 0.004719	 0.000747	 -0.097579	 0.000488	 0.002338	 -0.048769	 0.998807	 5
1462172461.457	 7	 -0.007921	 -0.640581	 -1.120359	 -0.001373	 0.000497	 -0.108456	 0.000211	 -0.000699	 -0.054202	 0.998530	 5
1462172461.467	 7	 0.065686	 -0.756669	 -1.258497	 -0.008650	 0.001026	 -0.120680	 0.000251	 -0.004348	 -0.060305	 0.998170	 5
1462172461.477	 7	 0.146887	 -0.837756	 -1.407034	 -0.016830	 0.002468	 -0.134354	 0.000667	 -0.008479	 -0.067134	 0.997708	 5
1462172461.487	 7	 0.224216	 -0.823208	 -1.569568	 -0.025134	 0.004857	 -0.149583	 0.001482	 -0.012713	 -0.074746	 0.997120	 5
1462172461.497	 7	 0.257301	 -0.677780	 -1.742222	 -0.032215	 0.007864	 -0.166494	 0.002579	 -0.016378	 -0.083203	 0.996395	 5
1462172461.507	 7	 0.232947	 -0.522352	 -1.879113	 -0.037618	 0.010929	 -0.184876	 0.003704	 -0.019232	 -0.092391	 0.995530	 5
1462172461.517	 7	 0.186074	 -0.426105	 -1.972662	 -0.041829	 0.013686	 -0.204285	 0.004674	 -0.021501	 -0.102083	 0.994533	 5
1462172461.527	 7	 0.139846	 -0.427642	 -2.056469	 -0.045738	 0.016087	 -0.224545	 0.005429	 -0.023623	 -0.112186	 0.993392	 5
1462172461.537	 7	 0.108106	 -0.513345	 -2.153974	 -0.050238	 0.018252	 -0.245746	 0.005976	 -0.026044	 -0.122748	 0.992078	 5
1462172461.547	 7	 0.103700	 -0.666313	 -2.275790	 -0.056050	 0.020475	 -0.268099	 0.006397	 -0.029136	 -0.133873	 0.990549	 5
1462172461.557	 7	 0.125750	 -0.848234	 -2.419422	 -0.063566	 0.023086	 -0.291803	 0.006795	 -0.033115	 -0.145664	 0.988756	 5
1462172461.567	 7	 0.149951	 -1.013258	 -2.578901	 -0.072673	 0.026259	 -0.317043	 0.007222	 -0.037941	 -0.158212	 0.986650	 5
1462172461.577	 7	 0.163791	 -1.134455	 -2.712304	 -0.082984	 0.029946	 -0.343659	 0.007648	 -0.043422	 -0.171431	 0.984209	 5
1462172461.587	 7	 0.165161	 -1.221259	 -2.801581	 -0.094114	 0.034046	 -0.371224	 0.008031	 -0.049363	 -0.185104	 0.981446	 5
1462172461.597	 7	 0.159224	 -1.296148	 -2.864041	 -0.105864	 0.038491	 -0.399434	 0.008341	 -0.055658	 -0.199075	 0.978367	 5
1462172461.607	 7	 0.154452	 -1.365590	 -2.908342	 -0.118192	 0.043270	 -0.428078	 0.008561	 -0.062288	 -0.213237	 0.974975	 5
1462172461.617	 7	 0.165854	 -1.416851	 -2.932365	 -0.130917	 0.048511	 -0.456954	 0.008761	 -0.069175	 -0.227488	 0.971281	 5
1462172461.627	 7	 0.181624	 -1.465836	 -2.934023	 -0.143942	 0.054298	 -0.485820	 0.008991	 -0.076284	 -0.241712	 0.967303	 5
1462172461.637	 7	 0.184418	 -1.542507	 -2.945419	 -0.157513	 0.060530	 -0.514656	 0.009160	 -0.083727	 -0.255895	 0.963028	 5
1462172461.647	 7	 0.188168	 -1.615166	 -2.989824	 -0.171643	 0.067248	 -0.543775	 0.009258	 -0.091515	 -0.270186	 0.958404	 5
1462172461.657	 7	 0.189942	 -1.641132	 -3.049764	 -0.185933	 0.074504	 -0.573372	 0.009337	 -0.099468	 -0.284675	 0.953404	 5
1462172461.667	 7	 0.185869	 -1.590426	 -3.079058	 -0.199669	 0.082240	 -0.603272	 0.009472	 -0.107240	 -0.299266	 0.948077	 5
1462172461.677	 7	 0.158715	 -1.500694	 -3.036422	 -0.212347	 0.090120	 -0.632915	 0.009621	 -0.114548	 -0.313672	 0.942548	 5
1462172461.687	 7	 0.130958	 -1.381644	 -2.911444	 -0.223810	 0.097817	 -0.661508	 0.009727	 -0.121270	 -0.327503	 0.936985	 5
1462172461.697	 7	 0.167625	 -1.212509	 -2.747128	 -0.233653	 0.105645	 -0.688449	 0.010081	 -0.127266	 -0.340492	 0.931540	 5
1462172461.707	 7	 0.256611	 -1.043476	 -2.575807	 -0.241710	 0.114075	 -0.713506	 0.010992	 -0.132550	 -0.352562	 0.926288	 5
1462172461.717	 7	 0.357001	 -0.966824	 -2.378802	 -0.248802	 0.123205	 -0.736424	 0.012416	 -0.137533	 -0.363616	 0.921257	 5
1462172461.727	 7	 0.428258	 -0.954993	 -2.185344	 -0.255707	 0.132768	 -0.757169	 0.014112	 -0.142533	 -0.373641	 0.916448	 5
1462172461.737	 7	 0.465038	 -0.972126	 -2.039814	 -0.262763	 0.142508	 -0.776217	 0.015880	 -0.147663	 -0.382858	 0.911791	 5
1462172461.747	 7	 0.471798	 -0.988369	 -1.930250	 -0.269999	 0.152205	 -0.794033	 0.017586	 -0.152893	 -0.391478	 0.907226	 5
1462172461.757	 7	 0.448688	 -0.982362	 -1.844732	 -0.277219	 0.161623	 -0.810965	 0.019143	 -0.158085	 -0.399653	 0.902729	 5
1462172461.767	 7	 0.403415	 -0.918897	 -1.764881	 -0.283907	 0.170573	 -0.827186	 0.020563	 -0.162968	 -0.407449	 0.898334	 5
1462172461.778	 7	 0.319904	 -0.827577	 -1.672714	 -0.289716	 0.178667	 -0.842732	 0.021753	 -0.167308	 -0.414861	 0.894106	 5
1462172461.787	 7	 0.215225	 -0.741147	 -1.530318	 -0.294702	 0.185508	 -0.857309	 0.022566	 -0.171042	 -0.421744	 0.890150	 5
1462172461.797	 7	 0.115103	 -0.634174	 -1.339811	 -0.298865	 0.190891	 -0.870414	 0.022973	 -0.174116	 -0.427868	 0.886614	 5
1462172461.808	 7	 0.071698	 -0.497556	 -1.145259	 -0.302021	 0.195167	 -0.881800	 0.023214	 -0.176508	 -0.433145	 0.883568	 5
1462172461.817	 7	 0.091203	 -0.364380	 -0.959813	 -0.304119	 0.198971	 -0.891337	 0.023614	 -0.178323	 -0.437556	 0.881016	 5
1462172461.827	 7	 0.139498	 -0.246096	 -0.763032	 -0.305388	 0.202616	 -0.898848	 0.024291	 -0.179722	 -0.441046	 0.878970	 5
1462172461.838	 7	 0.193074	 -0.131089	 -0.575920	 -0.305863	 0.206207	 -0.904344	 0.025292	 -0.180742	 -0.443631	 0.877431	 5
1462172461.848	 7	 0.230404	 -0.045994	 -0.413457	 -0.305742	 0.209688	 -0.908075	 0.026531	 -0.181462	 -0.445424	 0.876336	 5
1462172461.858	 7	 0.235539	 0.013560	 -0.265873	 -0.305278	 0.212860	 -0.910286	 0.027845	 -0.181950	 -0.446529	 0.875632	 5
1462172461.868	 7	 0.200064	 0.074184	 -0.133911	 -0.304492	 0.215372	 -0.911259	 0.029050	 -0.182144	 -0.447056	 0.875283	 5
1462172461.878	 7	 0.138969	 0.140141	 -0.010202	 -0.303271	 0.216979	 -0.911176	 0.030045	 -0.181945	 -0.447072	 0.875283	 5
1462172461.888	 7	 0.042770	 0.224333	 0.120376	 -0.301491	 0.217378	 -0.910105	 0.030718	 -0.181232	 -0.446594	 0.875651	 5
1462172461.898	 7	 -0.081140	 0.313941	 0.253377	 -0.298987	 0.216258	 -0.908109	 0.030958	 -0.179871	 -0.445632	 0.876413	 5
1462172461.908	 7	 -0.207272	 0.377033	 0.395743	 -0.295980	 0.213518	 -0.905125	 0.030673	 -0.177936	 -0.444160	 0.877565	 5
1462172461.918	 7	 -0.317586	 0.388066	 0.552408	 -0.292969	 0.209248	 -0.900976	 0.029803	 -0.175664	 -0.442109	 0.879087	 5
1462172461.928	 7	 -0.390628	 0.379864	 0.711766	 -0.290277	 0.203725	 -0.895494	 0.028408	 -0.173258	 -0.439421	 0.880956	 5
1462172461.938	 7	 -0.437046	 0.374650	 0.853868	 -0.287855	 0.197305	 -0.888729	 0.026649	 -0.170774	 -0.436126	 0.883131	 5
1462172461.948	 7	 -0.465442	 0.356509	 0.980772	 -0.285776	 0.190218	 -0.880775	 0.024599	 -0.168303	 -0.432272	 0.885556	 5
1462172461.958	 7	 -0.477834	 0.346753	 1.096957	 -0.283982	 0.182644	 -0.871702	 0.022342	 -0.165863	 -0.427891	 0.888200	 5
1462172461.968	 7	 -0.483800	 0.361271	 1.189866	 -0.282202	 0.174751	 -0.861672	 0.019993	 -0.163376	 -0.423053	 0.891030	 5
1462172461.978	 7	 -0.511111	 0.401158	 1.252289	 -0.280113	 0.166482	 -0.851019	 0.017564	 -0.160695	 -0.417900	 0.893996	 5
1462172461.988	 7	 -0.558658	 0.471758	 1.288530	 -0.277357	 0.157715	 -0.840065	 0.015042	 -0.157642	 -0.412563	 0.897059	 5
1462172461.998	 7	 -0.620066	 0.556128	 1.311165	 -0.273688	 0.148364	 -0.829027	 0.012413	 -0.154091	 -0.407137	 0.900190	 5
1462172462.008	 7	 -0.694338	 0.603523	 1.363409	 -0.269346	 0.138250	 -0.817752	 0.009548	 -0.150116	 -0.401547	 0.903402	 5
1462172462.018	 7	 -0.757964	 0.606553	 1.462042	 -0.264848	 0.127294	 -0.805777	 0.006335	 -0.145939	 -0.395583	 0.906739	 5
1462172462.028	 7	 -0.788348	 0.612937	 1.596652	 -0.260363	 0.115695	 -0.792634	 0.002855	 -0.141681	 -0.389040	 0.910256	 5
1462172462.038	 7	 -0.815097	 0.681259	 1.766977	 -0.255373	 0.103498	 -0.777953	 -0.000756	 -0.137126	 -0.381745	 0.914038	 5
1462172462.048	 7	 -0.862898	 0.796570	 1.954974	 -0.249311	 0.090502	 -0.761530	 -0.004489	 -0.131991	 -0.373591	 0.918144	 5
1462172462.058	 7	 -0.921267	 0.941626	 2.133749	 -0.241774	 0.076623	 -0.743402	 -0.008341	 -0.126085	 -0.364589	 0.922555	 5
1462172462.068	 7	 -0.969096	 1.065322	 2.304773	 -0.232767	 0.061998	 -0.723616	 -0.012292	 -0.119448	 -0.354768	 0.927211	 5
1462172462.078	 7	 -0.997104	 1.115372	 2.448294	 -0.222836	 0.046882	 -0.702296	 -0.016363	 -0.112386	 -0.344196	 0.932003	 5
1462172462.087	 7	 -0.987283	 1.087265	 2.536406	 -0.212741	 0.031759	 -0.679843	 -0.020508	 -0.105347	 -0.333076	 0.936772	 5
1462172462.097	 7	 -0.943740	 1.019268	 2.564169	 -0.202927	 0.017120	 -0.656758	 -0.024605	 -0.098620	 -0.321659	 0.941384	 5
1462172462.108	 7	 -0.885469	 0.945568	 2.544858	 -0.193533	 0.003270	 -0.633513	 -0.028548	 -0.092316	 -0.310179	 0.945755	 5
1462172462.118	 7	 -0.822999	 0.888603	 2.488364	 -0.184455	 -0.009662	 -0.610492	 -0.032265	 -0.086393	 -0.298823	 0.949842	 5
1462172462.128	 7	 -0.789073	 0.898643	 2.419954	 -0.175193	 -0.021844	 -0.587951	 -0.035761	 -0.080574	 -0.287717	 0.953650	 5
1462172462.138	 7	 -0.798362	 0.999419	 2.379408	 -0.164904	 -0.033699	 -0.565769	 -0.039109	 -0.074387	 -0.276806	 0.957244	 5
1462172462.148	 7	 -0.862784	 1.147410	 2.373885	 -0.152932	 -0.045791	 -0.543663	 -0.042494	 -0.067438	 -0.265957	 0.960684	 5
1462172462.158	 7	 -0.948353	 1.293707	 2.419688	 -0.139197	 -0.058467	 -0.521213	 -0.046085	 -0.059652	 -0.254969	 0.964007	 5
1462172462.168	 7	 -1.011419	 1.373676	 2.568056	 -0.124037	 -0.071669	 -0.497448	 -0.049905	 -0.051230	 -0.243384	 0.967289	 5
1462172462.178	 7	 -1.014080	 1.311395	 2.778521	 -0.108662	 -0.084959	 -0.471492	 -0.053903	 -0.042850	 -0.230771	 0.970568	 5
1462172462.188	 7	 -0.895524	 1.196290	 2.940545	 -0.093841	 -0.097172	 -0.443414	 -0.057628	 -0.035034	 -0.217172	 0.973801	 5
1462172462.198	 7	 -0.671714	 1.080158	 3.003593	 -0.079768	 -0.107066	 -0.414079	 -0.060508	 -0.027976	 -0.203018	 0.976903	 5
1462172462.208	 7	 -0.415120	 0.949682	 3.008671	 -0.066616	 -0.114025	 -0.384227	 -0.062250	 -0.021762	 -0.188656	 0.979827	 5
1462172462.218	 7	 -0.217542	 0.811411	 2.941718	 -0.054728	 -0.118435	 -0.354616	 -0.063051	 -0.016449	 -0.174411	 0.982514	 5
1462172462.227	 7	 -0.111042	 0.654812	 2.803982	 -0.044341	 -0.121159	 -0.326093	 -0.063317	 -0.012010	 -0.160663	 0.984903	 5
1462172462.238	 7	 -0.102898	 0.485527	 2.637143	 -0.035805	 -0.123222	 -0.299179	 -0.063537	 -0.008493	 -0.147636	 0.986962	 5
1462172462.248	 7	 -0.114618	 0.359227	 2.523099	 -0.028764	 -0.125164	 -0.273579	 -0.063908	 -0.005692	 -0.135191	 0.988740	 5
1462172462.258	 7	 -0.116269	 0.268541	 2.483902	 -0.022724	 -0.126970	 -0.248513	 -0.064354	 -0.003389	 -0.122964	 0.990317	 5
1462172462.268	 7	 -0.103676	 0.240700	 2.463284	 -0.017117	 -0.128561	 -0.223656	 -0.064786	 -0.001319	 -0.110814	 0.991726	 5
1462172462.278	 7	 -0.058595	 0.315909	 2.439078	 -0.011047	 -0.129606	 -0.199025	 -0.064984	 0.000949	 -0.098783	 0.992984	 5
1462172462.287	 7	 -0.021643	 0.458316	 2.437950	 -0.003655	 -0.130080	 -0.174460	 -0.064906	 0.003845	 -0.086817	 0.994100	 5
1462172462.298	 7	 -0.029816	 0.529653	 2.445080	 0.004780	 -0.130312	 -0.149823	 -0.064749	 0.007251	 -0.074837	 0.995065	 5
1462172462.308	 7	 -0.058117	 0.408517	 2.449528	 0.012478	 -0.130629	 -0.125110	 -0.064750	 0.010294	 -0.062786	 0.995871	 5
1462172462.318	 7	 0.013354	 0.222835	 2.393890	 0.018340	 -0.130380	 -0.100772	 -0.064597	 0.012420	 -0.050852	 0.996538	 5
1462172462.328	 7	 0.195499	 0.052081	 2.241508	 0.022247	 -0.128463	 -0.077769	 -0.063703	 0.013587	 -0.039505	 0.997094	 5
1462172462.338	 7	 0.412709	 -0.092688	 2.019789	 0.024300	 -0.124381	 -0.056904	 -0.061776	 0.013889	 -0.029146	 0.997568	 5
1462172462.348	 7	 0.563791	 -0.191855	 1.753241	 0.024810	 -0.118608	 -0.038691	 -0.059014	 0.013527	 -0.020044	 0.997964	 5
1462172462.358	 7	 0.608543	 -0.218302	 1.497888	 0.024443	 -0.112187	 -0.023157	 -0.055915	 0.012850	 -0.012244	 0.998278	 5
1462172462.368	 7	 0.531292	 -0.139741	 1.299994	 0.024232	 -0.106251	 -0.009762	 -0.053037	 0.012358	 -0.005517	 0.998501	 5
1462172462.378	 7	 0.365818	 -0.022322	 1.144795	 0.024966	 -0.101856	 0.002010	 -0.050915	 0.012415	 0.000368	 0.998626	 5
1462172462.388	 7	 0.157683	 0.076287	 1.018568	 0.026564	 -0.099504	 0.012498	 -0.049809	 0.012954	 0.005580	 0.998659	 5
1462172462.398	 7	 -0.000584	 0.081430	 0.930469	 0.028369	 -0.098891	 0.022018	 -0.049573	 0.013622	 0.010293	 0.998625	 5
1462172462.408	 7	 -0.092948	 -0.012161	 0.894167	 0.029468	 -0.099402	 0.031076	 -0.049898	 0.013941	 0.014785	 0.998548	 5
1462172462.418	 7	 -0.087397	 -0.187716	 0.888222	 0.028962	 -0.100104	 0.040030	 -0.050305	 0.013458	 0.019262	 0.998457	 5
1462172462.428	 7	 -0.003638	 -0.328148	 0.917093	 0.026851	 -0.100115	 0.049131	 -0.050347	 0.012175	 0.023858	 0.998373	 5
1462172462.437	 7	 0.133578	 -0.151327	 0.862124	 0.025539	 -0.098897	 0.058072	 -0.049774	 0.011313	 0.028363	 0.998294	 5
1462172462.448	 7	 0.245150	 0.017248	 0.539795	 0.026054	 -0.096537	 0.064378	 -0.048639	 0.011452	 0.031515	 0.998253	 5
1462172462.458	 7	 0.279753	 -0.053392	 0.199924	 0.026068	 -0.093707	 0.067064	 -0.047243	 0.011442	 0.032876	 0.998277	 5
1462172462.468	 7	 0.228251	 -0.203313	 0.039113	 0.024500	 -0.091245	 0.067702	 -0.045991	 0.010687	 0.033248	 0.998331	 5
1462172462.478	 7	 0.137550	 -0.385287	 -0.010815	 0.021114	 -0.089634	 0.067623	 -0.045130	 0.009026	 0.033296	 0.998385	 5
1462172462.488	 7	 0.046084	 -0.557221	 0.003302	 0.015938	 -0.088953	 0.067591	 -0.044704	 0.006454	 0.033400	 0.998421	 5
1462172462.498	 7	 -0.019526	 -0.664465	 0.001809	 0.009528	 -0.089013	 0.067643	 -0.044627	 0.003252	 0.033569	 0.998434	 5
1462172462.508	 7	 -0.035863	 -0.712467	 -0.024073	 0.002463	 -0.089356	 0.067457	 -0.044679	 -0.000277	 0.033634	 0.998435	 5
1462172462.518	 7	 -0.014387	 -0.677492	 -0.032461	 -0.004482	 -0.089570	 0.067141	 -0.044669	 -0.003740	 0.033631	 0.998429	 5
1462172462.528	 7	 0.020327	 -0.553192	 -0.038001	 -0.010407	 -0.089462	 0.066780	 -0.044517	 -0.006688	 0.033582	 0.998422	 5
1462172462.538	 7	 0.060674	 -0.362991	 -0.047240	 -0.014580	 -0.088948	 0.066340	 -0.044192	 -0.008753	 0.033454	 0.998424	 5
1462172462.548	 7	 0.096805	 -0.158973	 -0.059511	 -0.016712	 -0.088048	 0.065791	 -0.043710	 -0.009791	 0.033224	 0.998444	 5
1462172462.558	 7	 0.120908	 -0.012389	 -0.076475	 -0.017214	 -0.086882	 0.065099	 -0.043123	 -0.010008	 0.032886	 0.998478	 5
1462172462.568	 7	 0.139237	 0.044841	 -0.097417	 -0.016929	 -0.085517	 0.064193	 -0.042451	 -0.009824	 0.032422	 0.998524	 5
1462172462.578	 7	 0.166917	 0.025658	 -0.091442	 -0.016665	 -0.083902	 0.063271	 -0.041653	 -0.009647	 0.031951	 0.998575	 5
1462172462.588	 7	 0.201980	 -0.023230	 -0.071953	 -0.016820	 -0.081960	 0.062536	 -0.040684	 -0.009680	 0.031580	 0.998626	 5
1462172462.598	 7	 0.243372	 -0.074380	 -0.068526	 -0.017493	 -0.079616	 0.061891	 -0.039507	 -0.009967	 0.031263	 0.998680	 5
1462172462.608	 7	 0.285868	 -0.111759	 -0.072441	 -0.018582	 -0.076841	 0.061227	 -0.038107	 -0.010456	 0.030941	 0.998740	 5
1462172462.618	 7	 0.297554	 -0.119271	 -0.076876	 -0.019833	 -0.073847	 0.060529	 -0.036597	 -0.011022	 0.030604	 0.998801	 5
1462172462.628	 7	 0.269914	 -0.086307	 -0.089118	 -0.020860	 -0.071036	 0.059723	 -0.035181	 -0.011479	 0.030207	 0.998858	 5
1462172462.638	 7	 0.208189	 -0.042581	 -0.097765	 -0.021473	 -0.068764	 0.058805	 -0.034043	 -0.011736	 0.029748	 0.998909	 5
1462172462.648	 7	 0.135934	 0.018304	 -0.091241	 -0.021511	 -0.067205	 0.057900	 -0.033269	 -0.011717	 0.029289	 0.998948	 5
1462172462.658	 7	 0.077506	 0.057975	 -0.071179	 -0.021057	 -0.066270	 0.057151	 -0.032813	 -0.011465	 0.028903	 0.998978	 5
1462172462.668	 7	 0.057415	 0.060173	 -0.049609	 -0.020485	 -0.065664	 0.056618	 -0.032521	 -0.011162	 0.028625	 0.998999	 5
1462172462.678	 7	 0.088402	 0.062261	 -0.042399	 -0.019890	 -0.064878	 0.056194	 -0.032140	 -0.010847	 0.028400	 0.999021	 5
1462172462.688	 7	 0.149194	 0.046200	 -0.032420	 -0.019629	 -0.063643	 0.055861	 -0.031528	 -0.010694	 0.028224	 0.999047	 5
1462172462.698	 7	 0.199271	 0.020599	 -0.022436	 -0.019367	 -0.061763	 0.055648	 -0.030594	 -0.010534	 0.028105	 0.999081	 5
1462172462.708	 7	 0.222683	 0.000373	 -0.015368	 -0.019490	 -0.059252	 0.055512	 -0.029338	 -0.010559	 0.028028	 0.999121	 5
1462172462.718	 7	 0.223770	 -0.001704	 -0.007937	 -0.019504	 -0.056997	 0.055466	 -0.028212	 -0.010534	 0.027995	 0.999154	 5
1462172462.728	 7	 0.198076	 -0.018654	 -0.008937	 -0.019848	 -0.054503	 0.055411	 -0.026962	 -0.010671	 0.027961	 0.999188	 5
1462172462.738	 7	 0.171279	 -0.040941	 -0.013174	 -0.020328	 -0.051931	 0.055324	 -0.025670	 -0.010875	 0.027912	 0.999222	 5
1462172462.748	 7	 0.164735	 -0.064385	 -0.021862	 -0.021168	 -0.049455	 0.055148	 -0.024422	 -0.011258	 0.027822	 0.999251	 5
1462172462.758	 7	 0.188001	 -0.105970	 -0.026715	 -0.022433	 -0.047007	 0.054913	 -0.023183	 -0.011854	 0.027707	 0.999277	 5
1462172462.768	 7	 0.188337	 -0.063198	 0.005653	 -0.024712	 -0.044288	 0.054859	 -0.021793	 -0.012955	 0.027691	 0.999295	 5
1462172462.778	 7	 0.170385	 -0.010076	 -0.009683	 -0.024912	 -0.042532	 0.054885	 -0.020913	 -0.013032	 0.027695	 0.999313	 5
1462172462.788	 7	 0.154174	 -0.015671	 -0.054356	 -0.025052	 -0.040947	 0.054497	 -0.020122	 -0.013076	 0.027494	 0.999334	 5
1462172462.798	 7	 0.149699	 -0.035012	 -0.083272	 -0.025373	 -0.039426	 0.053761	 -0.019362	 -0.013209	 0.027120	 0.999357	 5
1462172462.808	 7	 0.144079	 -0.072449	 -0.113414	 -0.028101	 -0.036261	 0.052669	 -0.017751	 -0.014520	 0.026579	 0.999384	 5
1462172462.818	 7	 0.131191	 -0.079941	 -0.125095	 -0.028987	 -0.034871	 0.051440	 -0.017054	 -0.014934	 0.025963	 0.999406	 5
1462172462.828	 7	 0.099587	 -0.022161	 -0.090178	 -0.029423	 -0.033757	 0.050466	 -0.016499	 -0.015130	 0.025472	 0.999425	 5
1462172462.838	 7	 0.061346	 -0.009073	 -0.060947	 -0.029500	 -0.033039	 0.049808	 -0.016144	 -0.015154	 0.025139	 0.999439	 5
1462172462.848	 7	 0.033634	 -0.019477	 -0.040554	 -0.029404	 -0.031885	 0.049381	 -0.015572	 -0.015088	 0.024916	 0.999454	 5
1462172462.858	 7	 0.002538	 -0.053399	 -0.037401	 -0.029838	 -0.031778	 0.048994	 -0.015517	 -0.015301	 0.024726	 0.999457	 5
1462172462.868	 7	 0.006813	 -0.067108	 -0.019448	 -0.030517	 -0.031730	 0.048753	 -0.015486	 -0.015638	 0.024610	 0.999455	 5
1462172462.878	 7	 0.025087	 -0.060595	 0.006032	 -0.031145	 -0.031527	 0.048756	 -0.015377	 -0.015949	 0.024615	 0.999451	 5
1462172462.888	 7	 0.050816	 -0.048853	 0.021903	 -0.030976	 -0.031167	 0.048984	 -0.015197	 -0.015862	 0.024725	 0.999453	 5
1462172462.898	 7	 0.067932	 -0.038283	 0.019721	 -0.031373	 -0.030537	 0.049211	 -0.014876	 -0.016055	 0.024837	 0.999452	 5
1462172462.908	 7	 0.077568	 -0.029818	 0.017585	 -0.031686	 -0.029789	 0.049416	 -0.014496	 -0.016204	 0.024936	 0.999453	 5
1462172462.918	 7	 0.082873	 -0.037272	 0.018535	 -0.032031	 -0.028977	 0.049617	 -0.014084	 -0.016368	 0.025032	 0.999453	 5
1462172462.928	 7	 0.076478	 -0.036187	 0.018600	 -0.032240	 -0.027591	 0.049833	 -0.013388	 -0.016456	 0.025130	 0.999459	 5
1462172462.938	 7	 0.071166	 -0.027693	 0.014463	 -0.032539	 -0.026875	 0.050016	 -0.013024	 -0.016598	 0.025218	 0.999459	 5
1462172462.948	 7	 0.065910	 -0.006442	 0.009377	 -0.032653	 -0.026209	 0.050142	 -0.012689	 -0.016648	 0.025277	 0.999461	 5
1462172462.958	 7	 0.058487	 0.005265	 0.007419	 -0.032619	 -0.025601	 0.050235	 -0.012385	 -0.016624	 0.025318	 0.999464	 5
1462172462.968	 7	 0.055245	 -0.004299	 0.007358	 -0.032996	 -0.024192	 0.050324	 -0.011675	 -0.016795	 0.025353	 0.999469	 5
1462172462.978	 7	 0.057356	 -0.001184	 -0.002223	 -0.033028	 -0.023624	 0.050347	 -0.011391	 -0.016804	 0.025361	 0.999472	 5
1462172462.988	 7	 0.059552	 0.013685	 -0.004235	 -0.032919	 -0.023028	 0.050319	 -0.011094	 -0.016742	 0.025341	 0.999477	 5
1462172462.998	 7	 0.061686	 0.012607	 -0.005330	 -0.033226	 -0.020821	 0.050287	 -0.009988	 -0.016868	 0.025309	 0.999487	 5
1462172463.008	 7	 0.069135	 0.019922	 -0.020248	 -0.033185	 -0.019513	 0.050152	 -0.009336	 -0.016830	 0.025230	 0.999496	 5
1462172463.018	 7	 0.079788	 0.031451	 -0.039418	 -0.033108	 -0.018221	 0.049822	 -0.008694	 -0.016774	 0.025055	 0.999508	 5
1462172463.028	 7	 0.089385	 0.040895	 -0.053268	 -0.032800	 -0.016893	 0.049349	 -0.008038	 -0.016602	 0.024806	 0.999522	 5
1462172463.038	 7	 0.100031	 0.038706	 -0.057645	 -0.032282	 -0.015571	 0.048807	 -0.007388	 -0.016325	 0.024523	 0.999539	 5
1462172463.048	 7	 0.108519	 0.024885	 -0.053584	 -0.031747	 -0.014313	 0.048294	 -0.006770	 -0.016041	 0.024255	 0.999554	 5
1462172463.058	 7	 0.107400	 0.011085	 -0.050506	 -0.031261	 -0.012950	 0.047823	 -0.006099	 -0.015780	 0.024007	 0.999569	 5
1462172463.068	 7	 0.101991	 -0.002739	 -0.052719	 -0.030850	 -0.011658	 0.047339	 -0.005462	 -0.015558	 0.023754	 0.999582	 5
1462172463.078	 7	 0.094419	 -0.026100	 -0.050739	 -0.030649	 -0.010454	 0.046866	 -0.004866	 -0.015442	 0.023508	 0.999593	 5
1462172463.088	 7	 0.078263	 -0.049519	 -0.060408	 -0.030585	 -0.009275	 0.046320	 -0.004282	 -0.015395	 0.023226	 0.999603	 5
1462172463.098	 7	 0.065413	 -0.053780	 -0.066731	 -0.030742	 -0.008287	 0.045687	 -0.003791	 -0.015461	 0.022903	 0.999611	 5
1462172463.108	 7	 0.067621	 -0.042054	 -0.062378	 -0.031028	 -0.007342	 0.045070	 -0.003320	 -0.015592	 0.022587	 0.999618	 5
1462172463.118	 7	 0.071989	 -0.025017	 -0.057994	 -0.031318	 -0.006383	 0.044502	 -0.002842	 -0.015726	 0.022296	 0.999624	 5
1462172463.128	 7	 0.072097	 -0.007953	 -0.051442	 -0.031669	 -0.005410	 0.043993	 -0.002356	 -0.015889	 0.022035	 0.999628	 5
1462172463.138	 7	 0.071150	 0.008080	 -0.040627	 -0.032214	 -0.004462	 0.043574	 -0.001879	 -0.016151	 0.021818	 0.999630	 5
1462172463.148	 7	 0.070216	 0.034678	 -0.039306	 -0.032848	 -0.003506	 0.043206	 -0.001397	 -0.016457	 0.021627	 0.999630	 5
1462172463.158	 7	 0.066010	 0.059050	 -0.052897	 -0.033267	 -0.002554	 0.042744	 -0.000921	 -0.016656	 0.021389	 0.999632	 5
1462172463.168	 7	 0.058505	 0.065327	 -0.069825	 -0.033304	 -0.001618	 0.042107	 -0.000458	 -0.016664	 0.021063	 0.999639	 5
1462172463.178	 7	 0.048844	 0.066301	 -0.085719	 -0.033186	 -0.000859	 0.041304	 -0.000087	 -0.016597	 0.020655	 0.999649	 5
1462172463.188	 7	 0.040255	 0.063064	 -0.095266	 -0.032895	 -0.000181	 0.040382	 0.000242	 -0.016445	 0.020188	 0.999661	 5
1462172463.198	 7	 0.038151	 0.073668	 -0.100478	 -0.032450	 0.000428	 0.039390	 0.000534	 -0.016217	 0.019688	 0.999675	 5
1462172463.208	 7	 0.039357	 0.099222	 -0.095987	 -0.031780	 0.000974	 0.038433	 0.000792	 -0.015877	 0.019205	 0.999689	 5
1462172463.218	 7	 0.041559	 0.108826	 -0.090588	 -0.030849	 0.001540	 0.037524	 0.001059	 -0.015407	 0.018747	 0.999705	 5
1462172463.228	 7	 0.040539	 0.107859	 -0.077799	 -0.029791	 0.002087	 0.036717	 0.001317	 -0.014873	 0.018340	 0.999720	 5
1462172463.238	 7	 0.031018	 0.110145	 -0.059577	 -0.028800	 0.002567	 0.036089	 0.001543	 -0.014374	 0.018023	 0.999733	 5
1462172463.248	 7	 0.014897	 0.081513	 -0.054375	 -0.027910	 0.002981	 0.035551	 0.001738	 -0.013926	 0.017752	 0.999744	 5
1462172463.258	 7	 0.009412	 0.050675	 -0.055680	 -0.027423	 0.003367	 0.034998	 0.001923	 -0.013680	 0.017473	 0.999752	 5
1462172463.268	 7	 0.026514	 0.058052	 -0.057892	 -0.027189	 0.003833	 0.034442	 0.002150	 -0.013559	 0.017193	 0.999758	 5
1462172463.278	 7	 0.059602	 0.082215	 -0.085665	 -0.026744	 0.004499	 0.033687	 0.002474	 -0.013332	 0.016811	 0.999767	 5
1462172463.288	 7	 0.092624	 0.093608	 -0.114622	 -0.025826	 0.005508	 0.032628	 0.002964	 -0.012866	 0.016276	 0.999780	 5
1462172463.298	 7	 0.109610	 0.078636	 -0.119172	 -0.024714	 0.006697	 0.031457	 0.003542	 -0.012302	 0.015685	 0.999795	 5
1462172463.308	 7	 0.111586	 0.038274	 -0.111039	 -0.023828	 0.007847	 0.030336	 0.004103	 -0.011853	 0.015119	 0.999807	 5
1462172463.318	 7	 0.122140	 -0.003092	 -0.091266	 -0.023241	 0.008995	 0.029405	 0.004668	 -0.011553	 0.014649	 0.999815	 5
1462172463.328	 7	 0.135833	 -0.048801	 -0.082219	 -0.023499	 0.010313	 0.028582	 0.005323	 -0.011674	 0.014229	 0.999816	 5
1462172463.338	 7	 0.112706	 0.013061	 -0.067587	 -0.023744	 0.011594	 0.027914	 0.005962	 -0.011790	 0.013886	 0.999816	 5
1462172463.348	 7	 0.097897	 0.046032	 -0.073546	 -0.023527	 0.012560	 0.027226	 0.006439	 -0.011677	 0.013537	 0.999819	 5
1462172463.358	 7	 0.099003	 0.046097	 -0.063963	 -0.023217	 0.013684	 0.026563	 0.006995	 -0.011516	 0.013201	 0.999822	 5
1462172463.368	 7	 0.112901	 0.034502	 -0.043942	 -0.022800	 0.014744	 0.026102	 0.007520	 -0.011302	 0.012965	 0.999824	 5
1462172463.378	 7	 0.125631	 0.002693	 -0.025165	 -0.022626	 0.015965	 0.025825	 0.008127	 -0.011208	 0.012820	 0.999822	 5
1462172463.388	 7	 0.112792	 -0.019473	 -0.007142	 -0.022653	 0.017238	 0.025741	 0.008763	 -0.011214	 0.012771	 0.999817	 5
1462172463.398	 7	 0.074336	 -0.032083	 -0.001596	 -0.022849	 0.018137	 0.025726	 0.009214	 -0.011306	 0.012758	 0.999812	 5
1462172463.408	 7	 0.010273	 -0.039337	 -0.001105	 -0.023144	 0.018436	 0.025718	 0.009365	 -0.011452	 0.012751	 0.999809	 5
1462172463.418	 7	 -0.045255	 -0.047672	 0.000366	 -0.023463	 0.017953	 0.025706	 0.009126	 -0.011614	 0.012746	 0.999810	 5
                                                                                                                                                                                                                                                                                                       
1462068093.621	 13	 1.057114	 0.051880	 -1.273758	 1
1462068093.631	 13	 0.989929	 0.038666	 -1.255814	 1
1462068093.641	 13	 1.015411	 0.075027	 -1.251831	 1
1462068093.651	 13	 0.982208	 0.100189	 -1.209595	 1
1462068093.661	 13	 0.939728	 0.130432	 -1.190781	 1
1462068093.671	 13	 0.929871	 0.102509	 -1.235687	 1
1462068093.681	 13	 0.915497	 0.083649	 -1.270889	 1
1462068093.691	 13	 0.879532	 0.053848	 -1.271301	 1
1462068093.701	 13	 0.875732	 0.094467	 -1.247406	 1
1462068093.711	 13	 0.849136	 0.154953	 -1.210327	 1
1462068093.721	 13	 0.801804	 0.206802	 -1.120407	 1
1462068093.731	 13	 0.782944	 0.238678	 -1.067703	 1
1462068093.741	 13	 0.756927	 0.241226	 -1.022888	 1
1462068093.751	 13	 0.730637	 0.173492	 -0.990555	 1
1462068093.761	 13	 0.678329	 0.090408	 -0.944305	 1
1462068093.771	 13	 0.681885	 0.080734	 -0.896362	 1
1462068093.781	 13	 0.752396	 0.064224	 -0.867447	 1
1462068093.791	 13	 0.763916	 0.165558	 -0.860214	 1
1462068093.811	 13	 0.717285	 0.126007	 -0.898804	 1
1462068093.801	 13	 0.677032	 0.174576	 -0.864883	 1
1462068093.821	 13	 0.763657	 0.177734	 -0.941071	 1
1462068093.831	 13	 0.833267	 0.238937	 -0.996185	 1
1462068093.841	 13	 0.814362	 0.208786	 -1.004791	 1
1462068093.851	 13	 0.753494	 0.159134	 -0.946609	 1
1462068093.861	 13	 0.714706	 0.108826	 -0.914505	 1
1462068093.871	 13	 0.713638	 0.072571	 -0.857651	 1
1462068093.881	 13	 0.722565	 0.043747	 -0.787552	 1
1462068093.891	 13	 0.754959	 0.054733	 -0.758591	 1
1462068093.901	 13	 0.744278	 0.021851	 -0.721451	 1
1462068093.911	 13	 0.723770	 -0.002304	 -0.707947	 1
1462068093.921	 13	 0.669876	 -0.030502	 -0.733398	 1
1462068093.931	 13	 0.633530	 -0.050262	 -0.738815	 1
1462068093.941	 13	 0.644760	 -0.053986	 -0.725143	 1
1462068093.951	 13	 0.669266	 -0.095612	 -0.732422	 1
1462068093.961	 13	 0.678833	 -0.102768	 -0.723785	 1
1462068093.971	 13	 0.667191	 -0.105118	 -0.714249	 1
1462068093.981	 13	 0.652283	 -0.111450	 -0.701828	 1
1462068093.991	 14	 0.618958	 -0.109192	 -0.675125	 1
1462068094.011	 14	 0.562164	 -0.150162	 -0.634552	 1
1462068094.021	 15	 0.557648	 -0.198318	 -0.625717	 1
1462068094.041	 15	 0.549377	 -0.267715	 -0.630371	 1
1462068094.051	 15	 0.541916	 -0.298889	 -0.660294	 1
1462068094.061	 15	 0.533905	 -0.302582	 -0.705673	 1
1462068094.071	 15	 0.541626	 -0.277557	 -0.744186	 1
1462068094.081	 15	 0.530624	 -0.251175	 -0.755753	 1
1462068094.091	 15	 0.472351	 -0.270630	 -0.737503	 1
1462068094.101	 15	 0.424118	 -0.305298	 -0.710114	 1
1462068094.111	 15	 0.414017	 -0.330353	 -0.700302	 1
1462068094.121	 15	 0.394516	 -0.327576	 -0.706665	 1
1462068094.131	 15	 0.334641	 -0.333496	 -0.730301	 1
1462068094.141	 15	 0.304138	 -0.336075	 -0.713715	 1
1462068094.151	 15	 0.283752	 -0.371841	 -0.681519	 1
1462068094.161	 15	 0.262146	 -0.410873	 -0.647965	 1
1462068094.171	 15	 0.235229	 -0.431656	 -0.652374	 1
1462068094.181	 15	 0.231720	 -0.441345	 -0.653534	 1
1462068094.191	 15	 0.252151	 -0.440887	 -0.638062	 1
1462068094.201	 15	 0.236984	 -0.458755	 -0.664322	 1
1462068094.211	 15	 0.224564	 -0.448257	 -0.692261	 1
1462068094.221	 15	 0.239868	 -0.454254	 -0.698456	 1
1462068094.231	 15	 0.245148	 -0.470795	 -0.702896	 1
1462068094.241	 15	 0.224289	 -0.469055	 -0.702072	 1
1462068094.251	 15	 0.206696	 -0.474380	 -0.701660	 1
1462068094.261	 16	 0.185730	 -0.470016	 -0.701996	 1
1462068094.281	 16	 0.157166	 -0.496811	 -0.642487	 1
1462068094.291	 16	 0.149902	 -0.515610	 -0.619064	 1
1462068094.311	 17	 0.153625	 -0.555359	 -0.631866	 1
1462068094.321	 17	 0.140656	 -0.520340	 -0.682831	 1
1462068094.331	 17	 0.142426	 -0.531296	 -0.697083	 1
1462068094.341	 17	 0.141602	 -0.545380	 -0.709885	 1
1462068094.351	 17	 0.145874	 -0.547775	 -0.709686	 1
1462068094.361	 17	 0.139038	 -0.546082	 -0.693131	 1
1462068094.371	 17	 0.109283	 -0.549408	 -0.703415	 1
1462068094.381	 17	 0.120193	 -0.545929	 -0.678192	 1
1462068094.391	 17	 0.123032	 -0.577423	 -0.667923	 1
1462068094.401	 17	 0.135193	 -0.591522	 -0.658157	 1
1462068094.411	 17	 0.141876	 -0.610016	 -0.685806	 1
1462068094.421	 17	 0.152176	 -0.620438	 -0.695099	 1
1462068094.431	 17	 0.154663	 -0.623398	 -0.701172	 1
1462068094.441	 17	 0.156815	 -0.622589	 -0.706314	 1
1462068094.451	 17	 0.155533	 -0.618500	 -0.704300	 1
1462068094.461	 17	 0.147217	 -0.613937	 -0.691132	 1
1462068094.471	 17	 0.138992	 -0.616394	 -0.679077	 1
1462068094.481	 17	 0.135818	 -0.620804	 -0.671967	 1
1462068094.491	 17	 0.128281	 -0.612366	 -0.687073	 1
1462068094.501	 17	 0.161316	 -0.642365	 -0.691696	 1
1462068094.511	 17	 0.169037	 -0.679962	 -0.720673	 1
1462068094.521	 17	 0.174667	 -0.667618	 -0.753204	 1
1462068094.531	 17	 0.194839	 -0.651566	 -0.775085	 1
1462068094.541	 17	 0.185074	 -0.651108	 -0.775314	 1
1462068094.551	 17	 0.160172	 -0.647537	 -0.764557	 1
1462068094.561	 17	 0.141434	 -0.633072	 -0.748535	 1
1462068094.571	 17	 0.122910	 -0.615128	 -0.731628	 1
1462068094.581	 17	 0.105377	 -0.609375	 -0.713287	 1
1462068094.591	 17	 0.086075	 -0.603607	 -0.696808	 1
1462068094.601	 17	 0.052032	 -0.605423	 -0.715576	 1
1462068094.611	 17	 0.099640	 -0.570251	 -0.655594	 1
1462068094.621	 17	 0.112549	 -0.598801	 -0.651230	 1
1462068094.631	 17	 0.096268	 -0.621902	 -0.704742	 1
1462068094.641	 17	 0.122925	 -0.605072	 -0.711105	 1
1462068094.651	 17	 0.134598	 -0.610275	 -0.730774	 1
1462068094.661	 17	 0.132767	 -0.612747	 -0.733917	 1
1462068094.671	 17	 0.117355	 -0.610367	 -0.754822	 1
1462068094.681	 17	 0.127472	 -0.607925	 -0.728806	 1
1462068094.691	 17	 0.128906	 -0.628082	 -0.715622	 1
1462068094.701	 17	 0.118881	 -0.625519	 -0.709091	 1
1462068094.711	 17	 0.123001	 -0.625549	 -0.709106	 1
1462068094.721	 17	 0.136032	 -0.631210	 -0.720032	 1
1462068094.731	 17	 0.148209	 -0.649597	 -0.727631	 1
1462068094.741	 17	 0.149139	 -0.650192	 -0.752518	 1
1462068094.751	 17	 0.149124	 -0.634888	 -0.772034	 1
1462068094.761	 17	 0.152893	 -0.630402	 -0.777573	 1
1462068094.771	 17	 0.145752	 -0.627106	 -0.779068	 1
1462068094.781	 17	 0.142014	 -0.610641	 -0.772202	 1
1462068094.791	 17	 0.133789	 -0.607330	 -0.761383	 1
1462068094.801	 17	 0.130615	 -0.612122	 -0.756393	 1
1462068094.811	 17	 0.130508	 -0.615082	 -0.756180	 1
1462068094.821	 17	 0.131699	 -0.616440	 -0.752747	 1
1462068094.831	 17	 0.133087	 -0.623596	 -0.752075	 1
1462068094.841	 17	 0.136856	 -0.630447	 -0.761673	 1
1462068094.851	 17	 0.141022	 -0.629944	 -0.769119	 1
1462068094.861	 17	 0.139236	 -0.629547	 -0.769531	 1
1462068094.871	 17	 0.136749	 -0.630646	 -0.767075	 1
1462068094.881	 17	 0.131271	 -0.628860	 -0.762283	 1
1462068094.891	 17	 0.125397	 -0.618408	 -0.755081	 1
1462068094.901	 17	 0.122238	 -0.615814	 -0.755112	 1
1462068094.911	 17	 0.121292	 -0.620621	 -0.760376	 1
1462068094.921	 17	 0.142105	 -0.623047	 -0.736511	 1
1462068094.931	 17	 0.144791	 -0.630905	 -0.722534	 1
1462068094.941	 17	 0.135330	 -0.644302	 -0.743393	 1
1462068094.951	 17	 0.141251	 -0.635773	 -0.745941	 1
1462068094.961	 17	 0.141586	 -0.628647	 -0.750504	 1
1462068094.971	 17	 0.142670	 -0.624588	 -0.759781	 1
1462068094.981	 17	 0.149979	 -0.620270	 -0.769150	 1
1462068094.991	 17	 0.153931	 -0.617554	 -0.765701	 1
1462068095.001	 18	 0.153931	 -0.621078	 -0.758743	 1
1462068095.021	 18	 0.142609	 -0.614075	 -0.741348	 1
1462068095.031	 18	 0.135269	 -0.607605	 -0.732376	 1
1462068095.041	 18	 0.130981	 -0.603928	 -0.727966	 1
1462068095.051	 18	 0.130554	 -0.605682	 -0.729492	 1
1462068095.061	 19	 0.140594	 -0.617752	 -0.731689	 1
1462068095.081	 19	 0.149033	 -0.623459	 -0.749466	 1
1462068095.091	 19	 0.151596	 -0.615616	 -0.755630	 1
1462068095.101	 19	 0.149002	 -0.612686	 -0.761536	 1
1462068095.111	 19	 0.154511	 -0.603241	 -0.767487	 1
1462068095.121	 20	 0.147858	 -0.605652	 -0.769012	 1
1462068095.141	 20	 0.137939	 -0.613876	 -0.751587	 1
1462068095.151	 20	 0.131348	 -0.612488	 -0.738068	 1
1462068095.161	 20	 0.119690	 -0.610107	 -0.728638	 1
1462068095.171	 20	 0.106552	 -0.612991	 -0.737427	 1
1462068095.181	 20	 0.117249	 -0.602570	 -0.732468	 1
1462068095.191	 20	 0.134842	 -0.595535	 -0.727219	 1
1462068095.201	 20	 0.134430	 -0.610840	 -0.753784	 1
1462068095.211	 20	 0.149551	 -0.608841	 -0.763000	 1
1462068095.221	 20	 0.155441	 -0.617706	 -0.763977	 1
1462068095.231	 20	 0.156830	 -0.614288	 -0.756042	 1
1462068095.241	 20	 0.153702	 -0.613266	 -0.746353	 1
1462068095.251	 20	 0.149734	 -0.617737	 -0.735230	 1
1462068095.261	 20	 0.142609	 -0.620346	 -0.723175	 1
1462068095.271	 20	 0.139633	 -0.622833	 -0.715347	 1
1462068095.281	 20	 0.133713	 -0.623001	 -0.708694	 1
1462068095.291	 20	 0.136459	 -0.627106	 -0.703094	 1
1462068095.301	 20	 0.137421	 -0.630951	 -0.708160	 1
1462068095.311	 20	 0.138397	 -0.632385	 -0.710037	 1
1462068095.321	 20	 0.145493	 -0.631012	 -0.710999	 1
1462068095.331	 20	 0.145538	 -0.633911	 -0.723312	 1
1462068095.341	 20	 0.144333	 -0.626434	 -0.734711	 1
1462068095.351	 20	 0.143219	 -0.619446	 -0.744125	 1
1462068095.361	 20	 0.139725	 -0.613113	 -0.748703	 1
1462068095.371	 20	 0.137192	 -0.610855	 -0.746048	 1
1462068095.381	 20	 0.130798	 -0.614655	 -0.743546	 1
1462068095.391	 20	 0.132050	 -0.617920	 -0.742432	 1
1462068095.401	 20	 0.133087	 -0.619690	 -0.743073	 1
1462068095.411	 20	 0.135086	 -0.622284	 -0.746414	 1
1462068095.421	 20	 0.138184	 -0.623703	 -0.754669	 1
1462068095.431	 20	 0.141983	 -0.621780	 -0.762314	 1
1462068095.441	 20	 0.138504	 -0.619659	 -0.763931	 1
1462068095.451	 20	 0.134949	 -0.617874	 -0.762772	 1
1462068095.461	 20	 0.131577	 -0.614120	 -0.760635	 1
1462068095.471	 20	 0.127579	 -0.610931	 -0.758087	 1
1462068095.481	 20	 0.125946	 -0.611160	 -0.747162	 1
1462068095.491	 20	 0.127808	 -0.614258	 -0.743820	 1
1462068095.501	 20	 0.132309	 -0.614334	 -0.743835	 1
1462068095.511	 20	 0.136063	 -0.624298	 -0.745666	 1
1462068095.521	 20	 0.137268	 -0.626678	 -0.750320	 1
1462068095.531	 20	 0.138901	 -0.624451	 -0.752609	 1
1462068095.541	 20	 0.135986	 -0.625565	 -0.748917	 1
1462068095.551	 20	 0.136612	 -0.624146	 -0.745361	 1
1462068095.561	 20	 0.132996	 -0.623108	 -0.739578	 1
1462068095.571	 20	 0.132065	 -0.624634	 -0.738358	 1
1462068095.581	 20	 0.133392	 -0.629364	 -0.735474	 1
1462068095.591	 20	 0.136230	 -0.634598	 -0.734879	 1
1462068095.601	 20	 0.137863	 -0.638840	 -0.734863	 1
1462068095.611	 20	 0.138763	 -0.636307	 -0.739273	 1
1462068095.621	 20	 0.138367	 -0.632324	 -0.740738	 1
1462068095.631	 20	 0.134689	 -0.628387	 -0.741730	 1
1462068095.641	 20	 0.137360	 -0.620590	 -0.744095	 1
1462068095.651	 20	 0.135147	 -0.619843	 -0.745331	 1
1462068095.661	 20	 0.137512	 -0.621292	 -0.745346	 1
1462068095.671	 20	 0.136383	 -0.630539	 -0.736877	 1
1462068095.681	 20	 0.136902	 -0.635254	 -0.733627	 1
1462068095.691	 20	 0.134384	 -0.632538	 -0.729874	 1
1462068095.701	 20	 0.127686	 -0.627640	 -0.728271	 1
1462068095.711	 20	 0.130310	 -0.622574	 -0.730087	 1
1462068095.721	 20	 0.132141	 -0.619583	 -0.738770	 1
1462068095.731	 20	 0.129974	 -0.616425	 -0.742920	 1
1462068095.741	 20	 0.135208	 -0.614487	 -0.748352	 1
1462068095.751	 20	 0.133911	 -0.612686	 -0.753891	 1
1462068095.761	 20	 0.133789	 -0.609833	 -0.758255	 1
1462068095.771	 20	 0.135162	 -0.614441	 -0.751282	 1
1462068095.781	 20	 0.135742	 -0.628860	 -0.746368	 1
1462068095.791	 20	 0.132538	 -0.638351	 -0.739517	 1
1462068095.801	 20	 0.130020	 -0.641251	 -0.727585	 1
1462068095.811	 20	 0.124283	 -0.647446	 -0.719391	 1
1462068095.821	 20	 0.120743	 -0.645142	 -0.714188	 1
1462068095.831	 20	 0.119141	 -0.640823	 -0.712433	 1
1462068095.841	 20	 0.115250	 -0.647095	 -0.715286	 1
1462068095.851	 20	 0.124939	 -0.645676	 -0.724304	 1
1462068095.861	 20	 0.131668	 -0.638458	 -0.728821	 1
1462068095.871	 20	 0.130920	 -0.634705	 -0.728104	 1
1462068095.881	 20	 0.124359	 -0.632538	 -0.729752	 1
1462068095.891	 20	 0.120987	 -0.628082	 -0.732086	 1
1462068095.901	 20	 0.122238	 -0.623016	 -0.734375	 1
1462068095.911	 20	 0.121414	 -0.619690	 -0.734451	 1
1462068095.921	 20	 0.117676	 -0.618637	 -0.738831	 1
1462068095.931	 20	 0.120056	 -0.613449	 -0.739014	 1
1462068095.941	 20	 0.117996	 -0.614075	 -0.739471	 1
1462068095.951	 20	 0.118866	 -0.622528	 -0.735291	 1
1462068095.961	 20	 0.122971	 -0.633545	 -0.732742	 1
1462068095.971	 20	 0.123840	 -0.638290	 -0.737366	 1
1462068095.981	 20	 0.124634	 -0.634750	 -0.738083	 1
1462068095.991	 20	 0.116318	 -0.635422	 -0.738892	 1
1462068096.001	 20	 0.118927	 -0.629105	 -0.740601	 1
1462068096.011	 20	 0.112442	 -0.632950	 -0.740662	 1
1462068096.021	 20	 0.117020	 -0.634583	 -0.738129	 1
1462068096.031	 20	 0.113205	 -0.629257	 -0.736740	 1
1462068096.041	 20	 0.096298	 -0.643143	 -0.739456	 1
1462068096.051	 20	 0.134995	 -0.604080	 -0.681671	 1
1462068096.061	 20	 0.107193	 -0.625458	 -0.711258	 1
1462068096.071	 20	 0.111252	 -0.624985	 -0.720688	 1
1462068096.081	 20	 0.124313	 -0.625412	 -0.728958	 1
1462068096.091	 20	 0.124680	 -0.628021	 -0.732895	 1
1462068096.101	 20	 0.125565	 -0.632111	 -0.738602	 1
1462068096.111	 20	 0.128784	 -0.636520	 -0.736526	 1
1462068096.121	 20	 0.125305	 -0.628342	 -0.739502	 1
