% Accelerometer data recorded with 'snsrlog'
% 
% Sampling frequency: 100 Hz
% 
% Label description:
% 	 0: Default Label
% 	 1: still_drop
% 	 2: walk_drop
% 	 3: other
% 	 4: dtw_same
% 	 5: dtw_diff
% 	 6: delete
% 
% Column description:
% 	 1: Seconds.milliseconds since 1970
% 	 2: Number of skipped measurements
% 	 3: Acceleration value in x-direction
% 	 4: Acceleration value in y-direction
% 	 5: Acceleration value in z-direction
% 	 6: Label used for the current sample
% 
% 
1461766141.461	 0	 0.001312	 0.002487	 -0.997116	 5
1461766141.471	 0	 0.000916	 0.002182	 -0.996872	 5
1461766141.481	 0	 0.001465	 0.003311	 -0.998093	 5
1461766141.491	 0	 0.001053	 0.002457	 -0.996429	 5
1461766141.501	 0	 0.001617	 0.002319	 -0.994049	 5
1461766141.511	 0	 0.000076	 0.003204	 -0.993286	 5
1461766141.521	 0	 0.001678	 0.002594	 -0.991943	 5
1461766141.531	 0	 0.000763	 0.003098	 -0.996582	 5
1461766141.541	 0	 0.000259	 0.004227	 -0.996796	 5
1461766141.551	 0	 0.001114	 0.003571	 -0.994019	 5
1461766141.561	 0	 0.000320	 0.003433	 -0.995300	 5
1461766141.571	 0	 0.000595	 0.002396	 -0.994476	 5
1461766141.581	 0	 0.002075	 0.004059	 -0.994797	 5
1461766141.591	 0	 0.001846	 0.003159	 -0.995087	 5
1461766141.601	 0	 0.001724	 0.001846	 -0.997559	 5
1461766141.611	 0	 0.002945	 0.004242	 -0.996201	 5
1461766141.621	 0	 0.000793	 0.003784	 -0.996506	 5
1461766141.631	 0	 0.001633	 0.003281	 -0.994949	 5
1461766141.641	 0	 0.001465	 0.002319	 -0.996094	 5
1461766141.651	 0	 0.002472	 0.003494	 -0.995270	 5
1461766141.661	 0	 0.000748	 0.003052	 -0.993393	 5
1461766141.671	 0	 0.000092	 0.001297	 -0.993896	 5
1461766141.681	 0	 0.002121	 0.001450	 -0.996872	 5
1461766141.691	 0	 0.001251	 0.002914	 -0.996292	 5
1461766141.701	 0	 -0.000900	 0.002396	 -0.993607	 5
1461766141.711	 0	 0.000748	 0.003098	 -0.992477	 5
1461766141.721	 0	 0.000717	 0.003433	 -0.995193	 5
1461766141.731	 0	 0.003250	 0.003204	 -0.994217	 5
1461766141.741	 0	 -0.000610	 0.003799	 -0.994568	 5
1461766141.751	 0	 0.000916	 0.003479	 -0.994797	 5
1461766141.761	 0	 0.001450	 0.003082	 -0.995911	 5
1461766141.771	 0	 -0.000595	 0.002823	 -0.993576	 5
1461766141.781	 0	 -0.000412	 0.003021	 -0.993622	 5
1461766141.791	 0	 0.001266	 0.003265	 -0.994125	 5
1461766141.801	 0	 0.001556	 0.002213	 -0.994064	 5
1461766141.811	 0	 0.001801	 0.003036	 -0.995270	 5
1461766141.821	 0	 0.001526	 0.002899	 -0.994247	 5
1461766141.831	 0	 -0.000580	 0.003494	 -0.995346	 5
1461766141.841	 0	 0.000473	 0.003494	 -0.994965	 5
1461766141.851	 0	 0.002975	 0.001984	 -0.994095	 5
1461766141.861	 0	 -0.000351	 0.003326	 -0.992966	 5
1461766141.871	 0	 0.001328	 0.002243	 -0.996704	 5
1461766141.881	 0	 0.001816	 0.002853	 -0.995270	 5
1461766141.891	 0	 0.000900	 0.004227	 -0.997070	 5
1461766141.901	 0	 0.001740	 0.003555	 -0.994675	 5
1461766141.911	 0	 0.000443	 0.003662	 -0.993301	 5
1461766141.921	 0	 -0.000076	 0.002640	 -0.993469	 5
1461766141.931	 0	 0.000824	 0.003052	 -0.996262	 5
1461766141.941	 0	 -0.000183	 0.003296	 -0.995117	 5
1461766141.951	 0	 -0.000793	 0.003357	 -0.994110	 5
1461766141.961	 0	 0.000885	 0.002411	 -0.995850	 5
1461766141.971	 0	 -0.000610	 0.001862	 -0.993713	 5
1461766141.981	 0	 -0.000076	 0.001785	 -0.993301	 5
1461766141.991	 0	 0.001419	 0.002731	 -0.992523	 5
1461766142.001	 0	 0.001068	 0.004700	 -0.996323	 5
1461766142.011	 0	 0.000000	 0.002274	 -0.993286	 5
1461766142.021	 0	 -0.000412	 0.002060	 -0.994629	 5
1461766142.031	 0	 0.000687	 0.003235	 -0.993149	 5
1461766142.041	 0	 0.001221	 0.003067	 -0.993729	 5
1461766142.051	 0	 -0.000412	 0.003860	 -0.991928	 5
1461766142.061	 0	 0.001266	 0.003143	 -0.994354	 5
1461766142.071	 0	 0.000565	 0.004166	 -0.992966	 5
1461766142.081	 0	 -0.000397	 0.003738	 -0.995941	 5
1461766142.091	 0	 0.000015	 0.001999	 -0.996826	 5
1461766142.101	 0	 0.000565	 0.002884	 -0.994812	 5
1461766142.111	 0	 -0.000168	 0.004868	 -0.993439	 5
1461766142.121	 0	 0.002350	 0.002167	 -0.996002	 5
1461766142.131	 0	 -0.000610	 0.004532	 -0.993164	 5
1461766142.141	 0	 0.001495	 0.003281	 -0.994278	 5
1461766142.151	 0	 0.002350	 0.004135	 -0.996246	 5
1461766142.161	 0	 0.000565	 0.003403	 -0.992996	 5
1461766142.171	 0	 -0.000488	 0.003326	 -0.994766	 5
1461766142.181	 0	 0.000824	 0.002487	 -0.995590	 5
1461766142.191	 0	 0.002792	 0.002274	 -0.993805	 5
1461766142.201	 0	 0.002243	 0.002884	 -0.994980	 5
1461766142.211	 0	 0.002106	 0.003601	 -0.994293	 5
1461766142.221	 0	 0.000748	 0.002228	 -0.992752	 5
1461766142.231	 0	 0.001480	 0.003128	 -0.995071	 5
1461766142.241	 0	 0.000671	 0.002060	 -0.997833	 5
1461766142.251	 0	 -0.000671	 0.002655	 -0.993027	 5
1461766142.261	 0	 0.001068	 0.003815	 -0.995041	 5
1461766142.271	 0	 0.000793	 0.002670	 -0.995392	 5
1461766142.281	 0	 -0.000412	 0.002121	 -0.995117	 5
1461766142.291	 0	 0.001740	 0.001999	 -0.994156	 5
1461766142.301	 0	 0.000961	 0.002426	 -0.995285	 5
1461766142.311	 0	 -0.000397	 0.001709	 -0.993378	 5
1461766142.321	 0	 0.000443	 0.002472	 -0.993927	 5
1461766142.331	 0	 -0.000702	 0.004562	 -0.996582	 5
1461766142.341	 0	 0.001678	 0.003723	 -0.994110	 5
1461766142.351	 0	 0.000504	 0.001801	 -0.995193	 5
1461766142.361	 0	 0.001221	 0.003250	 -0.993622	 5
1461766142.371	 0	 0.002182	 0.005142	 -0.994858	 5
1461766142.381	 0	 0.001205	 0.002731	 -0.994568	 5
1461766142.391	 0	 0.001968	 0.003510	 -0.993927	 5
1461766142.401	 0	 0.000259	 0.002396	 -0.995636	 5
1461766142.411	 0	 0.001129	 0.003250	 -0.995682	 5
1461766142.421	 1	 0.001053	 0.002396	 -0.994186	 5
1461766142.441	 1	 0.001724	 0.003555	 -0.996246	 5
1461766142.451	 1	 0.001541	 0.001938	 -0.995468	 5
1461766142.461	 1	 0.001175	 0.004562	 -0.995071	 5
1461766142.471	 1	 0.000687	 0.002274	 -0.994247	 5
1461766142.481	 1	 0.000870	 0.003998	 -0.994934	 5
1461766142.491	 1	 -0.000214	 0.002838	 -0.993149	 5
1461766142.501	 1	 0.001740	 0.004272	 -0.995132	 5
1461766142.511	 1	 0.000290	 0.003006	 -0.995529	 5
1461766142.521	 1	 -0.000107	 0.002670	 -0.993057	 5
1461766142.531	 1	 0.001297	 0.002945	 -0.994995	 5
1461766142.541	 1	 0.000687	 0.002472	 -0.995560	 5
1461766142.551	 1	 0.002335	 0.003784	 -0.994400	 5
1461766142.561	 1	 0.000580	 0.002716	 -0.994339	 5
1461766142.571	 1	 -0.000992	 0.003723	 -0.993790	 5
1461766142.581	 1	 0.001724	 0.005417	 -0.994064	 5
1461766142.591	 1	 0.002304	 0.002975	 -0.994415	 5
1461766142.601	 1	 0.000107	 0.003860	 -0.996201	 5
1461766142.611	 1	 0.002380	 0.002411	 -0.995346	 5
1461766142.621	 1	 0.000351	 0.002411	 -0.996078	 5
1461766142.631	 1	 0.001785	 0.002655	 -0.994186	 5
1461766142.641	 1	 0.001526	 0.002289	 -0.993942	 5
1461766142.651	 1	 -0.000961	 0.002441	 -0.995712	 5
1461766142.661	 1	 -0.000534	 0.003799	 -0.992203	 5
1461766142.671	 1	 0.001190	 0.003769	 -0.995407	 5
1461766142.681	 1	 0.001785	 0.003601	 -0.994949	 5
1461766142.691	 1	 -0.000061	 0.002487	 -0.996429	 5
1461766142.701	 1	 0.001694	 0.003128	 -0.995911	 5
1461766142.711	 1	 0.002594	 0.003235	 -0.994705	 5
1461766142.721	 1	 0.000626	 0.004593	 -0.994308	 5
1461766142.731	 1	 0.001053	 0.002792	 -0.992920	 5
1461766142.741	 1	 0.000427	 0.003708	 -0.994141	 5
1461766142.751	 2	 -0.001053	 0.003510	 -0.994629	 5
1461766142.771	 2	 0.002975	 0.003204	 -0.994232	 5
1461766142.781	 2	 0.000946	 0.002686	 -0.993286	 5
1461766142.791	 2	 0.001404	 0.004105	 -0.993988	 5
1461766142.801	 2	 0.001007	 0.003769	 -0.993332	 5
1461766142.811	 2	 0.002869	 0.003708	 -0.995331	 5
1461766142.821	 2	 0.000732	 0.003098	 -0.994553	 5
1461766142.831	 2	 0.001038	 0.002411	 -0.993835	 5
1461766142.841	 2	 0.000198	 0.003113	 -0.994537	 5
1461766142.851	 2	 -0.000961	 0.002838	 -0.993942	 5
1461766142.861	 2	 -0.000320	 0.002853	 -0.992813	 5
1461766142.871	 2	 0.000427	 0.003433	 -0.996017	 5
1461766142.881	 2	 0.000854	 0.003403	 -0.994507	 5
1461766142.891	 2	 0.000961	 0.001968	 -0.995926	 5
1461766142.901	 2	 0.000641	 0.001648	 -0.995697	 5
1461766142.911	 2	 0.002563	 0.001846	 -0.992859	 5
1461766142.921	 2	 0.000153	 0.003311	 -0.993683	 5
1461766142.931	 2	 0.000839	 0.002869	 -0.994766	 5
1461766142.941	 2	 0.001236	 0.002838	 -0.994751	 5
1461766142.951	 2	 0.000946	 0.004028	 -0.994385	 5
1461766142.961	 2	 0.003677	 0.002899	 -0.993301	 5
1461766142.971	 2	 0.001648	 0.002808	 -0.995514	 5
1461766142.981	 2	 0.000351	 0.002151	 -0.996277	 5
1461766142.990	 2	 0.001709	 0.002853	 -0.995300	 5
1461766143.010	 3	 0.000717	 0.003647	 -0.996735	 5
1461766143.020	 3	 -0.000854	 0.002701	 -0.996567	 5
1461766143.030	 3	 -0.000595	 0.002243	 -0.994827	 5
1461766143.040	 3	 0.003098	 0.003021	 -0.993134	 5
1461766143.050	 3	 -0.000320	 0.002472	 -0.995270	 5
1461766143.060	 3	 0.001221	 0.002045	 -0.995392	 5
1461766143.070	 3	 -0.000214	 0.002457	 -0.993210	 5
1461766143.080	 3	 0.000290	 0.002213	 -0.993591	 5
1461766143.090	 3	 0.002518	 0.004257	 -0.994949	 5
1461766143.100	 3	 0.001709	 0.004303	 -0.994598	 5
1461766143.110	 3	 0.000336	 0.003738	 -0.995865	 5
1461766143.120	 3	 0.000076	 0.003006	 -0.994766	 5
1461766143.130	 3	 0.000488	 0.002655	 -0.994919	 5
1461766143.140	 3	 0.002258	 0.001144	 -0.994415	 5
1461766143.150	 3	 0.000244	 0.004105	 -0.993790	 5
1461766143.160	 3	 0.000244	 0.001816	 -0.994537	 5
1461766143.170	 3	 0.001221	 0.003235	 -0.991608	 5
1461766143.180	 3	 0.001282	 0.004044	 -0.995483	 5
1461766143.190	 3	 0.000793	 0.002777	 -0.996918	 5
1461766143.200	 3	 0.001175	 0.003601	 -0.995224	 5
1461766143.210	 3	 0.000946	 0.002182	 -0.994125	 5
1461766143.220	 3	 -0.001648	 0.002655	 -0.993912	 5
1461766143.230	 3	 -0.000122	 0.002304	 -0.992477	 5
1461766143.240	 3	 0.001007	 0.002594	 -0.995865	 5
1461766143.250	 3	 0.002258	 0.004684	 -0.995163	 5
1461766143.260	 3	 0.001068	 0.003983	 -0.994141	 5
1461766143.270	 3	 0.001282	 0.002472	 -0.994598	 5
1461766143.280	 3	 0.000671	 0.003296	 -0.995834	 5
1461766143.290	 3	 0.000015	 0.003357	 -0.994507	 5
1461766143.300	 3	 0.000610	 0.002975	 -0.992065	 5
1461766143.310	 3	 0.001617	 0.003555	 -0.994659	 5
1461766143.320	 3	 0.002335	 0.003693	 -0.993118	 5
1461766143.330	 3	 0.000824	 0.004776	 -0.996704	 5
1461766143.340	 3	 0.000793	 0.003281	 -0.995468	 5
1461766143.350	 3	 -0.000076	 0.002365	 -0.995270	 5
1461766143.360	 3	 0.001953	 0.003998	 -0.994782	 5
1461766143.370	 3	 0.001663	 0.003403	 -0.994141	 5
1461766143.380	 3	 0.002594	 0.001663	 -0.992889	 5
1461766143.390	 3	 0.001617	 0.003372	 -0.993393	 5
1461766143.400	 3	 -0.000793	 0.003357	 -0.995163	 5
1461766143.410	 3	 0.002686	 0.002380	 -0.995575	 5
1461766143.420	 3	 0.001404	 0.002350	 -0.992813	 5
1461766143.430	 3	 0.002045	 0.004044	 -0.995132	 5
1461766143.440	 3	 -0.000244	 0.003876	 -0.992798	 5
1461766143.450	 3	 -0.000549	 0.003052	 -0.994049	 5
1461766143.460	 3	 0.001312	 0.002426	 -0.993851	 5
1461766143.470	 3	 0.001724	 0.001572	 -0.994247	 5
1461766143.480	 3	 0.001694	 0.002899	 -0.995422	 5
1461766143.490	 3	 0.002228	 0.003235	 -0.995499	 5
1461766143.500	 3	 -0.000076	 0.003494	 -0.994461	 5
1461766143.510	 3	 -0.000137	 0.002029	 -0.996048	 5
1461766143.520	 3	 0.000977	 0.003815	 -0.996674	 5
1461766143.530	 3	 0.000076	 0.001999	 -0.994705	 5
1461766143.540	 3	 0.002319	 0.003036	 -0.995636	 5
1461766143.550	 3	 0.000443	 0.002441	 -0.991715	 5
1461766143.560	 3	 0.000381	 0.002380	 -0.994019	 5
1461766143.570	 3	 0.002289	 0.002838	 -0.994492	 5
1461766143.580	 3	 -0.000290	 0.003784	 -0.994324	 5
1461766143.590	 3	 0.002060	 0.003601	 -0.995041	 5
1461766143.600	 3	 0.001038	 0.002975	 -0.993835	 5
1461766143.610	 3	 0.000885	 0.002625	 -0.994553	 5
1461766143.620	 3	 -0.000015	 0.002045	 -0.995224	 5
1461766143.630	 3	 -0.000168	 0.002701	 -0.994202	 5
1461766143.640	 3	 0.000854	 0.002838	 -0.996185	 5
1461766143.650	 3	 0.000916	 0.003098	 -0.995605	 5
1461766143.660	 3	 0.001465	 0.003357	 -0.992630	 5
1461766143.670	 3	 0.001328	 0.003311	 -0.992050	 5
1461766143.680	 3	 -0.001099	 0.004166	 -0.994476	 5
1461766143.690	 3	 0.001389	 0.002182	 -0.994965	 5
1461766143.700	 3	 0.000351	 0.002808	 -0.994370	 5
1461766143.710	 3	 0.000214	 0.003204	 -0.996414	 5
1461766143.720	 3	 0.001709	 0.002243	 -0.994553	 5
1461766143.730	 3	 0.002960	 0.003296	 -0.992691	 5
1461766143.750	 4	 0.001175	 0.003616	 -0.994736	 5
1461766143.760	 4	 0.003403	 0.002792	 -0.994537	 5
1461766143.770	 4	 0.001740	 0.002640	 -0.994186	 5
1461766143.780	 4	 0.001068	 0.005219	 -0.995193	 5
1461766143.800	 5	 0.000015	 0.001495	 -0.994019	 5
1461766143.810	 5	 0.000732	 0.002136	 -0.992706	 5
1461766143.820	 5	 0.001251	 0.002701	 -0.994354	 5
1461766143.830	 5	 0.002365	 0.003159	 -0.995071	 5
1461766143.840	 5	 0.000412	 0.004852	 -0.995972	 5
1461766143.850	 5	 0.000031	 0.003983	 -0.994995	 5
1461766143.860	 5	 0.002197	 0.003098	 -0.994385	 5
1461766143.870	 5	 0.002075	 0.002731	 -0.993423	 5
1461766143.880	 5	 0.000198	 0.002609	 -0.992966	 5
1461766143.890	 5	 0.000153	 0.004395	 -0.992905	 5
1461766143.900	 5	 0.001373	 0.003616	 -0.994766	 5
1461766143.910	 5	 0.002991	 0.001419	 -0.995544	 5
1461766143.920	 5	 -0.001328	 0.003677	 -0.994598	 5
1461766143.930	 5	 0.000961	 0.001740	 -0.995804	 5
1461766143.940	 5	 0.001114	 0.003403	 -0.992477	 5
1461766143.950	 5	 0.001083	 0.002625	 -0.993103	 5
1461766143.960	 5	 -0.000610	 0.002853	 -0.994827	 5
1461766143.970	 5	 -0.000015	 0.002899	 -0.994431	 5
1461766143.980	 5	 0.001297	 0.003632	 -0.995560	 5
1461766143.990	 5	 0.000473	 0.002930	 -0.995438	 5
1461766144.000	 5	 0.000687	 0.003708	 -0.994370	 5
1461766144.010	 5	 0.003113	 0.002518	 -0.994873	 5
1461766144.020	 5	 0.000824	 0.003113	 -0.993515	 5
1461766144.030	 5	 0.001373	 0.003845	 -0.993546	 5
1461766144.040	 6	 0.001251	 0.002518	 -0.994339	 5
1461766144.060	 6	 0.000778	 0.002274	 -0.994888	 5
1461766144.070	 6	 -0.000290	 0.001984	 -0.994400	 5
1461766144.080	 6	 -0.000275	 0.002762	 -0.994202	 5
1461766144.090	 6	 0.001129	 0.004318	 -0.994720	 5
1461766144.100	 6	 0.001587	 0.003250	 -0.994675	 5
1461766144.110	 6	 0.000687	 0.002899	 -0.993042	 5
1461766144.120	 6	 0.000412	 0.003525	 -0.995483	 5
1461766144.130	 6	 0.001984	 0.003113	 -0.994324	 5
1461766144.150	 7	 0.001297	 0.002396	 -0.994812	 5
1461766144.160	 7	 -0.000931	 0.002502	 -0.992859	 5
1461766144.170	 7	 0.000717	 0.002304	 -0.993881	 5
1461766144.180	 7	 0.001175	 0.002396	 -0.994598	 5
1461766144.190	 7	 0.000000	 0.002594	 -0.995453	 5
1461766144.200	 7	 0.000854	 0.003387	 -0.995834	 5
1461766144.210	 7	 -0.000137	 0.002457	 -0.994019	 5
1461766144.220	 7	 -0.000229	 0.002380	 -0.995529	 5
1461766144.230	 7	 0.000565	 0.003021	 -0.993317	 5
1461766144.240	 7	 -0.001312	 0.001709	 -0.995392	 5
1461766144.250	 7	 0.000549	 0.003067	 -0.993683	 5
1461766144.260	 7	 0.001587	 0.003464	 -0.992691	 5
1461766144.270	 7	 0.001770	 0.003174	 -0.994278	 5
1461766144.280	 7	 0.002579	 0.003525	 -0.996246	 5
1461766144.290	 7	 -0.000168	 0.002899	 -0.995544	 5
1461766144.300	 7	 0.000748	 0.001923	 -0.996017	 5
1461766144.310	 7	 -0.000305	 0.002609	 -0.993637	 5
1461766144.320	 8	 0.000366	 0.002808	 -0.994629	 5
1461766144.340	 8	 0.000534	 0.002670	 -0.995087	 5
1461766144.350	 8	 0.002151	 0.001068	 -0.994827	 5
1461766144.360	 8	 0.001587	 0.003403	 -0.994507	 5
1461766144.370	 8	 0.002380	 0.003662	 -0.996292	 5
1461766144.380	 8	 0.001587	 0.004196	 -0.993881	 5
1461766144.390	 8	 -0.000854	 0.003006	 -0.993713	 5
1461766144.400	 8	 -0.000687	 0.002457	 -0.993912	 5
1461766144.410	 8	 -0.000229	 0.002106	 -0.993698	 5
1461766144.420	 8	 -0.000412	 0.002823	 -0.993286	 5
1461766144.430	 8	 0.001541	 0.002075	 -0.993774	 5
1461766144.440	 8	 0.001877	 0.002457	 -0.994476	 5
1461766144.450	 8	 0.000000	 0.003845	 -0.991974	 5
1461766144.460	 8	 0.001999	 0.003006	 -0.992569	 5
1461766144.470	 8	 0.000458	 0.002945	 -0.994431	 5
1461766144.480	 8	 0.000198	 0.001831	 -0.994202	 5
1461766144.490	 8	 0.000412	 0.002686	 -0.993088	 5
1461766144.500	 8	 0.000397	 0.002884	 -0.994019	 5
1461766144.510	 8	 -0.001816	 0.003296	 -0.993362	 5
1461766144.520	 8	 0.001465	 0.001968	 -0.993500	 5
1461766144.530	 8	 -0.001190	 0.003830	 -0.991745	 5
1461766144.540	 8	 0.000641	 0.002808	 -0.994064	 5
1461766144.550	 8	 0.001038	 0.002213	 -0.992599	 5
1461766144.560	 9	 0.001526	 0.003494	 -0.993790	 5
1461766144.580	 9	 0.001389	 0.004120	 -0.994156	 5
1461766144.590	 9	 0.001099	 0.004196	 -0.997269	 5
1461766144.600	 9	 -0.001144	 0.003601	 -0.996063	 5
1461766144.610	 9	 0.001053	 0.002838	 -0.996872	 5
1461766144.620	 10	 0.001450	 0.003174	 -0.996475	 5
1461766144.640	 10	 -0.000107	 0.002792	 -0.997696	 5
1461766144.650	 10	 -0.001068	 0.004517	 -0.996292	 5
1461766144.660	 10	 0.000153	 0.002365	 -0.995209	 5
1461766144.670	 10	 -0.000961	 0.001068	 -0.994827	 5
1461766144.690	 11	 -0.002258	 0.002258	 -0.994965	 5
1461766144.700	 11	 -0.001724	 0.002243	 -0.993118	 5
1461766144.710	 11	 -0.002731	 0.004150	 -0.993378	 5
1461766144.720	 11	 -0.002533	 0.001984	 -0.991882	 5
1461766144.730	 11	 -0.000015	 0.003754	 -0.996277	 5
1461766144.740	 12	 -0.001694	 0.001770	 -0.996826	 5
1461766144.760	 12	 -0.002869	 0.002808	 -0.993393	 5
1461766144.770	 12	 0.001526	 0.003830	 -0.999619	 5
1461766144.780	 12	 -0.004578	 0.002548	 -0.989639	 5
1461766144.790	 12	 0.001022	 0.004150	 -0.998627	 5
1461766144.800	 12	 -0.004669	 0.003723	 -0.991318	 5
1461766144.810	 12	 -0.001434	 0.005219	 -0.999466	 5
1461766144.820	 12	 0.005402	 0.017822	 -0.995316	 5
1461766144.830	 12	 0.027786	 0.044739	 -0.996307	 5
1461766144.840	 12	 -0.016342	 0.002823	 -0.994507	 5
1461766144.850	 12	 -0.035843	 -0.011810	 -0.993073	 5
1461766144.860	 12	 -0.027695	 -0.007416	 -0.991745	 5
1461766144.870	 12	 -0.001022	 0.005814	 -0.994461	 5
1461766144.880	 12	 -0.005127	 0.004379	 -0.995804	 5
1461766144.890	 12	 -0.002884	 0.003464	 -1.000076	 5
1461766144.900	 12	 -0.003174	 0.006042	 -0.999741	 5
1461766144.910	 12	 -0.004532	 0.004669	 -0.995789	 5
1461766144.920	 12	 -0.003586	 0.005157	 -0.996689	 5
1461766144.930	 12	 -0.008194	 0.000534	 -0.990463	 5
1461766144.940	 12	 -0.043961	 -0.002197	 -1.005417	 5
1461766144.950	 12	 -0.010437	 0.023026	 -0.996063	 5
1461766144.960	 12	 0.011246	 0.034439	 -1.003204	 5
1461766144.970	 12	 0.013657	 0.005173	 -0.996353	 5
1461766144.980	 12	 0.007553	 0.006897	 -1.000839	 5
1461766144.990	 12	 -0.013657	 0.014084	 -0.991303	 5
1461766145.000	 12	 -0.024902	 0.031372	 -0.994186	 5
1461766145.010	 12	 -0.029495	 0.015945	 -0.993362	 5
1461766145.020	 12	 0.004913	 0.016891	 -0.990753	 5
1461766145.030	 12	 0.000610	 0.039291	 -0.992325	 5
1461766145.040	 12	 0.003891	 0.049484	 -1.000885	 5
1461766145.050	 12	 -0.002640	 0.084137	 -1.004105	 5
1461766145.060	 12	 -0.011948	 0.087372	 -0.992249	 5
1461766145.080	 13	 -0.040298	 0.064301	 -0.999146	 5
1461766145.090	 13	 -0.016586	 0.048630	 -0.986557	 5
1461766145.100	 13	 0.011292	 0.026932	 -1.009933	 5
1461766145.110	 13	 -0.014404	 0.084213	 -0.997543	 5
1461766145.120	 13	 -0.012436	 0.111801	 -1.021118	 5
1461766145.130	 13	 -0.004059	 0.112091	 -1.022888	 5
1461766145.140	 13	 0.015549	 0.107086	 -1.016342	 5
1461766145.150	 13	 0.024231	 0.117706	 -1.024704	 5
1461766145.160	 13	 0.028259	 0.156494	 -1.022125	 5
1461766145.170	 13	 0.017776	 0.173569	 -1.037369	 5
1461766145.180	 13	 0.010086	 0.138626	 -1.064590	 5
1461766145.190	 13	 0.011826	 0.060257	 -1.089218	 5
1461766145.200	 13	 0.023819	 0.024536	 -1.101028	 5
1461766145.210	 13	 0.021561	 0.042023	 -1.089844	 5
1461766145.220	 13	 0.008377	 0.083817	 -1.096024	 5
1461766145.230	 13	 0.003876	 0.123932	 -1.121658	 5
1461766145.240	 13	 0.008911	 0.184418	 -1.116348	 5
1461766145.250	 13	 0.070831	 0.181915	 -1.077866	 5
1461766145.260	 13	 0.127136	 0.193817	 -1.041626	 5
1461766145.270	 14	 0.125793	 0.239929	 -1.015106	 5
1461766145.290	 14	 0.112732	 0.249466	 -0.990036	 5
1461766145.300	 14	 0.040344	 0.261826	 -1.021774	 5
1461766145.310	 14	 -0.001892	 0.242203	 -1.039719	 5
1461766145.320	 14	 -0.009476	 0.202133	 -1.034500	 5
1461766145.330	 14	 0.003616	 0.184769	 -1.029983	 5
1461766145.340	 14	 0.015823	 0.172974	 -1.022446	 5
1461766145.350	 14	 0.019760	 0.171051	 -1.016525	 5
1461766145.360	 14	 0.025055	 0.219238	 -1.029572	 5
1461766145.370	 14	 0.058762	 0.255646	 -1.006149	 5
1461766145.380	 14	 0.078583	 0.243988	 -0.980087	 5
1461766145.390	 14	 0.105820	 0.249634	 -0.988525	 5
1461766145.410	 15	 0.149063	 0.246933	 -0.987518	 5
1461766145.420	 15	 0.108231	 0.251465	 -0.998489	 5
1461766145.430	 15	 0.059113	 0.243225	 -1.021408	 5
1461766145.440	 15	 0.031067	 0.224686	 -1.012543	 5
1461766145.450	 16	 0.022552	 0.229370	 -1.001144	 5
1461766145.470	 16	 0.031357	 0.279663	 -0.926636	 5
1461766145.480	 16	 0.059021	 0.339554	 -0.914505	 5
1461766145.490	 16	 0.118835	 0.384766	 -0.897705	 5
1461766145.500	 16	 0.125717	 0.378510	 -0.889648	 5
1461766145.510	 17	 0.088882	 0.367142	 -0.910721	 5
1461766145.530	 17	 0.013840	 0.315399	 -0.936951	 5
1461766145.540	 17	 0.013657	 0.287613	 -0.917587	 5
1461766145.550	 17	 0.013123	 0.265915	 -0.881653	 5
1461766145.560	 17	 -0.002975	 0.235809	 -0.855347	 5
1461766145.570	 17	 -0.025208	 0.221222	 -0.867600	 5
1461766145.580	 17	 -0.011826	 0.278625	 -0.871017	 5
1461766145.590	 17	 -0.009384	 0.278366	 -0.821167	 5
1461766145.600	 17	 0.019714	 0.306076	 -0.831665	 5
1461766145.610	 17	 0.036957	 0.302826	 -0.831421	 5
1461766145.620	 17	 0.039062	 0.282181	 -0.847687	 5
1461766145.630	 17	 0.071320	 0.310287	 -0.852203	 5
1461766145.640	 17	 0.072510	 0.266052	 -0.840790	 5
1461766145.650	 17	 0.083298	 0.250015	 -0.887177	 5
1461766145.660	 17	 0.084244	 0.251816	 -0.903778	 5
1461766145.670	 17	 0.085144	 0.264572	 -0.918747	 5
1461766145.680	 17	 0.086716	 0.247055	 -0.932114	 5
1461766145.690	 17	 0.112152	 0.255844	 -0.944000	 5
1461766145.700	 17	 0.146179	 0.269928	 -0.962402	 5
1461766145.710	 17	 0.151306	 0.280273	 -0.965988	 5
1461766145.720	 17	 0.151962	 0.313232	 -0.982346	 5
1461766145.730	 17	 0.151886	 0.302368	 -0.988968	 5
1461766145.740	 17	 0.140808	 0.311554	 -0.994476	 5
1461766145.750	 17	 0.124222	 0.339859	 -0.999649	 5
1461766145.760	 17	 0.093613	 0.353958	 -0.988693	 5
1461766145.770	 17	 0.079376	 0.364914	 -0.973785	 5
1461766145.780	 17	 0.084137	 0.385468	 -0.974152	 5
1461766145.790	 17	 0.110077	 0.394669	 -0.976776	 5
1461766145.800	 17	 0.124023	 0.401031	 -0.969910	 5
1461766145.810	 17	 0.084885	 0.425323	 -0.979889	 5
1461766145.820	 17	 0.018723	 0.464340	 -1.002106	 5
1461766145.830	 17	 0.010620	 0.493576	 -1.005905	 5
1461766145.840	 17	 0.028671	 0.504425	 -0.995377	 5
1461766145.850	 17	 0.037765	 0.508102	 -0.989593	 5
1461766145.860	 17	 0.039322	 0.505997	 -1.001114	 5
1461766145.870	 17	 0.039337	 0.488998	 -0.985611	 5
1461766145.880	 17	 0.023834	 0.504379	 -0.961121	 5
1461766145.890	 17	 0.002625	 0.551636	 -0.956482	 5
1461766145.900	 17	 -0.014969	 0.570526	 -0.952881	 5
1461766145.910	 17	 -0.042847	 0.586487	 -0.935898	 5
1461766145.920	 17	 -0.041153	 0.596695	 -0.931015	 5
1461766145.930	 17	 -0.044556	 0.599716	 -0.920563	 5
1461766145.940	 17	 -0.042175	 0.618546	 -0.909027	 5
1461766145.950	 17	 -0.022919	 0.626999	 -0.913010	 5
1461766145.960	 17	 -0.020279	 0.615555	 -0.908005	 5
1461766145.970	 17	 -0.008911	 0.616470	 -0.916779	 5
1461766145.980	 17	 0.001694	 0.607697	 -0.902420	 5
1461766145.990	 17	 0.009613	 0.610947	 -0.908569	 5
1461766146.000	 17	 -0.028214	 0.598953	 -0.927002	 5
1461766146.010	 17	 -0.057510	 0.553055	 -0.939484	 5
1461766146.020	 17	 -0.088593	 0.531906	 -0.930481	 5
1461766146.030	 17	 -0.102890	 0.564240	 -0.923431	 5
1461766146.040	 17	 -0.105179	 0.588379	 -0.887772	 5
1461766146.050	 17	 -0.091705	 0.613632	 -0.861557	 5
1461766146.060	 17	 -0.061523	 0.613449	 -0.863968	 5
1461766146.070	 17	 -0.027725	 0.598465	 -0.878296	 5
1461766146.080	 17	 0.002899	 0.565048	 -0.883560	 5
1461766146.090	 17	 0.005035	 0.530731	 -0.903046	 5
1461766146.100	 17	 -0.010284	 0.500916	 -0.931564	 5
1461766146.110	 17	 -0.028168	 0.478226	 -0.927506	 5
1461766146.120	 17	 -0.029892	 0.468536	 -0.909653	 5
1461766146.130	 17	 -0.059280	 0.445694	 -0.902954	 5
1461766146.140	 17	 -0.089981	 0.432693	 -0.891418	 5
1461766146.150	 17	 -0.089676	 0.453980	 -0.872192	 5
1461766146.160	 17	 -0.064194	 0.467484	 -0.846191	 5
1461766146.170	 17	 -0.074692	 0.452957	 -0.802078	 5
1461766146.180	 17	 -0.094635	 0.461548	 -0.780808	 5
1461766146.190	 17	 -0.113480	 0.487732	 -0.782730	 5
1461766146.200	 17	 -0.150574	 0.495560	 -0.780624	 5
1461766146.210	 17	 -0.175995	 0.509277	 -0.794220	 5
1461766146.220	 17	 -0.218170	 0.499069	 -0.813110	 5
1461766146.230	 17	 -0.248764	 0.499985	 -0.802795	 5
1461766146.240	 17	 -0.260147	 0.523163	 -0.781128	 5
1461766146.250	 17	 -0.257248	 0.537155	 -0.741562	 5
1461766146.260	 17	 -0.250275	 0.543777	 -0.709030	 5
1461766146.270	 17	 -0.269028	 0.570450	 -0.683472	 5
1461766146.280	 17	 -0.298187	 0.601486	 -0.658569	 5
1461766146.290	 17	 -0.315506	 0.626236	 -0.637589	 5
1461766146.300	 17	 -0.308975	 0.633011	 -0.634201	 5
1461766146.310	 17	 -0.312408	 0.637817	 -0.641785	 5
1461766146.320	 17	 -0.329453	 0.644577	 -0.649612	 5
1461766146.330	 17	 -0.349121	 0.646088	 -0.654938	 5
1461766146.340	 17	 -0.350220	 0.642197	 -0.663742	 5
1461766146.350	 17	 -0.357132	 0.637054	 -0.654770	 5
1461766146.360	 17	 -0.368317	 0.661621	 -0.644119	 5
1461766146.370	 17	 -0.391464	 0.691071	 -0.626526	 5
1461766146.380	 17	 -0.404861	 0.706772	 -0.613541	 5
1461766146.390	 17	 -0.390579	 0.725449	 -0.608597	 5
1461766146.400	 17	 -0.364441	 0.739517	 -0.600891	 5
1461766146.410	 17	 -0.347351	 0.734085	 -0.594299	 5
1461766146.420	 17	 -0.370193	 0.722778	 -0.594070	 5
1461766146.430	 17	 -0.415619	 0.733734	 -0.597763	 5
1461766146.440	 17	 -0.426254	 0.754822	 -0.611801	 5
1461766146.450	 17	 -0.415588	 0.735947	 -0.617264	 5
1461766146.460	 17	 -0.392868	 0.697388	 -0.622772	 5
1461766146.470	 17	 -0.400558	 0.687378	 -0.632935	 5
1461766146.480	 17	 -0.439163	 0.699661	 -0.625366	 5
1461766146.490	 17	 -0.449738	 0.726929	 -0.623672	 5
1461766146.500	 17	 -0.440720	 0.743897	 -0.606384	 5
1461766146.510	 17	 -0.426254	 0.729141	 -0.594025	 5
1461766146.520	 17	 -0.402496	 0.721466	 -0.602402	 5
1461766146.530	 17	 -0.372421	 0.719040	 -0.614883	 5
1461766146.540	 17	 -0.347763	 0.703812	 -0.626526	 5
1461766146.550	 17	 -0.363083	 0.679474	 -0.620026	 5
1461766146.560	 17	 -0.398956	 0.703369	 -0.615234	 5
1461766146.570	 17	 -0.412811	 0.734924	 -0.622040	 5
1461766146.580	 17	 -0.405182	 0.728439	 -0.617508	 5
1461766146.590	 17	 -0.385040	 0.712753	 -0.615799	 5
1461766146.600	 17	 -0.384674	 0.711548	 -0.607849	 5
1461766146.610	 17	 -0.377243	 0.724945	 -0.611649	 5
1461766146.620	 17	 -0.378357	 0.722183	 -0.617340	 5
1461766146.630	 17	 -0.370331	 0.718475	 -0.621628	 5
1461766146.640	 17	 -0.385818	 0.705246	 -0.606430	 5
1461766146.650	 17	 -0.400848	 0.721664	 -0.594986	 5
1461766146.660	 17	 -0.393372	 0.745834	 -0.609207	 5
1461766146.670	 17	 -0.388474	 0.735901	 -0.602875	 5
1461766146.680	 17	 -0.368591	 0.722687	 -0.602859	 5
1461766146.690	 17	 -0.353775	 0.720902	 -0.606323	 5
1461766146.700	 17	 -0.349411	 0.716797	 -0.613144	 5
1461766146.710	 17	 -0.357391	 0.712173	 -0.618042	 5
1461766146.720	 17	 -0.354034	 0.722794	 -0.619080	 5
1461766146.730	 17	 -0.353287	 0.720734	 -0.611450	 5
1461766146.740	 17	 -0.348724	 0.722397	 -0.613922	 5
1461766146.750	 17	 -0.339294	 0.725906	 -0.621140	 5
1461766146.760	 17	 -0.335175	 0.721207	 -0.606384	 5
1461766146.770	 17	 -0.323868	 0.724731	 -0.610794	 5
1461766146.780	 17	 -0.328445	 0.737961	 -0.617203	 5
1461766146.790	 17	 -0.363098	 0.743851	 -0.604568	 5
1461766146.800	 17	 -0.389511	 0.757141	 -0.587341	 5
1461766146.810	 17	 -0.388763	 0.748154	 -0.576385	 5
1461766146.820	 17	 -0.363327	 0.734833	 -0.577057	 5
1461766146.830	 17	 -0.347748	 0.730514	 -0.587250	 5
1461766146.840	 17	 -0.354599	 0.723038	 -0.594803	 5
1461766146.850	 17	 -0.371429	 0.722458	 -0.600922	 5
1461766146.860	 17	 -0.380386	 0.718735	 -0.602844	 5
1461766146.870	 17	 -0.382690	 0.714554	 -0.602432	 5
1461766146.880	 17	 -0.392349	 0.718872	 -0.589798	 5
1461766146.890	 17	 -0.391022	 0.749329	 -0.583145	 5
1461766146.900	 17	 -0.385010	 0.764709	 -0.582596	 5
1461766146.910	 17	 -0.385208	 0.761002	 -0.570480	 5
1461766146.920	 17	 -0.382370	 0.768860	 -0.570740	 5
1461766146.930	 17	 -0.386353	 0.770126	 -0.563263	 5
1461766146.940	 17	 -0.389572	 0.762070	 -0.553314	 5
1461766146.950	 17	 -0.384079	 0.762955	 -0.571167	 5
1461766146.960	 17	 -0.390381	 0.754944	 -0.569931	 5
1461766146.970	 17	 -0.390930	 0.750854	 -0.573013	 5
1461766146.980	 17	 -0.396271	 0.761414	 -0.588577	 5
1461766146.990	 17	 -0.428909	 0.764862	 -0.574875	 5
1461766147.000	 17	 -0.439255	 0.788712	 -0.562881	 5
1461766147.010	 17	 -0.435074	 0.800720	 -0.555573	 5
1461766147.020	 17	 -0.416077	 0.791534	 -0.546616	 5
1461766147.030	 17	 -0.388199	 0.778717	 -0.541489	 5
1461766147.040	 17	 -0.372833	 0.772568	 -0.545883	 5
1461766147.050	 17	 -0.373703	 0.774811	 -0.555008	 5
1461766147.060	 17	 -0.400085	 0.763092	 -0.559555	 5
1461766147.070	 17	 -0.427170	 0.751999	 -0.568542	 5
1461766147.080	 17	 -0.425354	 0.750046	 -0.584808	 5
1461766147.090	 17	 -0.425354	 0.750046	 -0.584808	 5
1461766147.100	 17	 -0.384613	 0.724930	 -0.579575	 5
1461766147.110	 17	 -0.366348	 0.730881	 -0.579193	 5
1461766147.120	 17	 -0.351990	 0.735825	 -0.575546	 5
1461766147.130	 17	 -0.367783	 0.741333	 -0.566895	 5
1461766147.140	 17	 -0.377060	 0.749863	 -0.553421	 5
1461766147.150	 17	 -0.378967	 0.760208	 -0.547318	 5
1461766147.160	 17	 -0.388031	 0.757904	 -0.542526	 5
1461766147.170	 17	 -0.382874	 0.759094	 -0.545166	 5
1461766147.180	 17	 -0.378082	 0.764832	 -0.548202	 5
1461766147.190	 17	 -0.377502	 0.759583	 -0.550964	 5
1461766147.200	 17	 -0.388672	 0.749710	 -0.551727	 5
1461766147.210	 17	 -0.383270	 0.754089	 -0.554550	 5
1461766147.220	 17	 -0.390594	 0.738220	 -0.560623	 5
1461766147.230	 17	 -0.411972	 0.730988	 -0.555100	 5
1461766147.240	 17	 -0.418823	 0.757813	 -0.552582	 5
1461766147.250	 17	 -0.414597	 0.767654	 -0.536087	 5
1461766147.260	 17	 -0.418610	 0.752716	 -0.527390	 5
1461766147.270	 17	 -0.413239	 0.761765	 -0.528870	 5
1461766147.280	 17	 -0.399765	 0.774597	 -0.532242	 5
1461766147.290	 17	 -0.384140	 0.771927	 -0.524582	 5
1461766147.300	 17	 -0.383499	 0.765381	 -0.522476	 5
1461766147.310	 17	 -0.391357	 0.764130	 -0.531189	 5
1461766147.320	 17	 -0.403824	 0.767654	 -0.532349	 5
1461766147.330	 17	 -0.404160	 0.774261	 -0.534927	 5
1461766147.340	 17	 -0.398163	 0.764618	 -0.542618	 5
1461766147.350	 17	 -0.392197	 0.748245	 -0.547974	 5
1461766147.360	 17	 -0.387802	 0.746094	 -0.549194	 5
1461766147.370	 17	 -0.397934	 0.745865	 -0.541931	 5
1461766147.380	 17	 -0.400528	 0.748657	 -0.531281	 5
1461766147.390	 17	 -0.393692	 0.748215	 -0.538254	 5
1461766147.400	 17	 -0.391541	 0.744644	 -0.542084	 5
1461766147.410	 17	 -0.397339	 0.744080	 -0.542908	 5
1461766147.420	 17	 -0.396103	 0.752274	 -0.541229	 5
1461766147.430	 17	 -0.381180	 0.757584	 -0.534790	 5
1461766147.440	 17	 -0.365479	 0.740234	 -0.536301	 5
1461766147.450	 17	 -0.376724	 0.726807	 -0.543808	 5
1461766147.460	 17	 -0.398376	 0.735931	 -0.554291	 5
1461766147.470	 17	 -0.398956	 0.743134	 -0.558563	 5
1461766147.480	 17	 -0.389084	 0.741837	 -0.551147	 5
1461766147.490	 17	 -0.369583	 0.738022	 -0.548843	 5
1461766147.500	 17	 -0.369797	 0.739197	 -0.545471	 5
1461766147.510	 17	 -0.377853	 0.750259	 -0.541229	 5
1461766147.520	 17	 -0.378357	 0.757874	 -0.538406	 5
1461766147.530	 17	 -0.385193	 0.743286	 -0.531982	 5
1461766147.540	 17	 -0.409454	 0.741638	 -0.528961	 5
1461766147.550	 17	 -0.427048	 0.757324	 -0.534821	 5
1461766147.560	 17	 -0.435852	 0.757034	 -0.533768	 5
1461766147.570	 17	 -0.424133	 0.750458	 -0.532440	 5
1461766147.580	 17	 -0.405594	 0.754288	 -0.538513	 5
1461766147.590	 17	 -0.400101	 0.752151	 -0.541428	 5
1461766147.600	 17	 -0.412262	 0.751846	 -0.539825	 5
1461766147.610	 17	 -0.412659	 0.765655	 -0.544373	 5
1461766147.620	 17	 -0.408447	 0.769287	 -0.541443	 5
1461766147.630	 17	 -0.409973	 0.757690	 -0.536087	 5
1461766147.640	 17	 -0.414520	 0.760986	 -0.531219	 5
1461766147.650	 17	 -0.418045	 0.772842	 -0.527878	 5
1461766147.660	 17	 -0.414780	 0.775528	 -0.530670	 5
1461766147.670	 17	 -0.406693	 0.762848	 -0.534470	 5
1461766147.680	 17	 -0.426422	 0.753250	 -0.529297	 5
1461766147.690	 17	 -0.424988	 0.773285	 -0.539886	 5
1461766147.700	 17	 -0.425766	 0.780899	 -0.549530	 5
1461766147.710	 17	 -0.429794	 0.760544	 -0.544647	 5
1461766147.720	 17	 -0.421921	 0.763443	 -0.548981	 5
1461766147.730	 17	 -0.429306	 0.769989	 -0.532654	 5
1461766147.740	 17	 -0.423889	 0.777985	 -0.521896	 5
1461766147.750	 17	 -0.415909	 0.778091	 -0.518219	 5
1461766147.760	 17	 -0.410019	 0.768448	 -0.512466	 5
1461766147.770	 17	 -0.394699	 0.763809	 -0.510498	 5
1461766147.780	 17	 -0.404831	 0.764740	 -0.514908	 5
1461766147.790	 17	 -0.417007	 0.767197	 -0.518204	 5
1461766147.800	 17	 -0.433212	 0.762787	 -0.530045	 5
1461766147.810	 17	 -0.434738	 0.755508	 -0.535187	 5
1461766147.820	 17	 -0.444153	 0.754608	 -0.540436	 5
1461766147.830	 17	 -0.432693	 0.768967	 -0.545792	 5
1461766147.840	 17	 -0.403183	 0.771256	 -0.546249	 5
1461766147.850	 17	 -0.376587	 0.756973	 -0.540207	 5
1461766147.860	 17	 -0.372299	 0.749603	 -0.533768	 5
1461766147.870	 17	 -0.400848	 0.761169	 -0.517242	 5
1461766147.880	 17	 -0.420425	 0.788422	 -0.513367	 5
1461766147.890	 17	 -0.437851	 0.786011	 -0.512573	 5
1461766147.900	 17	 -0.439713	 0.767822	 -0.506332	 5
1461766147.910	 17	 -0.425354	 0.769424	 -0.514496	 5
1461766147.920	 17	 -0.417770	 0.760040	 -0.529465	 5
1461766147.930	 17	 -0.425247	 0.741043	 -0.534332	 5
1461766147.940	 17	 -0.424789	 0.752075	 -0.542847	 5
1461766147.950	 17	 -0.415390	 0.759964	 -0.547012	 5
1461766147.960	 17	 -0.414490	 0.753036	 -0.537765	 5
1461766147.970	 17	 -0.409637	 0.759460	 -0.531906	 5
1461766147.980	 17	 -0.417465	 0.761597	 -0.506927	 5
1461766147.990	 17	 -0.422821	 0.772614	 -0.505402	 5
1461766148.000	 17	 -0.429840	 0.775803	 -0.514130	 5
1461766148.010	 17	 -0.426682	 0.766067	 -0.515549	 5
1461766148.020	 17	 -0.415985	 0.753067	 -0.524521	 5
1461766148.030	 17	 -0.404800	 0.745666	 -0.530762	 5
1461766148.040	 17	 -0.406723	 0.742004	 -0.534012	 5
1461766148.050	 17	 -0.421020	 0.745132	 -0.536041	 5
1461766148.060	 17	 -0.434525	 0.743820	 -0.544830	 5
1461766148.070	 17	 -0.436707	 0.744553	 -0.547760	 5
1461766148.080	 17	 -0.423935	 0.754120	 -0.553284	 5
1461766148.090	 17	 -0.409363	 0.752090	 -0.542236	 5
1461766148.100	 17	 -0.401428	 0.744232	 -0.525055	 5
1461766148.110	 17	 -0.390488	 0.750183	 -0.521393	 5
1461766148.120	 17	 -0.387482	 0.755020	 -0.525238	 5
1461766148.130	 17	 -0.397659	 0.744461	 -0.521515	 5
1461766148.140	 17	 -0.398743	 0.755661	 -0.530396	 5
1461766148.150	 17	 -0.391205	 0.755020	 -0.538376	 5
1461766148.160	 17	 -0.399353	 0.736511	 -0.539658	 5
1461766148.170	 17	 -0.413055	 0.736923	 -0.549149	 5
1461766148.180	 17	 -0.420624	 0.744965	 -0.558029	 5
1461766148.190	 17	 -0.423492	 0.738068	 -0.556274	 5
1461766148.200	 17	 -0.418060	 0.728958	 -0.548355	 5
1461766148.210	 17	 -0.407913	 0.731949	 -0.545670	 5
1461766148.220	 17	 -0.392105	 0.737411	 -0.538773	 5
1461766148.230	 17	 -0.394669	 0.729965	 -0.531570	 5
1461766148.240	 17	 -0.416824	 0.741196	 -0.524582	 5
1461766148.250	 17	 -0.434311	 0.776382	 -0.526855	 5
1461766148.260	 17	 -0.439178	 0.778259	 -0.521133	 5
1461766148.270	 17	 -0.431274	 0.766068	 -0.522232	 5
1461766148.280	 17	 -0.422668	 0.762436	 -0.524612	 5
1461766148.290	 17	 -0.423264	 0.764633	 -0.525589	 5
1461766148.300	 17	 -0.419083	 0.765396	 -0.527649	 5
1461766148.310	 17	 -0.407944	 0.759247	 -0.539398	 5
1461766148.320	 17	 -0.403824	 0.742767	 -0.534073	 5
1461766148.330	 17	 -0.408569	 0.750473	 -0.532608	 5
1461766148.340	 17	 -0.424912	 0.762711	 -0.522705	 5
1461766148.350	 17	 -0.428833	 0.782913	 -0.522400	 5
1461766148.360	 17	 -0.435760	 0.781631	 -0.525619	 5
1461766148.370	 17	 -0.434402	 0.768982	 -0.526657	 5
1461766148.380	 17	 -0.434204	 0.767868	 -0.528809	 5
1461766148.390	 18	 -0.437637	 0.764282	 -0.527832	 5
1461766148.410	 18	 -0.423447	 0.767075	 -0.526810	 5
1461766148.420	 18	 -0.414001	 0.745453	 -0.530869	 5
1461766148.430	 18	 -0.418869	 0.734421	 -0.537415	 5
1461766148.440	 18	 -0.429169	 0.747955	 -0.545212	 5
1461766148.450	 18	 -0.445801	 0.764343	 -0.537445	 5
1461766148.470	 19	 -0.438095	 0.755875	 -0.547958	 5
1461766148.480	 19	 -0.426498	 0.743607	 -0.543365	 5
1461766148.490	 19	 -0.406921	 0.748825	 -0.545959	 5
1461766148.500	 19	 -0.403839	 0.732071	 -0.549271	 5
1461766148.510	 19	 -0.419037	 0.719467	 -0.543259	 5
1461766148.520	 19	 -0.420380	 0.733658	 -0.556778	 5
1461766148.530	 19	 -0.420380	 0.733658	 -0.556778	 5
1461766148.540	 19	 -0.415375	 0.715973	 -0.558350	 5
1461766148.550	 19	 -0.413574	 0.723312	 -0.557495	 5
1461766148.560	 19	 -0.412430	 0.735474	 -0.557571	 5
1461766148.570	 19	 -0.425995	 0.732880	 -0.553467	 5
1461766148.580	 19	 -0.439117	 0.741653	 -0.551224	 5
1461766148.590	 19	 -0.427933	 0.758636	 -0.555847	 5
1461766148.600	 19	 -0.412643	 0.749985	 -0.546997	 5
1461766148.610	 19	 -0.403290	 0.738037	 -0.540588	 5
1461766148.620	 19	 -0.396378	 0.746216	 -0.551147	 5
1461766148.630	 19	 -0.416473	 0.741821	 -0.541397	 5
1461766148.640	 19	 -0.426620	 0.747971	 -0.546585	 5
1461766148.650	 19	 -0.436096	 0.750916	 -0.547317	 5
1461766148.660	 19	 -0.439697	 0.741150	 -0.539337	 5
1461766148.670	 19	 -0.433960	 0.747665	 -0.542358	 5
1461766148.680	 19	 -0.422073	 0.742416	 -0.546295	 5
1461766148.690	 19	 -0.410721	 0.735611	 -0.549393	 5
1461766148.700	 19	 -0.396423	 0.740738	 -0.557465	 5
1461766148.710	 19	 -0.388031	 0.743088	 -0.557114	 5
1461766148.720	 19	 -0.397903	 0.735001	 -0.543701	 5
1461766148.730	 19	 -0.399231	 0.751724	 -0.553864	 5
1461766148.740	 19	 -0.398941	 0.746124	 -0.556351	 5
1461766148.750	 19	 -0.408264	 0.724289	 -0.546799	 5
1461766148.760	 19	 -0.423706	 0.736435	 -0.537323	 5
1461766148.770	 19	 -0.425919	 0.753708	 -0.541214	 5
1461766148.780	 19	 -0.423386	 0.746109	 -0.543854	 5
1461766148.790	 19	 -0.415649	 0.734573	 -0.559494	 5
1461766148.800	 19	 -0.400711	 0.726639	 -0.567932	 5
1461766148.810	 19	 -0.418549	 0.719223	 -0.560211	 5
1461766148.820	 19	 -0.438248	 0.744522	 -0.554016	 5
1461766148.830	 19	 -0.437653	 0.767273	 -0.559845	 5
1461766148.840	 19	 -0.425339	 0.746780	 -0.555954	 5
1461766148.850	 19	 -0.391754	 0.727234	 -0.559067	 5
1461766148.860	 19	 -0.370209	 0.721817	 -0.564346	 5
1461766148.870	 19	 -0.372803	 0.713379	 -0.568359	 5
1461766148.880	 19	 -0.397415	 0.714447	 -0.577332	 5
1461766148.890	 19	 -0.424118	 0.719879	 -0.583603	 5
1461766148.900	 19	 -0.438324	 0.721497	 -0.586258	 5
1461766148.910	 19	 -0.448380	 0.726074	 -0.575333	 5
1461766148.920	 19	 -0.446671	 0.741470	 -0.567291	 5
1461766148.930	 19	 -0.438599	 0.747986	 -0.559494	 5
1461766148.940	 19	 -0.422714	 0.738876	 -0.552292	 5
1461766148.950	 19	 -0.412155	 0.731522	 -0.556213	 5
1461766148.960	 19	 -0.399506	 0.729156	 -0.564529	 5
1461766148.970	 19	 -0.388367	 0.727020	 -0.574768	 5
1461766148.980	 19	 -0.396866	 0.716919	 -0.575012	 5
1461766148.990	 19	 -0.401382	 0.723785	 -0.584106	 5
1461766149.000	 19	 -0.402145	 0.731964	 -0.588272	 5
1461766149.010	 19	 -0.419983	 0.711182	 -0.577438	 5
1461766149.020	 19	 -0.422241	 0.724869	 -0.578629	 5
1461766149.030	 19	 -0.414551	 0.744461	 -0.588593	 5
1461766149.040	 19	 -0.395172	 0.730667	 -0.597015	 5
1461766149.050	 19	 -0.370911	 0.711319	 -0.609085	 5
1461766149.060	 19	 -0.350510	 0.704391	 -0.623016	 5
1461766149.070	 19	 -0.325104	 0.708038	 -0.644974	 5
1461766149.080	 19	 -0.301559	 0.692078	 -0.652542	 5
1461766149.090	 19	 -0.282883	 0.663483	 -0.658707	 5
1461766149.100	 19	 -0.271729	 0.651566	 -0.672562	 5
1461766149.110	 19	 -0.271942	 0.648880	 -0.681183	 5
1461766149.120	 19	 -0.279495	 0.630219	 -0.676697	 5
1461766149.130	 19	 -0.303070	 0.615860	 -0.666855	 5
1461766149.140	 19	 -0.341248	 0.628723	 -0.653900	 5
1461766149.150	 19	 -0.358627	 0.673752	 -0.654327	 5
1461766149.160	 19	 -0.352936	 0.689163	 -0.650253	 5
1461766149.170	 19	 -0.304871	 0.678940	 -0.651413	 5
1461766149.180	 19	 -0.252472	 0.664902	 -0.661057	 5
1461766149.190	 19	 -0.220749	 0.655121	 -0.671753	 5
1461766149.200	 19	 -0.207275	 0.661575	 -0.693680	 5
1461766149.210	 19	 -0.207275	 0.661575	 -0.693680	 5
1461766149.220	 19	 -0.262283	 0.602600	 -0.672180	 5
1461766149.230	 19	 -0.336670	 0.632629	 -0.665649	 5
1461766149.240	 19	 -0.386002	 0.681122	 -0.667175	 5
1461766149.250	 19	 -0.409470	 0.697388	 -0.653015	 5
1461766149.260	 19	 -0.373856	 0.720093	 -0.648483	 5
1461766149.270	 19	 -0.304306	 0.729721	 -0.645599	 5
1461766149.280	 19	 -0.234543	 0.721146	 -0.646454	 5
1461766149.290	 19	 -0.207260	 0.703659	 -0.642609	 5
1461766149.300	 19	 -0.205231	 0.706665	 -0.661774	 5
1461766149.310	 19	 -0.241150	 0.703537	 -0.667160	 5
1461766149.320	 19	 -0.297577	 0.698471	 -0.668518	 5
1461766149.330	 19	 -0.334351	 0.714996	 -0.675201	 5
1461766149.340	 19	 -0.338547	 0.728683	 -0.693802	 5
1461766149.350	 19	 -0.320358	 0.723862	 -0.704407	 5
1461766149.360	 19	 -0.292740	 0.708313	 -0.706970	 5
1461766149.370	 19	 -0.257950	 0.712830	 -0.710266	 5
1461766149.380	 19	 -0.230560	 0.721985	 -0.711380	 5
1461766149.390	 19	 -0.230515	 0.706558	 -0.699020	 5
1461766149.400	 19	 -0.245865	 0.703140	 -0.691650	 5
1461766149.410	 19	 -0.261017	 0.716385	 -0.702438	 5
1461766149.420	 19	 -0.261185	 0.726730	 -0.717712	 5
1461766149.430	 19	 -0.242722	 0.724075	 -0.733780	 5
1461766149.440	 19	 -0.236816	 0.704071	 -0.743073	 5
1461766149.450	 19	 -0.224930	 0.698944	 -0.754929	 5
1461766149.460	 19	 -0.218552	 0.698425	 -0.761795	 5
1461766149.470	 19	 -0.203613	 0.687775	 -0.775177	 5
1461766149.480	 19	 -0.207581	 0.657944	 -0.763214	 5
1461766149.490	 19	 -0.206619	 0.653702	 -0.776337	 5
1461766149.500	 19	 -0.207886	 0.669876	 -0.803955	 5
1461766149.510	 19	 -0.182465	 0.664398	 -0.827911	 5
1461766149.520	 19	 -0.134491	 0.649353	 -0.848557	 5
1461766149.530	 19	 -0.081207	 0.628860	 -0.869644	 5
1461766149.540	 19	 -0.026108	 0.603271	 -0.897675	 5
1461766149.550	 19	 -0.001038	 0.568314	 -0.913010	 5
1461766149.560	 19	 0.002991	 0.551529	 -0.934357	 5
1461766149.570	 19	 -0.002457	 0.542740	 -0.953766	 5
1461766149.580	 19	 -0.008591	 0.543579	 -0.969192	 5
1461766149.590	 19	 -0.005478	 0.510315	 -0.972610	 5
1461766149.600	 19	 0.009995	 0.500473	 -0.979538	 5
1461766149.610	 19	 0.015472	 0.499817	 -0.982010	 5
1461766149.620	 19	 0.040771	 0.503326	 -1.002365	 5
1461766149.630	 19	 0.086090	 0.499847	 -1.015228	 5
1461766149.640	 19	 0.126404	 0.479706	 -1.012924	 5
1461766149.650	 20	 0.152023	 0.474625	 -1.017151	 5
1461766149.670	 20	 0.161133	 0.452347	 -1.008347	 5
1461766149.680	 20	 0.147263	 0.453293	 -0.999054	 5
1461766149.690	 20	 0.129471	 0.462418	 -0.996277	 5
1461766149.700	 20	 0.111114	 0.459137	 -0.997696	 5
1461766149.710	 20	 0.102814	 0.443497	 -0.996902	 5
1461766149.720	 20	 0.113190	 0.433029	 -0.986084	 5
1461766149.730	 20	 0.138870	 0.437119	 -0.983078	 5
1461766149.740	 20	 0.162170	 0.438293	 -0.975311	 5
1461766149.750	 20	 0.172592	 0.432755	 -0.973831	 5
1461766149.760	 20	 0.162399	 0.431213	 -0.966614	 5
1461766149.770	 20	 0.151337	 0.431488	 -0.955277	 5
1461766149.790	 21	 0.132278	 0.445084	 -0.929733	 5
1461766149.800	 21	 0.134018	 0.438843	 -0.925476	 5
1461766149.810	 21	 0.125351	 0.430756	 -0.938477	 5
1461766149.820	 21	 0.105545	 0.442200	 -0.940948	 5
1461766149.830	 21	 0.112381	 0.469208	 -0.934860	 5
1461766149.850	 22	 0.154175	 0.444885	 -0.882553	 5
1461766149.860	 22	 0.188889	 0.418381	 -0.838501	 5
1461766149.870	 22	 0.220886	 0.443542	 -0.831207	 5
1461766149.880	 22	 0.221802	 0.470764	 -0.836853	 5
1461766149.890	 22	 0.192444	 0.464722	 -0.852814	 5
1461766149.910	 23	 0.075714	 0.446503	 -0.898010	 5
1461766149.920	 23	 0.039459	 0.406937	 -0.920013	 5
1461766149.930	 23	 0.022995	 0.361496	 -0.927368	 5
1461766149.940	 23	 0.031769	 0.324142	 -0.905029	 5
1461766149.950	 23	 0.067581	 0.278015	 -0.856796	 5
1461766149.960	 23	 0.110352	 0.225189	 -0.800064	 5
1461766149.970	 23	 0.142990	 0.185150	 -0.733231	 5
1461766149.980	 23	 0.176682	 0.183090	 -0.724152	 5
1461766149.990	 23	 0.188354	 0.239258	 -0.784149	 5
1461766150.000	 23	 0.150940	 0.299667	 -0.873123	 5
1461766150.010	 24	 0.082504	 0.316971	 -0.926208	 5
1461766150.030	 24	 0.081009	 0.257782	 -0.973465	 5
1461766150.040	 24	 0.125763	 0.188080	 -0.963638	 5
1461766150.050	 24	 0.168060	 0.118896	 -0.929581	 5
1461766150.060	 24	 0.202362	 0.063477	 -0.893494	 5
1461766150.070	 24	 0.231750	 0.017868	 -0.870911	 5
1461766150.080	 24	 0.252319	 -0.002472	 -0.865753	 5
1461766150.090	 24	 0.274033	 0.016174	 -0.874985	 5
1461766150.100	 24	 0.282196	 0.062515	 -0.905380	 5
1461766150.110	 24	 0.259369	 0.072144	 -0.920792	 5
1461766150.120	 24	 0.234665	 0.070602	 -0.936615	 5
1461766150.130	 24	 0.218063	 0.079941	 -0.948441	 5
1461766150.140	 24	 0.222931	 0.064972	 -0.937744	 5
1461766150.150	 24	 0.223480	 0.045044	 -0.905899	 5
1461766150.160	 24	 0.215897	 0.041718	 -0.868973	 5
1461766150.170	 24	 0.207275	 0.043243	 -0.831299	 5
1461766150.180	 24	 0.198517	 0.058334	 -0.789154	 5
1461766150.190	 24	 0.189865	 0.090408	 -0.780167	 5
1461766150.200	 24	 0.174850	 0.106323	 -0.774857	 5
1461766150.210	 24	 0.180328	 0.109116	 -0.798141	 5
1461766150.220	 24	 0.189789	 0.102844	 -0.839615	 5
1461766150.230	 24	 0.187012	 0.088348	 -0.846863	 5
1461766150.240	 24	 0.183441	 0.086960	 -0.851074	 5
1461766150.250	 24	 0.175766	 0.097626	 -0.842468	 5
1461766150.260	 24	 0.163467	 0.109985	 -0.815155	 5
1461766150.270	 24	 0.162262	 0.130447	 -0.812546	 5
1461766150.280	 24	 0.153290	 0.132462	 -0.826401	 5
1461766150.290	 24	 0.160538	 0.131287	 -0.853546	 5
1461766150.300	 24	 0.171295	 0.142761	 -0.911743	 5
1461766150.310	 24	 0.172729	 0.135468	 -0.993637	 5
1461766150.320	 24	 0.181992	 0.098984	 -1.065964	 5
1461766150.330	 24	 0.170609	 0.061768	 -1.105576	 5
1461766150.340	 24	 0.163406	 0.036453	 -1.106613	 5
1461766150.350	 24	 0.143982	 0.049652	 -1.073044	 5
1461766150.360	 24	 0.126205	 0.081726	 -1.026321	 5
1461766150.370	 24	 0.100830	 0.098892	 -0.963654	 5
1461766150.380	 24	 0.087479	 0.127945	 -0.902344	 5
1461766150.390	 24	 0.108276	 0.177689	 -0.895187	 5
1461766150.400	 24	 0.121826	 0.203079	 -0.934998	 5
1461766150.410	 24	 0.128052	 0.173279	 -0.997269	 5
1461766150.420	 24	 0.148437	 0.128906	 -1.089417	 5
1461766150.430	 24	 0.137650	 0.087875	 -1.172821	 5
1461766150.440	 24	 0.128906	 0.060043	 -1.205658	 5
1461766150.450	 24	 0.145355	 0.051392	 -1.175949	 5
1461766150.460	 24	 0.156097	 0.076767	 -1.126251	 5
1461766150.470	 24	 0.143875	 0.136230	 -1.049042	 5
1461766150.480	 24	 0.131653	 0.195236	 -0.978470	 5
1461766150.490	 24	 0.088989	 0.222824	 -0.927673	 5
1461766150.500	 25	 0.049728	 0.240448	 -0.905182	 5
1461766150.520	 25	 -0.014267	 0.217453	 -0.994858	 5
1461766150.530	 25	 -0.029495	 0.178345	 -1.057754	 5
1461766150.540	 25	 -0.026077	 0.166504	 -1.089325	 5
1461766150.550	 25	 -0.008347	 0.156158	 -1.108124	 5
1461766150.560	 25	 0.008240	 0.135132	 -1.092606	 5
1461766150.570	 25	 0.012161	 0.146881	 -1.062592	 5
1461766150.580	 25	 0.003815	 0.183319	 -1.025330	 5
1461766150.590	 25	 0.008743	 0.197647	 -0.991928	 5
1461766150.600	 25	 0.029297	 0.188293	 -0.960342	 5
1461766150.610	 25	 0.070084	 0.177750	 -0.950989	 5
1461766150.620	 26	 0.102036	 0.152786	 -0.994415	 5
1461766150.640	 26	 0.077240	 0.099609	 -1.082397	 5
1461766150.650	 26	 0.056931	 0.099487	 -1.092743	 5
1461766150.660	 26	 0.043869	 0.100998	 -1.077881	 5
1461766150.670	 26	 0.051834	 0.107285	 -1.038178	 5
1461766150.680	 26	 0.052597	 0.134399	 -0.987824	 5
1461766150.690	 26	 0.034256	 0.172485	 -0.939148	 5
1461766150.700	 26	 0.025833	 0.219452	 -0.930511	 5
1461766150.710	 26	 0.033646	 0.192673	 -0.946365	 5
1461766150.720	 26	 0.019119	 0.145767	 -0.963623	 5
1461766150.730	 26	 0.014664	 0.119873	 -0.998230	 5
1461766150.740	 26	 0.014130	 0.115646	 -1.032791	 5
1461766150.750	 26	 -0.000076	 0.104385	 -1.100357	 5
1461766150.760	 26	 0.014618	 -0.002090	 -1.301483	 5
1461766150.770	 26	 -0.063202	 -0.015381	 -0.931366	 5
1461766150.780	 26	 0.066116	 0.060120	 -1.057922	 5
1461766150.790	 26	 -0.023849	 0.121368	 -1.028122	 5
1461766150.800	 26	 -0.057251	 0.085190	 -1.024200	 5
1461766150.810	 26	 -0.034103	 0.033310	 -0.999084	 5
1461766150.820	 26	 0.009369	 0.014801	 -1.072586	 5
1461766150.830	 26	 0.024033	 -0.029663	 -1.189972	 5
1461766150.840	 26	 0.038757	 -0.077835	 -1.177429	 5
1461766150.850	 26	 0.090515	 -0.068344	 -1.129364	 5
1461766150.860	 26	 0.023270	 -0.071091	 -1.019821	 5
1461766150.870	 26	 -0.002869	 0.056702	 -1.012955	 5
1461766150.880	 26	 0.003830	 0.019775	 -0.985275	 5
1461766150.890	 26	 0.017120	 -0.008606	 -1.010895	 5
1461766150.900	 26	 -0.004318	 0.056259	 -0.987030	 5
1461766150.910	 26	 0.010635	 0.083359	 -1.006180	 5
1461766150.920	 26	 0.031448	 0.040680	 -1.042679	 5
1461766150.930	 26	 -0.035751	 -0.004196	 -1.013199	 5
1461766150.940	 26	 -0.028549	 -0.001907	 -0.919922	 5
1461766150.950	 26	 -0.017487	 0.017960	 -0.834793	 5
1461766150.960	 26	 -0.014893	 -0.000214	 -0.954971	 5
1461766150.970	 26	 0.001175	 0.001633	 -1.135452	 5
1461766150.980	 26	 0.001740	 0.004303	 -1.025940	 5
1461766150.990	 26	 0.001755	 0.002182	 -1.014908	 5
1461766151.000	 26	 0.001938	 0.003204	 -1.013123	 5
1461766151.010	 26	 0.000381	 0.004684	 -1.003265	 5
1461766151.020	 26	 0.000534	 0.003220	 -0.995789	 5
1461766151.030	 26	 -0.000702	 0.002670	 -0.987061	 5
1461766151.040	 26	 0.000320	 0.003220	 -0.987030	 5
1461766151.050	 26	 -0.001404	 0.003235	 -0.994782	 5
1461766151.060	 26	 -0.001419	 0.003143	 -1.000656	 5
1461766151.070	 26	 -0.001129	 0.003098	 -1.002090	 5
1461766151.080	 26	 -0.000381	 0.003632	 -0.998505	 5
1461766151.090	 26	 -0.000992	 0.002838	 -0.992996	 5
1461766151.100	 26	 0.001068	 0.001282	 -0.990829	 5
1461766151.110	 26	 -0.000168	 0.003815	 -0.985550	 5
1461766151.120	 26	 -0.001938	 0.003784	 -0.988083	 5
1461766151.130	 26	 -0.000504	 0.003311	 -0.995407	 5
1461766151.140	 26	 -0.001038	 0.001907	 -0.998703	 5
1461766151.150	 26	 -0.000168	 0.003326	 -1.000855	 5
1461766151.160	 26	 -0.001038	 0.002319	 -0.997101	 5
1461766151.170	 26	 0.000122	 0.002625	 -0.992233	 5
1461766151.180	 26	 -0.000641	 0.003754	 -0.991318	 5
1461766151.190	 26	 0.000320	 0.003738	 -0.991562	 5
1461766151.200	 26	 -0.001419	 0.003067	 -0.994247	 5
1461766151.210	 26	 -0.001205	 0.003601	 -0.997757	 5
1461766151.220	 26	 -0.000183	 0.002579	 -0.998505	 5
1461766151.230	 26	 -0.000778	 0.003326	 -0.998489	 5
1461766151.240	 26	 0.001297	 0.004456	 -0.990921	 5
1461766151.250	 26	 -0.001984	 0.003067	 -0.991241	 5
1461766151.260	 26	 -0.002060	 0.004578	 -0.991608	 5
1461766151.270	 27	 -0.001144	 0.001648	 -0.991760	 5
1461766151.290	 27	 0.001068	 0.001175	 -0.997513	 5
1461766151.300	 27	 0.000122	 0.001923	 -0.998123	 5
1461766151.310	 27	 0.000153	 0.000870	 -0.995743	 5
1461766151.320	 27	 -0.000427	 0.003067	 -0.994400	 5
1461766151.330	 27	 0.000259	 0.001572	 -0.991928	 5
1461766151.340	 27	 -0.001175	 0.001694	 -0.990677	 5
1461766151.350	 27	 -0.001846	 0.002396	 -0.995941	 5
1461766151.360	 27	 -0.001907	 0.003464	 -0.995911	 5
1461766151.370	 27	 0.000397	 0.003220	 -0.996323	 5
1461766151.380	 27	 -0.000854	 0.001343	 -0.992538	 5
1461766151.390	 27	 0.000519	 0.002502	 -0.992249	 5
1461766151.400	 27	 -0.000977	 0.002045	 -0.992020	 5
1461766151.410	 27	 -0.000961	 0.002365	 -0.992935	 5
1461766151.420	 27	 0.000626	 0.001373	 -0.992859	 5
1461766151.430	 27	 -0.001068	 0.001343	 -0.994308	 5
1461766151.440	 27	 -0.000229	 0.002960	 -0.994949	 5
1461766151.450	 27	 -0.001617	 0.000854	 -0.995300	 5
1461766151.460	 27	 0.000336	 0.001846	 -0.994232	 5
1461766151.470	 27	 -0.000229	 0.001770	 -0.992432	 5
1461766151.480	 27	 -0.002106	 0.001251	 -0.991821	 5
1461766151.490	 27	 0.001831	 0.002487	 -0.992157	 5
1461766151.500	 27	 -0.001495	 0.006332	 -0.978928	 5
1461766151.510	 27	 0.000793	 0.001083	 -1.001511	 5
1461766151.520	 27	 -0.002090	 0.001419	 -0.996521	 5
1461766151.530	 27	 -0.001465	 0.002029	 -0.999786	 5
