% Accelerometer data recorded with 'snsrlog'
% 
% Sampling frequency: 100 Hz
% 
% Label description:
% 	 0: Default Label
% 	 1: still_drop
% 	 2: walk_drop
% 	 3: other
% 	 4: dtw_same
% 	 5: dtw_diff
% 	 6: delete
% 	 7: steal
% 
% Column description:
% 	 1: Seconds.milliseconds since 1970
% 	 2: Number of skipped measurements
% 	 3: Acceleration value in x-direction
% 	 4: Acceleration value in y-direction
% 	 5: Acceleration value in z-direction
% 	 6: Label used for the current sample
% 
% 
1463571693.034	 1	 -0.005692	 -0.473114	 -0.445023	 2
1463571693.044	 1	 -0.015244	 -0.493225	 -0.441040	 2
1463571693.054	 1	 -0.041458	 -0.498245	 -0.433182	 2
1463571693.064	 1	 0.012360	 -0.434204	 -0.422287	 2
1463571693.074	 1	 0.100388	 -0.343277	 -0.412384	 2
1463571693.084	 1	 0.119812	 -0.311584	 -0.433289	 2
1463571693.094	 1	 0.135132	 -0.319626	 -0.443451	 2
1463571693.104	 2	 0.160217	 -0.332031	 -0.450684	 2
1463571693.124	 2	 0.205414	 -0.297073	 -0.508942	 2
1463571693.134	 2	 0.226212	 -0.281082	 -0.537903	 2
1463571693.144	 2	 0.241638	 -0.255463	 -0.554932	 2
1463571693.154	 2	 0.268555	 -0.227768	 -0.566315	 2
1463571693.164	 2	 0.268295	 -0.204102	 -0.551208	 2
1463571693.174	 2	 0.251358	 -0.187912	 -0.502258	 2
1463571693.184	 3	 0.250961	 -0.174576	 -0.435211	 2
1463571693.204	 3	 0.285263	 -0.196548	 -0.388458	 2
1463571693.214	 3	 0.322449	 -0.220184	 -0.428391	 2
1463571693.224	 4	 0.343994	 -0.249695	 -0.456726	 2
1463571693.244	 4	 0.393936	 -0.270493	 -0.466873	 2
1463571693.254	 4	 0.394501	 -0.273499	 -0.448654	 2
1463571693.264	 4	 0.419434	 -0.264587	 -0.437195	 2
1463571693.274	 4	 0.436157	 -0.210602	 -0.430786	 2
1463571693.284	 4	 0.463333	 -0.169357	 -0.442978	 2
1463571693.294	 4	 0.556885	 0.012314	 -0.446564	 2
1463571693.304	 4	 0.467087	 -0.061478	 -0.458756	 2
1463571693.314	 4	 0.473297	 -0.152695	 -0.445389	 2
1463571693.324	 4	 0.556320	 -0.073318	 -0.378464	 2
1463571693.334	 4	 0.639694	 -0.022476	 -0.319458	 2
1463571693.344	 4	 0.748672	 0.046799	 -0.273834	 2
1463571693.354	 4	 0.739731	 0.135162	 -0.338196	 2
1463571693.364	 4	 0.784073	 0.082993	 -0.363632	 2
1463571693.374	 4	 0.808350	 0.052551	 -0.367508	 2
1463571693.384	 4	 0.803436	 0.256683	 -0.525681	 2
1463571693.394	 4	 0.848938	 0.303955	 -0.497894	 2
1463571693.404	 4	 0.917404	 0.372284	 -0.406631	 2
1463571693.414	 4	 0.931015	 0.514389	 -0.368591	 2
1463571693.424	 4	 1.027100	 0.590866	 -0.383942	 2
1463571693.434	 4	 1.165405	 0.644058	 -0.438858	 2
1463571693.444	 4	 1.420959	 0.896622	 -0.466507	 2
1463571693.454	 4	 1.395782	 0.770920	 -0.479691	 2
1463571693.464	 4	 1.386032	 0.638702	 -0.481262	 2
1463571693.474	 4	 1.415695	 0.656891	 -0.480881	 2
1463571693.484	 4	 1.479553	 0.661621	 -0.409576	 2
1463571693.494	 4	 1.600769	 0.729492	 -0.306595	 2
1463571693.504	 4	 1.677063	 0.685822	 -0.291580	 2
1463571693.514	 4	 1.775391	 0.634537	 -0.321823	 2
1463571693.524	 4	 1.896454	 0.658173	 -0.396912	 2
1463571693.534	 4	 1.903427	 0.649506	 -0.495728	 2
1463571693.544	 4	 1.857727	 0.664902	 -0.529556	 2
1463571693.554	 4	 1.791702	 0.704819	 -0.470688	 2
1463571693.564	 4	 1.671143	 0.768295	 -0.299347	 2
1463571693.574	 4	 1.613678	 0.819595	 -0.191528	 2
1463571693.584	 4	 1.555466	 0.774445	 -0.122787	 2
1463571693.594	 4	 1.544067	 0.708206	 -0.055878	 2
1463571693.604	 4	 1.586578	 0.616028	 0.005753	 2
1463571693.614	 4	 1.562149	 0.504883	 0.035217	 2
1463571693.624	 4	 1.510773	 0.419403	 0.031860	 2
1463571693.634	 4	 1.447128	 0.392899	 0.016296	 2
1463571693.644	 4	 1.377777	 0.391632	 -0.013779	 2
1463571693.654	 4	 1.299652	 0.383850	 -0.053085	 2
1463571693.664	 4	 1.250137	 0.399734	 -0.090790	 2
1463571693.674	 4	 1.203323	 0.412415	 -0.107361	 2
1463571693.684	 4	 1.239822	 0.304092	 -0.090927	 2
1463571693.694	 4	 1.203079	 0.238174	 -0.046539	 2
1463571693.704	 4	 1.193024	 0.215500	 -0.000366	 2
1463571693.714	 4	 1.159210	 0.195190	 0.059769	 2
1463571693.724	 4	 1.095230	 0.179779	 0.119156	 2
1463571693.734	 4	 1.075867	 0.203812	 0.161957	 2
1463571693.744	 4	 1.063156	 0.232742	 0.211868	 2
1463571693.754	 4	 1.058136	 0.219971	 0.279175	 2
1463571693.764	 4	 1.073044	 0.155228	 0.380814	 2
1463571693.774	 4	 1.065872	 0.151688	 0.405243	 2
1463571693.784	 5	 1.075134	 0.203583	 0.401245	 2
1463571693.804	 5	 1.153763	 0.191895	 0.324356	 2
1463571693.814	 5	 1.176987	 0.162354	 0.399841	 2
1463571693.824	 6	 1.219665	 0.142761	 0.505142	 2
1463571693.844	 6	 1.262878	 0.081589	 0.675674	 2
1463571693.854	 6	 1.235916	 0.085449	 0.727142	 2
1463571693.864	 6	 1.187485	 0.165207	 0.697006	 2
1463571693.874	 6	 1.130875	 0.243774	 0.671997	 2
1463571693.884	 6	 1.077545	 0.331375	 0.670135	 2
1463571693.894	 6	 1.062454	 0.372482	 0.595810	 2
1463571693.904	 6	 1.072556	 0.379395	 0.517761	 2
1463571693.914	 6	 1.057465	 0.393188	 0.501465	 2
1463571693.924	 6	 1.007797	 0.405563	 0.575943	 2
1463571693.934	 6	 0.861465	 0.480209	 0.613770	 2
1463571693.944	 7	 0.755081	 0.565964	 0.581299	 2
1463571693.964	 7	 0.877960	 0.433685	 0.416046	 2
1463571693.974	 7	 1.026001	 0.426788	 0.317184	 2
1463571693.984	 7	 1.134110	 0.419968	 0.213440	 2
1463571693.994	 7	 1.183762	 0.369003	 0.089813	 2
1463571694.004	 7	 1.215408	 0.309219	 -0.062622	 2
1463571694.014	 7	 1.252792	 0.317276	 -0.113815	 2
1463571694.024	 7	 1.247726	 0.129974	 -0.164246	 2
1463571694.034	 7	 1.064240	 0.246002	 -0.399490	 2
1463571694.044	 7	 0.804062	 0.312149	 -0.429672	 2
1463571694.054	 7	 0.804337	 0.319717	 -0.462448	 2
1463571694.064	 7	 0.625336	 0.652298	 -0.485443	 2
1463571694.074	 7	 0.353012	 0.987366	 -0.481583	 2
1463571694.084	 7	 0.252045	 1.182617	 -0.346436	 2
1463571694.094	 7	 0.328583	 1.027847	 -0.251236	 2
1463571694.104	 7	 0.421432	 0.934052	 -0.030792	 2
1463571694.114	 7	 0.586914	 0.966980	 0.246964	 2
1463571694.124	 7	 0.719162	 0.768097	 0.307861	 2
1463571694.144	 8	 1.059769	 0.865616	 0.081268	 2
1463571694.154	 8	 1.082611	 0.988892	 0.016190	 2
1463571694.164	 8	 0.996170	 0.728287	 0.034454	 2
1463571694.174	 8	 1.131561	 0.586853	 -0.070251	 2
1463571694.184	 8	 1.121857	 0.603256	 -0.101974	 2
1463571694.194	 8	 1.170151	 0.496964	 -0.118958	 2
1463571694.204	 8	 1.249039	 0.326233	 -0.244827	 2
1463571694.214	 8	 1.244522	 0.225143	 -0.272034	 2
1463571694.224	 8	 1.203369	 0.259964	 -0.175735	 2
1463571694.234	 8	 1.109421	 0.231735	 -0.119858	 2
1463571694.244	 8	 1.002029	 0.252258	 -0.191391	 2
1463571694.254	 8	 0.876709	 0.249191	 0.150558	 2
1463571694.264	 8	 0.736923	 0.348053	 0.567200	 2
1463571694.274	 8	 0.796539	 0.233185	 0.366455	 2
1463571694.284	 8	 0.836670	 0.201416	 0.119354	 2
1463571694.294	 8	 0.786896	 0.164246	 0.029678	 2
1463571694.304	 8	 0.682892	 0.172028	 0.027893	 2
1463571694.314	 8	 0.574890	 0.185516	 0.055298	 2
1463571694.324	 8	 0.500458	 0.137482	 0.083420	 2
1463571694.334	 8	 0.508743	 0.094635	 0.090454	 2
1463571694.344	 8	 0.534012	 0.051163	 0.095551	 2
1463571694.354	 8	 0.536713	 -0.012131	 0.064301	 2
1463571694.364	 8	 0.520523	 -0.045319	 0.031982	 2
1463571694.374	 8	 0.513458	 -0.042007	 0.028427	 2
1463571694.384	 8	 0.451370	 -0.054443	 0.044968	 2
1463571694.394	 8	 0.455750	 -0.029678	 0.099792	 2
1463571694.404	 8	 0.578690	 -0.125992	 0.130447	 2
1463571694.414	 9	 0.598556	 -0.005432	 0.181793	 2
1463571694.434	 9	 0.797668	 0.294815	 0.092957	 2
1463571694.444	 9	 0.837677	 0.221817	 0.032806	 2
1463571694.454	 9	 0.845932	 0.318680	 -0.030045	 2
1463571694.464	 9	 0.895248	 0.493561	 -0.028809	 2
1463571694.474	 9	 1.021530	 0.673203	 -0.085983	 2
1463571694.484	 9	 1.145493	 0.907654	 -0.164185	 2
1463571694.494	 9	 1.259445	 1.063339	 -0.241013	 2
1463571694.504	 9	 1.447861	 1.054398	 -0.284439	 2
1463571694.514	 9	 1.599792	 0.840881	 -0.195465	 2
1463571694.524	 9	 1.605225	 0.791092	 -0.136475	 2
1463571694.534	 9	 1.480988	 0.839279	 -0.053162	 2
1463571694.544	 9	 1.394791	 0.916702	 0.091705	 2
1463571694.554	 9	 1.403976	 0.958206	 0.171219	 2
1463571694.564	 9	 1.382309	 0.888412	 0.227829	 2
1463571694.574	 9	 1.352325	 0.902374	 0.520508	 2
1463571694.584	 9	 1.502441	 1.011414	 1.258347	 2
1463571694.594	 9	 1.072098	 1.246979	 0.997604	 2
1463571694.604	 9	 0.689789	 1.184189	 0.636963	 2
1463571694.614	 9	 0.489883	 1.139374	 0.366821	 2
1463571694.624	 9	 0.362198	 1.125351	 0.245941	 2
1463571694.634	 10	 0.278183	 1.128510	 0.169128	 2
1463571694.654	 10	 0.217545	 1.063156	 0.094437	 2
1463571694.664	 10	 0.211899	 0.836044	 -0.074432	 2
1463571694.674	 10	 0.240097	 0.783890	 -0.167252	 2
1463571694.684	 10	 0.338791	 0.836929	 -0.179001	 2
1463571694.694	 10	 0.442810	 0.894089	 -0.090546	 2
1463571694.704	 10	 0.612717	 1.029770	 0.185577	 2
1463571694.714	 10	 0.639038	 1.194611	 0.233124	 2
1463571694.724	 10	 0.556107	 1.269135	 0.142014	 2
1463571694.734	 10	 0.539261	 1.379471	 -0.018677	 2
1463571694.744	 10	 0.555161	 1.497192	 -0.120895	 2
1463571694.754	 10	 0.477631	 1.408340	 -0.123764	 2
1463571694.764	 10	 0.294830	 0.978256	 -0.080414	 2
1463571694.774	 10	 0.248611	 0.478195	 -0.007080	 2
1463571694.784	 10	 0.307968	 0.396667	 0.097504	 2
1463571694.794	 10	 0.218231	 0.316864	 0.222473	 2
1463571694.804	 10	 0.096436	 0.243698	 0.363144	 2
1463571694.814	 10	 0.135223	 0.301300	 0.454559	 2
1463571694.824	 10	 0.198242	 0.404373	 0.436981	 2
1463571694.834	 10	 0.215637	 0.474609	 0.297104	 2
1463571694.844	 10	 0.233292	 0.526138	 0.153015	 2
1463571694.854	 10	 0.262421	 0.535065	 0.068268	 2
1463571694.864	 10	 0.259262	 0.444977	 0.131531	 2
1463571694.884	 11	 0.222519	 0.392914	 0.183136	 2
1463571694.894	 11	 0.181046	 0.323715	 0.192825	 2
1463571694.904	 11	 0.189880	 0.276382	 0.226089	 2
1463571694.914	 11	 0.280518	 0.293625	 0.211365	 2
1463571694.924	 11	 0.221298	 0.252411	 0.136093	 2
1463571694.934	 11	 0.255096	 0.373810	 0.346878	 2
1463571694.944	 11	 0.380829	 0.599472	 0.742233	 2
1463571694.954	 11	 0.542603	 0.992035	 1.107346	 2
1463571694.964	 11	 0.862503	 1.325638	 1.428513	 2
1463571694.974	 11	 1.167480	 1.480362	 1.599792	 2
1463571694.984	 11	 1.147232	 1.358932	 1.217804	 2
1463571694.994	 11	 1.028107	 1.301666	 0.855850	 2
1463571695.004	 11	 1.033661	 1.225082	 0.567291	 2
1463571695.014	 11	 0.925446	 1.095337	 0.433884	 2
1463571695.024	 11	 0.792191	 0.853256	 0.457046	 2
1463571695.034	 11	 0.685791	 0.801605	 0.647949	 2
1463571695.044	 11	 0.653244	 0.954163	 0.675034	 2
1463571695.054	 11	 0.763702	 1.218231	 0.481338	 2
1463571695.064	 11	 0.980377	 1.295242	 0.319000	 2
1463571695.074	 11	 0.860519	 1.211746	 0.326202	 2
1463571695.084	 11	 0.741302	 1.237793	 0.262817	 2
1463571695.094	 11	 0.613037	 1.190247	 -0.124634	 2
1463571695.104	 11	 0.478302	 1.133179	 -0.355148	 2
1463571695.114	 11	 0.387726	 0.931915	 -0.373825	 2
1463571695.124	 11	 0.312576	 0.913956	 -0.002640	 2
1463571695.134	 11	 -0.037170	 0.582367	 0.449402	 2
1463571695.144	 11	 -0.372192	 0.401947	 1.256653	 2
1463571695.154	 11	 -0.504181	 0.348572	 0.808029	 2
1463571695.164	 11	 -0.393524	 0.756271	 0.135071	 2
1463571695.174	 11	 0.027084	 1.220245	 -0.456604	 2
1463571695.184	 11	 0.264221	 1.151566	 -0.906509	 2
1463571695.194	 11	 0.235825	 1.071808	 -0.877533	 2
1463571695.204	 11	 0.181381	 0.607544	 -0.502182	 2
1463571695.214	 11	 0.237930	 0.647476	 -0.221451	 2
1463571695.224	 11	 0.334351	 0.738159	 0.400955	 2
1463571695.234	 11	 0.363480	 0.657471	 0.694824	 2
1463571695.244	 11	 0.311798	 0.682770	 0.591858	 2
1463571695.254	 11	 0.270462	 0.877136	 0.342819	 2
1463571695.264	 11	 0.365417	 1.005753	 0.074188	 2
1463571695.274	 11	 0.440460	 1.124924	 -0.033524	 2
1463571695.284	 11	 0.414963	 1.271194	 0.029602	 2
1463571695.294	 11	 0.357071	 1.205734	 0.072266	 2
1463571695.304	 11	 0.346970	 1.036148	 0.145599	 2
1463571695.314	 11	 0.393265	 0.970322	 0.144409	 2
1463571695.324	 11	 0.414627	 1.003342	 0.125671	 2
1463571695.334	 11	 0.326736	 0.981445	 0.171371	 2
1463571695.344	 11	 0.257812	 0.887360	 0.164062	 2
1463571695.354	 11	 0.264877	 0.961273	 0.042831	 2
1463571695.364	 11	 0.227783	 0.807877	 -0.176575	 2
1463571695.374	 11	 0.138855	 0.623138	 -0.224243	 2
1463571695.384	 11	 0.101273	 0.579071	 0.123383	 2
1463571695.394	 11	 0.117157	 0.709122	 0.281693	 2
1463571695.404	 11	 0.140656	 0.745834	 0.124435	 2
1463571695.414	 11	 0.163193	 0.826019	 -0.030212	 2
1463571695.424	 11	 0.184311	 0.933334	 -0.078644	 2
1463571695.434	 11	 0.221756	 0.921112	 -0.062378	 2
1463571695.444	 11	 0.301407	 0.833618	 0.021698	 2
1463571695.454	 11	 0.362976	 0.766602	 0.167313	 2
1463571695.464	 11	 0.372101	 0.703506	 0.284454	 2
1463571695.474	 11	 0.369385	 0.680435	 0.263107	 2
1463571695.484	 11	 0.393417	 0.701111	 0.086151	 2
1463571695.494	 11	 0.423050	 0.851624	 0.169632	 2
1463571695.504	 11	 0.458008	 0.946854	 0.079376	 2
1463571695.514	 11	 0.459610	 0.899460	 -0.107025	 2
1463571695.524	 11	 0.366287	 0.903458	 -0.366501	 2
1463571695.534	 11	 0.294769	 0.871765	 -0.580811	 2
1463571695.544	 11	 0.435898	 0.988647	 -0.515442	 2
1463571695.554	 11	 0.523254	 1.090424	 -0.273666	 2
1463571695.564	 11	 0.774841	 1.218079	 0.307648	 2
1463571695.574	 11	 1.021042	 1.330277	 0.604507	 2
1463571695.584	 11	 1.085632	 1.313202	 0.392456	 2
1463571695.594	 11	 1.035675	 1.333328	 0.226669	 2
1463571695.604	 11	 1.057892	 1.398468	 -0.052841	 2
1463571695.614	 11	 1.177811	 1.377274	 0.019073	 2
1463571695.624	 11	 1.233490	 1.332489	 0.365036	 2
1463571695.634	 11	 1.147064	 1.330811	 0.474243	 2
1463571695.644	 11	 1.062607	 1.317230	 0.531403	 2
1463571695.654	 11	 0.956619	 1.227798	 0.430908	 2
1463571695.664	 11	 0.820877	 1.281021	 0.365768	 2
1463571695.674	 11	 0.708145	 1.242493	 0.249802	 2
1463571695.684	 11	 0.610825	 1.230240	 0.375870	 2
1463571695.694	 11	 0.461197	 1.208710	 0.533691	 2
1463571695.704	 11	 0.330215	 1.165985	 0.559433	 2
1463571695.714	 11	 0.311203	 1.139313	 0.321365	 2
1463571695.724	 11	 0.214523	 1.243622	 -0.117645	 2
1463571695.734	 11	 0.308472	 1.216736	 -0.425949	 2
1463571695.744	 11	 0.433914	 1.234299	 -0.568771	 2
1463571695.754	 11	 0.516067	 1.231934	 -0.304672	 2
1463571695.764	 11	 0.528076	 1.344849	 0.030457	 2
1463571695.774	 11	 0.516800	 1.446350	 0.154694	 2
1463571695.784	 11	 0.390121	 1.454880	 0.122925	 2
1463571695.794	 11	 0.239685	 1.456848	 0.066574	 2
1463571695.804	 11	 0.205414	 1.525375	 0.029633	 2
1463571695.814	 11	 0.221207	 1.496216	 -0.034042	 2
1463571695.824	 11	 0.261246	 1.391739	 -0.043152	 2
1463571695.834	 11	 0.268921	 1.235397	 -0.065048	 2
1463571695.844	 11	 0.222000	 1.076767	 -0.070038	 2
1463571695.854	 11	 0.141586	 0.872086	 -0.018860	 2
1463571695.864	 11	 0.097565	 0.716660	 0.043457	 2
1463571695.874	 11	 0.045227	 0.635712	 0.081406	 2
1463571695.884	 11	 0.029282	 0.576157	 0.068268	 2
1463571695.894	 11	 0.029449	 0.519638	 0.081329	 2
1463571695.904	 11	 0.030273	 0.465515	 0.055588	 2
1463571695.914	 11	 0.031479	 0.430847	 0.019424	 2
1463571695.924	 11	 0.117477	 0.534637	 -0.026367	 2
1463571695.934	 11	 0.192139	 0.627579	 -0.026443	 2
1463571695.944	 11	 0.197922	 0.591263	 -0.023514	 2
1463571695.954	 11	 0.182053	 0.509705	 -0.081833	 2
1463571695.964	 11	 0.152664	 0.514969	 -0.035934	 2
1463571695.974	 11	 0.105347	 0.512802	 0.001266	 2
1463571695.984	 11	 0.025757	 0.486069	 0.018921	 2
1463571695.994	 11	 -0.011261	 0.499313	 0.018280	 2
1463571696.004	 11	 -0.040359	 0.516403	 0.026855	 2
1463571696.014	 11	 -0.057892	 0.533630	 0.048279	 2
1463571696.024	 11	 -0.038300	 0.540054	 0.080521	 2
1463571696.034	 11	 0.004807	 0.578903	 0.189514	 2
1463571696.044	 11	 0.073257	 0.653488	 0.381073	 2
1463571696.054	 11	 0.157776	 0.701721	 0.679932	 2
1463571696.064	 12	 0.265060	 0.723816	 1.200546	 2
1463571696.084	 12	 1.155930	 0.841705	 2.173035	 2
1463571696.094	 12	 1.478851	 1.014984	 1.493271	 2
1463571696.104	 12	 1.531189	 1.102478	 0.811874	 2
1463571696.114	 12	 1.463013	 1.063171	 0.442749	 2
1463571696.124	 12	 1.403000	 0.994171	 0.250992	 2
1463571696.134	 12	 1.305481	 1.025314	 0.303833	 2
1463571696.144	 12	 1.023453	 1.057587	 0.497894	 2
1463571696.154	 12	 0.792160	 1.122772	 0.588364	 2
1463571696.164	 12	 0.614990	 1.223587	 0.536377	 2
1463571696.174	 12	 0.453400	 1.302078	 0.426010	 2
1463571696.184	 12	 0.320953	 1.269882	 0.423660	 2
1463571696.194	 12	 0.348557	 1.219116	 0.476028	 2
1463571696.204	 12	 0.490631	 1.160751	 0.248245	 2
1463571696.214	 12	 0.609055	 1.087540	 0.009201	 2
1463571696.224	 12	 0.510757	 1.015732	 -0.157059	 2
1463571696.234	 12	 0.281555	 0.963455	 -0.075531	 2
1463571696.244	 12	 0.000458	 0.905701	 0.619308	 2
1463571696.254	 12	 -0.425186	 0.825195	 1.848694	 2
1463571696.264	 12	 -0.589691	 0.902145	 1.416748	 2
1463571696.274	 12	 -0.342056	 0.999710	 0.264786	 2
1463571696.284	 12	 -0.068222	 1.007889	 -0.706726	 2
1463571696.294	 12	 0.135757	 0.990265	 -1.169571	 2
1463571696.304	 12	 0.195923	 1.059479	 -1.097427	 2
1463571696.314	 12	 0.279999	 0.974060	 -0.876755	 2
1463571696.324	 12	 0.331558	 0.885590	 -0.659393	 2
1463571696.334	 12	 0.312424	 0.830933	 -0.487473	 2
1463571696.344	 12	 0.235168	 0.895874	 -0.376556	 2
1463571696.354	 12	 0.215790	 1.019730	 -0.246246	 2
1463571696.364	 12	 0.257156	 1.086136	 -0.071823	 2
1463571696.374	 12	 0.320053	 1.129959	 0.090469	 2
1463571696.384	 12	 0.405212	 1.092056	 0.593918	 2
1463571696.394	 12	 0.415802	 1.039215	 0.692047	 2
1463571696.404	 12	 0.415588	 0.979782	 0.601608	 2
1463571696.414	 12	 0.368957	 0.987930	 0.408310	 2
1463571696.424	 12	 0.293777	 0.996887	 0.225845	 2
1463571696.434	 12	 0.256699	 0.982712	 0.082382	 2
1463571696.444	 12	 0.272141	 0.948151	 -0.007736	 2
1463571696.454	 12	 0.327484	 0.910324	 -0.062943	 2
1463571696.464	 12	 0.377884	 0.875931	 -0.073456	 2
1463571696.474	 12	 0.418274	 0.836807	 -0.077271	 2
1463571696.484	 12	 0.460510	 0.803833	 -0.063843	 2
1463571696.494	 12	 0.485443	 0.764359	 -0.031296	 2
1463571696.504	 12	 0.485977	 0.736984	 0.007446	 2
1463571696.514	 12	 0.486298	 0.710419	 0.034531	 2
1463571696.524	 12	 0.458572	 0.705078	 0.054062	 2
1463571696.534	 12	 0.422043	 0.714478	 0.072159	 2
1463571696.544	 12	 0.400085	 0.744263	 0.076782	 2
1463571696.554	 12	 0.381012	 0.785233	 0.063477	 2
1463571696.564	 12	 0.361832	 0.834824	 0.056442	 2
1463571696.574	 12	 0.359009	 0.863449	 0.061752	 2
1463571696.584	 12	 0.364914	 0.868118	 0.088455	 2
1463571696.594	 12	 0.374603	 0.860168	 0.121170	 2
1463571696.604	 12	 0.383667	 0.850113	 0.154694	 2
1463571696.614	 12	 0.385422	 0.854919	 0.194214	 2
1463571696.624	 12	 0.390396	 0.887405	 0.212891	 2
1463571696.634	 12	 0.406357	 0.919922	 0.197525	 2
1463571696.644	 12	 0.457718	 0.986450	 0.159348	 2
1463571696.654	 12	 0.505707	 1.051086	 0.099075	 2
1463571696.664	 12	 0.566849	 1.123779	 0.028702	 2
1463571696.674	 12	 0.618011	 1.182785	 -0.039688	 2
1463571696.684	 12	 0.644577	 1.231003	 -0.088531	 2
1463571696.694	 12	 0.675354	 1.276596	 -0.112915	 2
1463571696.704	 12	 0.692245	 1.319488	 -0.106262	 2
1463571696.714	 12	 0.715363	 1.362701	 -0.008682	 2
1463571696.724	 12	 0.700577	 1.366653	 0.158295	 2
1463571696.734	 12	 0.620636	 1.363251	 0.343353	 2
1463571696.744	 12	 0.671204	 1.429855	 0.552322	 2
1463571696.754	 12	 0.709839	 1.449509	 0.673691	 2
1463571696.764	 12	 0.675613	 1.454376	 0.590881	 2
1463571696.774	 12	 0.633209	 1.464645	 0.363083	 2
1463571696.784	 12	 0.656754	 1.449585	 0.177124	 2
1463571696.794	 12	 0.669189	 1.362900	 0.079514	 2
1463571696.804	 12	 0.700806	 1.185699	 0.047165	 2
1463571696.814	 12	 0.658524	 0.981934	 0.129318	 2
1463571696.824	 12	 0.524490	 0.837372	 0.388351	 2
1463571696.834	 12	 0.328766	 0.792084	 0.571320	 2
1463571696.844	 12	 0.224655	 0.877457	 0.313522	 2
1463571696.854	 12	 0.312027	 1.006149	 -0.013611	 2
1463571696.864	 12	 0.439255	 1.021851	 -0.219101	 2
1463571696.874	 12	 0.504242	 1.018127	 -0.268585	 2
1463571696.884	 12	 0.429810	 1.091751	 -0.238220	 2
1463571696.894	 12	 0.204529	 1.209229	 -0.121765	 2
1463571696.904	 12	 0.191254	 1.189423	 -0.129105	 2
1463571696.914	 12	 0.217026	 1.238098	 -0.229980	 2
1463571696.924	 12	 0.215546	 1.294327	 -0.245712	 2
1463571696.934	 12	 0.183167	 1.373779	 -0.261658	 2
1463571696.944	 12	 0.201736	 1.337936	 -0.279144	 2
1463571696.954	 12	 0.177979	 1.259872	 -0.223419	 2
1463571696.964	 12	 0.226456	 1.140472	 -0.125244	 2
1463571696.974	 12	 0.288376	 1.039566	 -0.053558	 2
1463571696.984	 12	 0.285706	 0.956223	 0.028381	 2
1463571696.994	 12	 0.234604	 0.877167	 0.113480	 2
1463571697.004	 12	 0.182404	 0.798477	 0.233078	 2
1463571697.014	 12	 0.121292	 0.749023	 0.306686	 2
1463571697.024	 12	 0.114883	 0.737366	 0.271011	 2
1463571697.034	 12	 0.137085	 0.726425	 0.180954	 2
1463571697.044	 12	 0.155701	 0.688232	 0.092865	 2
1463571697.054	 12	 0.166107	 0.640091	 0.020065	 2
1463571697.064	 12	 0.187683	 0.579987	 -0.034927	 2
1463571697.074	 12	 0.215546	 0.520828	 -0.065033	 2
1463571697.084	 12	 0.283539	 0.524384	 -0.078720	 2
1463571697.094	 12	 0.268097	 0.452087	 -0.083038	 2
1463571697.104	 12	 0.165756	 0.391266	 -0.071732	 2
1463571697.114	 12	 0.140076	 0.439758	 -0.034241	 2
1463571697.124	 12	 0.111984	 0.445694	 -0.002014	 2
1463571697.134	 12	 0.067154	 0.442886	 0.035141	 2
1463571697.144	 12	 0.057053	 0.440292	 0.074570	 2
1463571697.154	 12	 0.060806	 0.456161	 0.154297	 2
1463571697.164	 12	 0.084244	 0.485489	 0.283844	 2
1463571697.174	 12	 0.128494	 0.529114	 0.498627	 2
1463571697.184	 12	 0.225601	 0.593765	 0.848083	 2
1463571697.194	 12	 0.393173	 0.646881	 1.285980	 2
1463571697.204	 12	 0.763992	 0.674286	 1.786896	 2
1463571697.214	 12	 1.171509	 0.681671	 2.005981	 2
1463571697.224	 12	 1.443481	 0.850388	 1.307205	 2
1463571697.234	 12	 1.475128	 0.934097	 0.613495	 2
1463571697.244	 12	 1.453171	 0.921402	 0.323532	 2
1463571697.254	 12	 1.402481	 0.874542	 0.262360	 2
1463571697.264	 12	 1.244766	 0.868408	 0.307693	 2
1463571697.274	 12	 1.006668	 0.998688	 0.518082	 2
1463571697.284	 12	 0.893173	 1.260086	 0.519592	 2
1463571697.294	 12	 0.753342	 1.391693	 0.483429	 2
1463571697.304	 13	 0.667480	 1.397339	 0.630966	 2
1463571697.324	 13	 0.983078	 1.042313	 0.202332	 2
1463571697.334	 13	 0.877457	 0.857193	 -0.111862	 2
1463571697.344	 13	 0.570023	 0.918930	 -0.415146	 2
1463571697.354	 13	 0.325073	 1.104950	 -0.273026	 2
1463571697.364	 13	 -0.095932	 1.075211	 0.688995	 2
1463571697.374	 13	 -0.585373	 0.919525	 1.870071	 2
1463571697.384	 13	 -0.614136	 1.050827	 1.338440	 2
1463571697.394	 13	 -0.146011	 1.153732	 0.026245	 2
1463571697.404	 13	 0.177490	 1.100876	 -0.926086	 2
1463571697.414	 13	 0.281387	 0.945374	 -1.117752	 2
1463571697.424	 13	 0.332367	 0.920639	 -0.905258	 2
1463571697.434	 13	 0.342499	 0.915970	 -0.718506	 2
1463571697.444	 13	 0.353699	 0.889404	 -0.532333	 2
1463571697.454	 13	 0.313568	 0.977585	 -0.372437	 2
1463571697.474	 14	 0.233597	 1.100067	 -0.117096	 2
1463571697.484	 14	 0.250580	 1.081345	 0.180054	 2
1463571697.494	 14	 0.297195	 1.066589	 0.412064	 2
1463571697.504	 14	 0.384720	 1.043411	 0.555908	 2
1463571697.514	 14	 0.457748	 0.999908	 0.588898	 2
1463571697.524	 14	 0.497192	 0.981262	 0.467072	 2
1463571697.534	 14	 0.500244	 1.005844	 0.277237	 2
1463571697.544	 14	 0.497208	 0.992966	 0.116974	 2
1463571697.554	 14	 0.496002	 0.955429	 -0.009308	 2
1463571697.564	 14	 0.461441	 0.876968	 -0.088547	 2
1463571697.574	 14	 0.509109	 0.861008	 -0.109375	 2
1463571697.584	 14	 0.562714	 0.761291	 -0.050781	 2
1463571697.594	 14	 0.577240	 0.693527	 0.010880	 2
1463571697.604	 14	 0.576523	 0.678894	 0.049835	 2
1463571697.614	 14	 0.543671	 0.697830	 0.061111	 2
1463571697.624	 14	 0.486557	 0.699966	 0.063461	 2
1463571697.634	 14	 0.438080	 0.713684	 0.057281	 2
1463571697.644	 14	 0.395264	 0.731201	 0.043854	 2
1463571697.654	 14	 0.349045	 0.745132	 0.041779	 2
1463571697.664	 14	 0.311066	 0.747772	 0.076614	 2
1463571697.674	 14	 0.286591	 0.785965	 0.154953	 2
1463571697.684	 14	 0.245026	 0.777771	 0.235397	 2
1463571697.694	 14	 0.210388	 0.793518	 0.324905	 2
1463571697.704	 14	 0.202499	 0.836121	 0.347504	 2
1463571697.714	 14	 0.219772	 0.856293	 0.287567	 2
1463571697.724	 14	 0.286850	 0.862915	 0.193710	 2
1463571697.734	 14	 0.386810	 0.907959	 0.074066	 2
1463571697.744	 14	 0.488647	 0.961441	 -0.070877	 2
1463571697.754	 14	 0.572754	 1.014969	 -0.193512	 2
1463571697.764	 14	 0.646118	 1.078980	 -0.253189	 2
1463571697.774	 14	 0.700684	 1.186646	 -0.237717	 2
1463571697.784	 14	 0.726395	 1.283722	 -0.192093	 2
1463571697.794	 14	 0.744339	 1.320572	 -0.097214	 2
1463571697.804	 14	 0.774933	 1.342285	 0.014145	 2
1463571697.814	 14	 0.815002	 1.333832	 0.086700	 2
1463571697.824	 14	 0.853409	 1.327225	 0.087708	 2
1463571697.834	 14	 0.878098	 1.356094	 0.038452	 2
1463571697.844	 14	 0.886673	 1.383209	 -0.005722	 2
1463571697.854	 14	 0.876251	 1.337311	 0.045807	 2
1463571697.864	 14	 0.867203	 1.324554	 0.118729	 2
1463571697.874	 14	 0.861115	 1.345764	 0.134491	 2
1463571697.884	 14	 0.837204	 1.235184	 0.184174	 2
1463571697.894	 14	 0.834229	 1.246155	 0.332855	 2
1463571697.904	 14	 0.752075	 1.359573	 0.222855	 2
1463571697.914	 14	 0.683258	 1.283569	 0.170502	 2
1463571697.924	 14	 0.628967	 1.194305	 0.248230	 2
1463571697.934	 14	 0.575882	 1.144836	 0.299408	 2
1463571697.944	 14	 0.551041	 1.167206	 0.285461	 2
1463571697.954	 14	 0.628815	 1.302795	 0.139832	 2
1463571697.964	 14	 0.764893	 1.349426	 -0.085464	 2
1463571697.974	 14	 0.832352	 1.327606	 -0.149277	 2
1463571697.984	 14	 0.860260	 1.382629	 -0.209564	 2
1463571697.994	 14	 0.830307	 1.463715	 -0.316681	 2
1463571698.004	 14	 0.734772	 1.583908	 -0.406906	 2
1463571698.014	 14	 0.630051	 1.530807	 -0.500732	 2
1463571698.024	 14	 0.548737	 1.413956	 -0.574081	 2
1463571698.034	 14	 0.531677	 1.362488	 -0.464035	 2
1463571698.044	 15	 0.541702	 1.461823	 -0.412003	 2
1463571698.064	 15	 0.254593	 1.164261	 -0.455658	 2
1463571698.074	 15	 0.188995	 1.117813	 -0.415832	 2
1463571698.084	 15	 0.114990	 1.046890	 -0.383347	 2
1463571698.094	 15	 0.055023	 1.044342	 -0.321442	 2
1463571698.104	 15	 -0.028854	 1.138229	 -0.281570	 2
1463571698.114	 15	 -0.019089	 0.995560	 -0.214828	 2
1463571698.124	 15	 0.031128	 0.896439	 -0.156433	 2
1463571698.134	 15	 -0.031891	 0.828705	 -0.093826	 2
1463571698.144	 15	 -0.043625	 0.634781	 -0.037460	 2
1463571698.154	 15	 -0.041580	 0.529602	 0.039749	 2
1463571698.164	 15	 -0.012299	 0.478729	 0.035126	 2
1463571698.174	 15	 0.056732	 0.525848	 -0.031998	 2
1463571698.184	 15	 0.131485	 0.476181	 -0.069290	 2
1463571698.194	 15	 0.275375	 0.266586	 0.037842	 2
1463571698.204	 15	 0.359604	 0.148727	 0.183823	 2
1463571698.214	 15	 0.466782	 0.185303	 0.230804	 2
1463571698.224	 15	 0.512726	 0.151016	 0.213715	 2
1463571698.234	 15	 0.547256	 0.136032	 0.325974	 2
1463571698.244	 15	 0.589523	 0.204315	 0.341492	 2
1463571698.254	 15	 0.655014	 0.209457	 0.410782	 2
1463571698.264	 15	 0.690735	 0.211136	 0.452148	 2
1463571698.274	 15	 0.720627	 0.188171	 0.452606	 2
1463571698.284	 15	 0.780823	 0.170624	 0.419159	 2
1463571698.294	 15	 0.998505	 0.077393	 0.364990	 2
1463571698.304	 15	 1.098404	 0.026978	 0.270676	 2
1463571698.314	 15	 1.210449	 0.004852	 0.170563	 2
1463571698.324	 15	 1.326340	 -0.028885	 0.055923	 2
1463571698.334	 15	 1.413162	 -0.097717	 -0.055664	 2
1463571698.344	 15	 1.502151	 -0.125946	 -0.142502	 2
1463571698.354	 15	 1.560318	 -0.119934	 -0.264282	 2
1463571698.364	 15	 1.613327	 -0.077744	 -0.372086	 2
1463571698.374	 15	 1.649017	 -0.029434	 -0.477966	 2
1463571698.384	 15	 1.660583	 -0.073761	 -0.641922	 2
1463571698.394	 15	 1.693344	 -0.112030	 -0.694458	 2
1463571698.404	 15	 1.667648	 0.038666	 -0.785828	 2
1463571698.414	 15	 1.656357	 0.052887	 -0.876648	 2
1463571698.424	 15	 1.746216	 0.094788	 -0.919968	 2
1463571698.434	 15	 1.739456	 0.223816	 -0.984650	 2
1463571698.444	 15	 1.656769	 0.336197	 -1.106552	 2
1463571698.454	 15	 1.612518	 0.432892	 -1.200943	 2
1463571698.464	 15	 1.556839	 0.433319	 -1.268219	 2
1463571698.474	 15	 1.470139	 0.404449	 -1.287033	 2
1463571698.484	 15	 1.380936	 0.404388	 -1.261124	 2
1463571698.494	 15	 1.273392	 0.430054	 -1.176193	 2
1463571698.504	 15	 1.155746	 0.452438	 -1.097351	 2
1463571698.514	 15	 1.044861	 0.458099	 -1.023712	 2
1463571698.524	 15	 0.958664	 0.453980	 -0.947662	 2
1463571698.534	 15	 0.906723	 0.416641	 -0.885056	 2
1463571698.544	 15	 0.836517	 0.348526	 -0.854797	 2
1463571698.554	 15	 0.718521	 0.267685	 -0.828201	 2
1463571698.564	 15	 0.851242	 0.183365	 -0.931595	 2
1463571698.574	 15	 0.804031	 0.217392	 -0.839401	 2
1463571698.584	 16	 0.737534	 0.203445	 -0.840088	 2
1463571698.604	 16	 0.733093	 0.046417	 -0.982986	 2
1463571698.614	 16	 0.790161	 0.030975	 -0.951385	 2
1463571698.624	 16	 0.728455	 -0.003830	 -0.920074	 2
1463571698.634	 16	 0.649384	 -0.002304	 -0.865616	 2
1463571698.644	 16	 0.626801	 0.008728	 -0.789978	 2
1463571698.654	 16	 0.573288	 0.059723	 -0.701782	 2
1463571698.664	 16	 0.540802	 0.038788	 -0.604477	 2
1463571698.674	 16	 0.526276	 -0.016159	 -0.533157	 2
1463571698.684	 16	 0.516251	 -0.077911	 -0.497940	 2
1463571698.694	 16	 0.506668	 -0.131424	 -0.491272	 2
1463571698.704	 16	 0.479187	 -0.149429	 -0.489212	 2
1463571698.714	 16	 0.457535	 -0.153244	 -0.492401	 2
1463571698.724	 16	 0.448044	 -0.122894	 -0.477158	 2
1463571698.734	 16	 0.434372	 -0.073563	 -0.451248	 2
1463571698.744	 16	 0.392548	 -0.057816	 -0.424240	 2
1463571698.754	 16	 0.347275	 -0.120285	 -0.400345	 2
1463571698.764	 16	 0.224731	 -0.050888	 -0.429535	 2
1463571698.774	 16	 0.200623	 -0.063263	 -0.449020	 2
1463571698.784	 16	 0.197540	 -0.103333	 -0.461273	 2
1463571698.794	 16	 0.200562	 -0.130524	 -0.452988	 2
1463571698.804	 16	 0.226913	 -0.137634	 -0.406357	 2
1463571698.814	 16	 0.264221	 -0.156235	 -0.377396	 2
1463571698.824	 16	 0.244019	 -0.231522	 -0.406876	 2
1463571698.834	 16	 0.195526	 -0.292877	 -0.440689	 2
1463571698.844	 16	 0.188095	 -0.298080	 -0.469437	 2
1463571698.854	 16	 0.165176	 -0.298035	 -0.509811	 2
1463571698.864	 16	 0.115829	 -0.300171	 -0.547668	 2
1463571698.874	 16	 0.090591	 -0.305862	 -0.561218	 2
1463571698.884	 16	 0.070938	 -0.336166	 -0.540741	 2
1463571698.894	 16	 0.059708	 -0.395584	 -0.501526	 2
1463571698.904	 16	 0.063644	 -0.475021	 -0.500565	 2
1463571698.914	 16	 0.073380	 -0.540283	 -0.567902	 2
1463571698.924	 16	 0.133926	 -0.573166	 -0.639328	 2
1463571698.934	 16	 0.154770	 -0.608475	 -0.703751	 2
1463571698.944	 16	 0.163406	 -0.601822	 -0.736221	 2
1463571698.954	 16	 0.155289	 -0.580780	 -0.724060	 2
1463571698.964	 16	 0.120331	 -0.595947	 -0.709808	 2
1463571698.974	 16	 0.092163	 -0.618759	 -0.683395	 2
1463571698.984	 16	 0.066864	 -0.659836	 -0.638214	 2
1463571698.994	 16	 0.043152	 -0.712646	 -0.590179	 2
1463571699.004	 16	 0.019165	 -0.783096	 -0.578125	 2
1463571699.014	 16	 0.025696	 -0.827774	 -0.583069	 2
1463571699.024	 16	 0.067230	 -0.816223	 -0.595444	 2
1463571699.034	 16	 0.143570	 -0.779221	 -0.641403	 2
1463571699.044	 16	 0.231552	 -0.721817	 -0.708130	 2
1463571699.054	 16	 0.299393	 -0.663193	 -0.779617	 2
1463571699.064	 16	 0.356628	 -0.620087	 -0.845612	 2
1463571699.074	 16	 0.390625	 -0.567398	 -0.905182	 2
1463571699.084	 16	 0.389664	 -0.554062	 -0.947159	 2
1463571699.094	 16	 0.381927	 -0.539047	 -0.918488	 2
1463571699.104	 16	 0.380920	 -0.518387	 -0.838837	 2
1463571699.114	 16	 0.366043	 -0.535492	 -0.744507	 2
1463571699.124	 16	 0.362900	 -0.563477	 -0.652390	 2
1463571699.134	 16	 0.362106	 -0.610291	 -0.592789	 2
1463571699.144	 16	 0.366547	 -0.654633	 -0.581650	 2
1463571699.154	 16	 0.356079	 -0.676895	 -0.598190	 2
1463571699.164	 16	 0.348740	 -0.675980	 -0.617783	 2
1463571699.174	 16	 0.325958	 -0.665665	 -0.637589	 2
1463571699.184	 16	 0.301498	 -0.649704	 -0.654449	 2
1463571699.194	 16	 0.282806	 -0.640991	 -0.678970	 2
1463571699.204	 16	 0.271942	 -0.635406	 -0.678192	 2
1463571699.214	 16	 0.258789	 -0.629791	 -0.652130	 2
1463571699.224	 16	 0.255219	 -0.625961	 -0.597534	 2
1463571699.234	 16	 0.245438	 -0.666107	 -0.545807	 2
1463571699.244	 16	 0.247269	 -0.664017	 -0.507095	 2
1463571699.254	 16	 0.231842	 -0.652405	 -0.496719	 2
1463571699.264	 16	 0.211899	 -0.649780	 -0.495239	 2
1463571699.274	 16	 0.187805	 -0.638992	 -0.511230	 2
1463571699.284	 16	 0.175064	 -0.612732	 -0.529816	 2
1463571699.294	 16	 0.150726	 -0.600006	 -0.550171	 2
1463571699.304	 16	 0.128738	 -0.586548	 -0.557159	 2
1463571699.314	 16	 0.112030	 -0.570694	 -0.545929	 2
1463571699.324	 16	 0.096130	 -0.570145	 -0.516739	 2
1463571699.334	 16	 0.090652	 -0.587631	 -0.477676	 2
1463571699.344	 16	 0.099777	 -0.611526	 -0.446793	 2
1463571699.354	 16	 0.111755	 -0.640640	 -0.430862	 2
1463571699.364	 16	 0.116684	 -0.686005	 -0.424393	 2
1463571699.374	 16	 0.120926	 -0.705322	 -0.446045	 2
1463571699.384	 16	 0.126801	 -0.698288	 -0.479813	 2
1463571699.394	 16	 0.116196	 -0.689865	 -0.499969	 2
1463571699.404	 16	 0.079910	 -0.712097	 -0.527557	 2
1463571699.414	 16	 0.061340	 -0.699905	 -0.566452	 2
1463571699.424	 16	 0.051498	 -0.711838	 -0.572433	 2
1463571699.434	 16	 0.042252	 -0.744934	 -0.581894	 2
1463571699.444	 16	 0.052078	 -0.771927	 -0.600540	 2
