% Accelerometer data recorded with 'snsrlog'
% 
% Sampling frequency: 100 Hz
% 
% Label description:
% 	 0: Default Label
% 	 1: still_drop
% 	 2: walk_drop
% 	 3: other
% 	 4: dtw_same
% 	 5: dtw_diff
% 	 6: delete
% 	 7: steal
% 
% Column description:
% 	 1: Seconds.milliseconds since 1970
% 	 2: Number of skipped measurements
% 	 3: Acceleration value in x-direction
% 	 4: Acceleration value in y-direction
% 	 5: Acceleration value in z-direction
% 	 6: Label used for the current sample
% 
% 
1463569260.985	 0	 0.175613	 -0.251968	 -0.709213	 1
1463569260.995	 1	 0.185593	 -0.286697	 -0.711777	 1
1463569261.015	 1	 0.165207	 -0.334106	 -0.732361	 1
1463569261.025	 1	 0.167664	 -0.318878	 -0.738754	 1
1463569261.035	 1	 0.177094	 -0.302246	 -0.754501	 1
1463569261.045	 1	 0.186981	 -0.258057	 -0.755753	 1
1463569261.055	 1	 0.189972	 -0.215027	 -0.761948	 1
1463569261.065	 1	 0.204208	 -0.184708	 -0.762070	 1
1463569261.075	 1	 0.206253	 -0.168564	 -0.759521	 1
1463569261.085	 1	 0.223526	 -0.129913	 -0.747025	 1
1463569261.095	 1	 0.246613	 -0.083344	 -0.733032	 1
1463569261.105	 1	 0.255630	 -0.080566	 -0.713577	 1
1463569261.115	 1	 0.280121	 -0.082001	 -0.712036	 1
1463569261.125	 1	 0.314087	 -0.064041	 -0.718475	 1
1463569261.135	 1	 0.359009	 -0.041229	 -0.698090	 1
1463569261.145	 1	 0.420410	 -0.002625	 -0.670807	 1
1463569261.155	 1	 0.441086	 0.001404	 -0.640808	 1
1463569261.165	 1	 0.472229	 0.007828	 -0.582001	 1
1463569261.175	 2	 0.511948	 0.088501	 -0.472977	 1
1463569261.195	 2	 0.594879	 0.052734	 -0.461426	 1
1463569261.205	 2	 0.663971	 0.086792	 -0.496796	 1
1463569261.215	 2	 0.734711	 0.154129	 -0.532806	 1
1463569261.225	 2	 0.777618	 0.174484	 -0.545639	 1
1463569261.235	 2	 0.804031	 0.218445	 -0.529587	 1
1463569261.245	 2	 0.839615	 0.277969	 -0.495712	 1
1463569261.255	 2	 0.861694	 0.314453	 -0.445282	 1
1463569261.265	 2	 0.873611	 0.346817	 -0.381500	 1
1463569261.275	 2	 0.868897	 0.376373	 -0.305252	 1
1463569261.285	 2	 0.875107	 0.431641	 -0.249435	 1
1463569261.295	 2	 0.940704	 0.491150	 -0.234177	 1
1463569261.305	 2	 1.021774	 0.521362	 -0.244659	 1
1463569261.315	 2	 1.068069	 0.551346	 -0.252319	 1
1463569261.325	 2	 1.097351	 0.590332	 -0.253586	 1
1463569261.335	 2	 1.140015	 0.631104	 -0.241821	 1
1463569261.345	 2	 1.182983	 0.627167	 -0.246658	 1
1463569261.355	 2	 1.193924	 0.631775	 -0.242798	 1
1463569261.365	 2	 1.189774	 0.656891	 -0.240494	 1
1463569261.375	 2	 1.168320	 0.673126	 -0.240936	 1
1463569261.385	 2	 1.205292	 0.758987	 -0.217209	 1
1463569261.395	 2	 1.254257	 0.811432	 -0.194931	 1
1463569261.405	 2	 1.334686	 0.852585	 -0.211914	 1
1463569261.415	 2	 1.455444	 0.835083	 -0.282944	 1
1463569261.425	 2	 1.529114	 0.732971	 -0.324356	 1
1463569261.435	 2	 1.531235	 0.681213	 -0.298508	 1
1463569261.445	 2	 1.573502	 0.741425	 -0.285339	 1
1463569261.455	 2	 1.606689	 0.771103	 -0.261978	 1
1463569261.465	 2	 1.543182	 0.692352	 -0.186050	 1
1463569261.475	 2	 1.460892	 0.631836	 -0.093430	 1
1463569261.485	 2	 1.464432	 0.657455	 -0.059402	 1
1463569261.495	 2	 1.472519	 0.659653	 -0.031677	 1
1463569261.505	 2	 1.472061	 0.676682	 -0.010773	 1
1463569261.515	 2	 1.468201	 0.651901	 -0.003799	 1
1463569261.525	 2	 1.473297	 0.661057	 0.004593	 1
1463569261.535	 2	 1.479752	 0.675598	 0.024902	 1
1463569261.545	 2	 1.440475	 0.653275	 0.077576	 1
1463569261.555	 2	 1.408554	 0.614456	 0.153976	 1
1463569261.565	 2	 1.372345	 0.593613	 0.224686	 1
1463569261.575	 2	 1.334625	 0.534790	 0.281448	 1
1463569261.585	 2	 1.316452	 0.407913	 0.373291	 1
1463569261.595	 2	 1.301895	 0.386246	 0.418976	 1
1463569261.605	 2	 1.246674	 0.416717	 0.388382	 1
1463569261.615	 2	 1.171692	 0.444824	 0.348770	 1
1463569261.625	 2	 1.107040	 0.490784	 0.307938	 1
1463569261.635	 2	 1.052887	 0.523163	 0.264130	 1
1463569261.645	 2	 1.006424	 0.513092	 0.237442	 1
1463569261.655	 2	 0.962341	 0.488190	 0.232346	 1
1463569261.665	 2	 0.921021	 0.469849	 0.242355	 1
1463569261.675	 2	 0.857529	 0.462128	 0.252213	 1
1463569261.685	 2	 0.720001	 0.519363	 0.286133	 1
1463569261.695	 2	 0.488388	 0.645401	 0.334351	 1
1463569261.705	 2	 0.278931	 0.797241	 0.376862	 1
1463569261.715	 2	 0.269012	 0.709976	 0.380798	 1
1463569261.725	 2	 0.349243	 0.663254	 0.368774	 1
1463569261.735	 2	 0.316162	 0.639221	 0.278778	 1
1463569261.745	 2	 0.292862	 0.760376	 0.172791	 1
1463569261.755	 2	 0.348556	 0.775116	 0.069351	 1
1463569261.765	 3	 0.419998	 0.767426	 -0.017883	 1
1463569261.785	 3	 0.675217	 0.706268	 -0.043045	 1
1463569261.805	 3	 0.889801	 0.668030	 -0.010498	 1
1463569261.815	 4	 0.932922	 0.648895	 0.000504	 1
1463569261.825	 4	 0.977646	 0.611282	 0.002243	 1
1463569261.835	 4	 0.995026	 0.587860	 -0.033142	 1
1463569261.845	 4	 1.010407	 0.596527	 -0.080017	 1
1463569261.855	 4	 1.100555	 0.515686	 -0.110931	 1
1463569261.865	 4	 1.071136	 0.622726	 -0.179901	 1
1463569261.875	 4	 0.913651	 0.726501	 -0.225342	 1
1463569261.885	 4	 0.783112	 0.751465	 -0.185791	 1
1463569261.895	 4	 0.667282	 0.749939	 -0.088699	 1
1463569261.905	 4	 0.586563	 0.710770	 0.015732	 1
1463569261.915	 4	 0.531692	 0.682770	 0.091537	 1
1463569261.925	 4	 0.489609	 0.704956	 0.143585	 1
1463569261.935	 4	 0.492630	 0.733963	 0.154526	 1
1463569261.945	 4	 0.532837	 0.709366	 0.143997	 1
1463569261.955	 5	 0.595566	 0.664795	 0.114426	 1
1463569261.975	 5	 0.743683	 0.560516	 0.079117	 1
1463569261.985	 5	 0.786636	 0.561478	 0.040390	 1
1463569261.995	 5	 0.848160	 0.646423	 0.001068	 1
1463569262.005	 5	 0.910767	 0.758316	 -0.002289	 1
1463569262.015	 5	 0.923569	 0.730194	 0.006958	 1
1463569262.025	 5	 0.947479	 0.684143	 0.015656	 1
1463569262.035	 5	 0.973129	 0.653992	 -0.021790	 1
1463569262.045	 5	 0.953537	 0.652954	 -0.097168	 1
1463569262.055	 5	 0.909897	 0.669678	 -0.106613	 1
1463569262.065	 5	 0.878860	 0.728516	 -0.067642	 1
1463569262.075	 5	 0.867187	 0.825455	 -0.023041	 1
1463569262.085	 5	 0.846146	 0.900253	 0.029724	 1
1463569262.095	 5	 0.832397	 0.953476	 0.090683	 1
1463569262.105	 5	 0.826828	 0.974548	 0.091217	 1
1463569262.115	 5	 0.805817	 0.958618	 0.034119	 1
1463569262.125	 5	 0.763855	 0.930084	 -0.015976	 1
1463569262.135	 5	 0.714355	 0.892059	 -0.048203	 1
1463569262.145	 5	 0.691940	 0.872192	 -0.055008	 1
1463569262.155	 5	 0.650208	 0.866165	 -0.024536	 1
1463569262.175	 6	 0.579010	 0.900421	 0.071808	 1
1463569262.185	 6	 0.613358	 0.859604	 0.088928	 1
1463569262.195	 6	 0.674210	 0.747498	 0.102997	 1
1463569262.205	 6	 0.733673	 0.686783	 0.096741	 1
1463569262.215	 6	 0.816925	 0.635239	 0.049637	 1
1463569262.225	 6	 0.920136	 0.562851	 -0.012527	 1
1463569262.235	 6	 1.008057	 0.486984	 -0.119247	 1
1463569262.245	 6	 1.085541	 0.348953	 -0.157562	 1
1463569262.255	 6	 1.115173	 0.220734	 -0.133835	 1
1463569262.265	 6	 1.182571	 0.128326	 -0.105591	 1
1463569262.275	 6	 1.254883	 0.020874	 -0.088959	 1
1463569262.285	 6	 1.319290	 -0.011734	 -0.096115	 1
1463569262.295	 6	 1.358459	 0.037903	 -0.115005	 1
1463569262.305	 6	 1.332092	 0.085907	 -0.104904	 1
1463569262.315	 6	 1.265381	 0.105301	 -0.066330	 1
1463569262.325	 6	 1.173233	 0.126221	 0.010162	 1
1463569262.335	 6	 1.084198	 0.113754	 0.109375	 1
1463569262.345	 6	 0.999390	 0.090958	 0.186539	 1
1463569262.355	 6	 0.821320	 0.174973	 0.228958	 1
1463569262.365	 6	 0.499283	 0.392853	 0.258240	 1
1463569262.375	 6	 0.100494	 0.729782	 0.429230	 1
1463569262.385	 6	 0.065903	 0.754425	 0.488785	 1
1463569262.395	 6	 0.083099	 0.768539	 0.528854	 1
1463569262.405	 6	 0.206268	 0.726944	 0.475769	 1
1463569262.415	 6	 0.416885	 0.610016	 0.376068	 1
1463569262.425	 6	 0.623077	 0.465668	 0.255615	 1
1463569262.435	 6	 0.734039	 0.420364	 0.074570	 1
1463569262.445	 6	 0.842773	 0.513962	 -0.042191	 1
1463569262.455	 6	 0.940826	 0.546448	 -0.122833	 1
1463569262.465	 6	 1.022034	 0.558914	 -0.232941	 1
1463569262.475	 6	 1.098343	 0.509583	 -0.334320	 1
1463569262.485	 6	 1.128830	 0.498779	 -0.384827	 1
1463569262.495	 6	 1.118134	 0.500977	 -0.358597	 1
1463569262.505	 6	 1.072907	 0.510605	 -0.296082	 1
1463569262.515	 6	 0.998367	 0.522491	 -0.251373	 1
1463569262.525	 6	 0.925629	 0.530670	 -0.172195	 1
1463569262.535	 6	 0.886749	 0.550262	 -0.078415	 1
1463569262.545	 6	 0.830551	 0.520935	 0.025620	 1
1463569262.555	 6	 0.722427	 0.572968	 0.131363	 1
1463569262.565	 6	 0.617630	 0.606766	 0.211075	 1
1463569262.575	 6	 0.531647	 0.587326	 0.279083	 1
1463569262.585	 6	 0.468979	 0.565323	 0.343414	 1
1463569262.595	 6	 0.468369	 0.613678	 0.387894	 1
1463569262.605	 6	 0.539963	 0.696854	 0.351227	 1
1463569262.615	 6	 0.629486	 0.757690	 0.302460	 1
1463569262.625	 6	 0.712494	 0.685516	 0.267746	 1
1463569262.635	 7	 0.760605	 0.645523	 0.096405	 1
1463569262.655	 7	 0.849472	 0.530930	 -0.001236	 1
1463569262.665	 7	 0.846268	 0.523834	 0.034958	 1
1463569262.675	 7	 0.830414	 0.536621	 0.069580	 1
1463569262.685	 7	 0.797653	 0.506729	 0.091187	 1
1463569262.695	 7	 0.772888	 0.573135	 0.077515	 1
1463569262.715	 8	 0.842834	 0.811951	 -0.075195	 1
1463569262.725	 8	 0.888138	 0.846725	 -0.146881	 1
1463569262.735	 8	 1.007660	 0.823013	 -0.177628	 1
1463569262.745	 8	 1.089203	 0.755585	 -0.180069	 1
1463569262.755	 8	 1.157837	 0.708511	 -0.145767	 1
1463569262.765	 8	 1.224564	 0.666000	 -0.087173	 1
1463569262.775	 8	 1.254959	 0.639206	 -0.029068	 1
1463569262.785	 8	 1.239853	 0.631607	 0.032669	 1
1463569262.795	 8	 1.192123	 0.625290	 0.087967	 1
1463569262.805	 8	 1.121674	 0.636551	 0.133987	 1
1463569262.815	 8	 1.053177	 0.670227	 0.157043	 1
1463569262.825	 8	 1.001221	 0.687134	 0.152878	 1
1463569262.835	 8	 0.946152	 0.686203	 0.144257	 1
1463569262.845	 8	 0.883316	 0.670456	 0.146530	 1
1463569262.855	 8	 0.833878	 0.650452	 0.152054	 1
1463569262.865	 8	 0.798859	 0.633575	 0.146393	 1
1463569262.875	 8	 0.765656	 0.616394	 0.138321	 1
1463569262.885	 8	 0.747162	 0.609482	 0.128632	 1
1463569262.895	 8	 0.737000	 0.608719	 0.132050	 1
1463569262.905	 8	 0.753143	 0.610031	 0.135208	 1
1463569262.915	 8	 0.779739	 0.606445	 0.145889	 1
1463569262.925	 8	 0.795624	 0.602951	 0.146957	 1
1463569262.935	 8	 0.828125	 0.604019	 0.147324	 1
1463569262.945	 8	 0.860474	 0.590317	 0.131561	 1
1463569262.955	 8	 0.896317	 0.577606	 0.096085	 1
1463569262.965	 8	 0.915298	 0.560791	 0.060211	 1
1463569262.975	 8	 0.928024	 0.549484	 0.041840	 1
1463569262.985	 8	 0.942215	 0.544846	 0.040314	 1
1463569262.995	 8	 0.944260	 0.540817	 0.044235	 1
1463569263.005	 8	 0.922852	 0.521149	 0.055298	 1
1463569263.015	 8	 0.903732	 0.493866	 0.069366	 1
1463569263.025	 9	 0.873703	 0.477875	 0.072617	 1
1463569263.045	 9	 0.803085	 0.454590	 0.080750	 1
1463569263.055	 9	 0.774597	 0.447159	 0.072815	 1
1463569263.065	 9	 0.757843	 0.439285	 0.065475	 1
1463569263.075	 9	 0.753723	 0.444077	 0.068558	 1
1463569263.085	 9	 0.743042	 0.450424	 0.078262	 1
1463569263.095	 10	 0.741135	 0.453964	 0.095871	 1
1463569263.115	 10	 0.743515	 0.470291	 0.116028	 1
1463569263.125	 10	 0.744965	 0.470642	 0.111481	 1
1463569263.135	 10	 0.741318	 0.460922	 0.100037	 1
1463569263.145	 10	 0.746460	 0.463104	 0.080704	 1
1463569263.155	 10	 0.756271	 0.466370	 0.063736	 1
1463569263.175	 11	 0.784821	 0.519440	 0.062424	 1
1463569263.185	 11	 0.805176	 0.550110	 0.066223	 1
1463569263.195	 11	 0.837448	 0.569855	 0.072418	 1
1463569263.205	 11	 0.864624	 0.581787	 0.085281	 1
1463569263.215	 11	 0.889343	 0.591522	 0.103638	 1
1463569263.225	 11	 0.912720	 0.578018	 0.104965	 1
1463569263.235	 11	 0.927933	 0.563278	 0.093552	 1
1463569263.245	 12	 0.949905	 0.557770	 0.067673	 1
1463569263.265	 12	 0.978302	 0.563278	 -0.021133	 1
1463569263.275	 12	 0.987213	 0.617355	 -0.034241	 1
1463569263.285	 12	 0.980865	 0.674957	 -0.036911	 1
1463569263.295	 12	 0.948730	 0.708481	 -0.038010	 1
1463569263.305	 12	 0.918274	 0.725052	 -0.019318	 1
1463569263.315	 12	 0.899048	 0.739594	 -0.001892	 1
1463569263.325	 12	 0.877945	 0.731583	 0.003998	 1
1463569263.335	 12	 0.871414	 0.729187	 0.000839	 1
1463569263.345	 12	 0.864319	 0.740173	 -0.002640	 1
1463569263.355	 12	 0.864029	 0.773956	 -0.023773	 1
1463569263.365	 12	 0.866089	 0.786499	 -0.063004	 1
1463569263.375	 12	 0.855011	 0.774460	 -0.092499	 1
1463569263.385	 12	 0.834869	 0.767227	 -0.107666	 1
1463569263.395	 12	 0.829010	 0.773972	 -0.116837	 1
1463569263.405	 12	 0.833801	 0.774521	 -0.112823	 1
1463569263.415	 12	 0.842880	 0.781128	 -0.111267	 1
1463569263.425	 12	 0.862762	 0.797653	 -0.093384	 1
1463569263.435	 12	 0.871658	 0.780930	 -0.055496	 1
1463569263.445	 12	 0.883133	 0.757202	 -0.026596	 1
1463569263.455	 12	 0.907974	 0.740097	 -0.000412	 1
1463569263.465	 12	 0.912994	 0.729004	 0.018738	 1
1463569263.475	 12	 0.900360	 0.701645	 0.007385	 1
1463569263.485	 12	 0.893677	 0.656494	 -0.008301	 1
1463569263.495	 12	 0.869492	 0.577652	 -0.001572	 1
1463569263.505	 12	 0.850098	 0.491455	 0.030060	 1
1463569263.515	 12	 0.843521	 0.404617	 0.065277	 1
1463569263.525	 12	 0.827927	 0.301300	 0.077545	 1
1463569263.535	 12	 0.806244	 0.229233	 0.071091	 1
1463569263.545	 12	 0.772629	 0.195801	 0.059631	 1
1463569263.555	 12	 0.755142	 0.204819	 0.071335	 1
1463569263.565	 12	 0.723007	 0.255676	 0.061234	 1
1463569263.575	 12	 0.676102	 0.270172	 0.064285	 1
1463569263.585	 12	 0.629410	 0.256897	 0.092957	 1
1463569263.595	 12	 0.579697	 0.248444	 0.118240	 1
1463569263.605	 12	 0.568588	 0.233246	 0.130096	 1
1463569263.615	 12	 0.534805	 0.227722	 0.152527	 1
1463569263.625	 12	 0.540497	 0.382812	 0.255463	 1
1463569263.635	 12	 0.526230	 0.478455	 0.273682	 1
1463569263.645	 12	 0.454514	 0.574585	 0.308914	 1
1463569263.655	 12	 0.400559	 0.644012	 0.333572	 1
1463569263.665	 12	 0.410797	 0.670181	 0.298248	 1
1463569263.675	 12	 0.462509	 0.649323	 0.221970	 1
1463569263.685	 12	 0.538986	 0.636795	 0.117493	 1
1463569263.695	 12	 0.621613	 0.635880	 0.018692	 1
1463569263.705	 12	 0.714462	 0.603409	 -0.054550	 1
1463569263.715	 12	 0.780640	 0.583969	 -0.094864	 1
1463569263.725	 12	 0.839539	 0.530823	 -0.110428	 1
1463569263.735	 12	 0.895035	 0.458115	 -0.117172	 1
1463569263.745	 12	 0.971954	 0.422089	 -0.107117	 1
1463569263.755	 12	 1.014969	 0.402695	 -0.119583	 1
1463569263.765	 12	 1.006989	 0.379044	 -0.115677	 1
1463569263.775	 12	 0.982361	 0.388489	 -0.123474	 1
1463569263.785	 12	 0.945892	 0.425339	 -0.149765	 1
1463569263.795	 12	 0.898727	 0.444183	 -0.150970	 1
1463569263.805	 12	 0.869492	 0.442810	 -0.120300	 1
1463569263.815	 12	 0.862396	 0.410675	 -0.045731	 1
1463569263.825	 12	 0.894485	 0.477692	 0.055527	 1
1463569263.835	 12	 0.888168	 0.515335	 0.107193	 1
1463569263.845	 12	 0.935013	 0.512375	 0.174789	 1
1463569263.855	 12	 0.984512	 0.552612	 0.258606	 1
1463569263.865	 12	 1.009048	 0.564972	 0.296982	 1
1463569263.875	 12	 0.979889	 0.603104	 0.312531	 1
1463569263.885	 12	 0.949463	 0.649048	 0.290863	 1
1463569263.895	 12	 0.920471	 0.680237	 0.226608	 1
1463569263.905	 12	 0.881699	 0.673660	 0.180130	 1
1463569263.915	 12	 0.870285	 0.639236	 0.131699	 1
1463569263.925	 12	 0.870834	 0.564346	 0.093918	 1
1463569263.935	 12	 0.871048	 0.446793	 0.068390	 1
1463569263.945	 12	 0.879166	 0.349823	 0.036682	 1
1463569263.955	 12	 0.891617	 0.361053	 0.001160	 1
1463569263.965	 12	 0.871445	 0.428955	 -0.026703	 1
1463569263.975	 12	 0.843536	 0.500549	 -0.048935	 1
1463569263.985	 12	 0.878983	 0.528412	 -0.056976	 1
1463569263.995	 12	 0.845047	 0.600571	 -0.016190	 1
1463569264.005	 12	 0.721588	 0.779221	 -0.002762	 1
1463569264.015	 12	 0.773087	 0.814133	 -0.052856	 1
1463569264.025	 12	 0.832977	 0.812347	 -0.058289	 1
1463569264.035	 12	 0.936707	 0.754471	 -0.011475	 1
1463569264.045	 12	 0.995270	 0.713654	 0.025497	 1
1463569264.055	 12	 1.063126	 0.726532	 0.019165	 1
1463569264.065	 12	 0.822037	 0.539368	 0.112015	 1
1463569264.075	 12	 0.735748	 0.609589	 0.190170	 1
1463569264.085	 12	 0.787949	 0.692566	 0.178802	 1
1463569264.095	 12	 0.778336	 0.723297	 0.234375	 1
1463569264.105	 12	 0.719284	 0.666412	 0.271469	 1
1463569264.115	 12	 0.614914	 0.583481	 0.333878	 1
1463569264.125	 12	 0.435440	 0.787231	 0.466171	 1
1463569264.135	 12	 0.333527	 0.839005	 0.549393	 1
1463569264.155	 13	 0.280228	 0.815002	 0.352402	 1
1463569264.165	 14	 0.241730	 0.809189	 0.200790	 1
1463569264.185	 14	 0.155350	 0.467087	 -0.264435	 1
1463569264.195	 14	 0.275253	 0.600433	 -0.213623	 1
1463569264.205	 14	 0.384399	 0.591812	 0.095520	 1
1463569264.215	 14	 0.423157	 0.574127	 0.089752	 1
1463569264.225	 14	 0.448502	 0.598450	 0.046463	 1
1463569264.235	 14	 0.460098	 0.655991	 -0.028107	 1
1463569264.245	 14	 0.479111	 0.819763	 -0.187225	 1
1463569264.255	 14	 0.482574	 0.935562	 -0.009735	 1
1463569264.265	 14	 0.493744	 1.065582	 0.240143	 1
1463569264.275	 14	 0.478210	 1.055862	 0.236252	 1
1463569264.285	 14	 0.465073	 1.046890	 0.237167	 1
1463569264.305	 15	 0.405106	 0.965652	 0.154907	 1
1463569264.315	 15	 0.364258	 0.894714	 0.101990	 1
1463569264.325	 15	 0.305161	 0.815933	 0.072006	 1
1463569264.335	 15	 0.237610	 0.738464	 0.032700	 1
1463569264.345	 15	 0.187927	 0.676422	 0.002808	 1
1463569264.355	 15	 0.220856	 0.726227	 0.019073	 1
1463569264.365	 15	 0.257416	 0.891708	 0.034042	 1
1463569264.375	 15	 0.260406	 1.116318	 0.048996	 1
1463569264.385	 15	 0.193436	 1.349777	 0.008270	 1
1463569264.405	 16	 0.111374	 1.974152	 0.203308	 1
1463569264.415	 16	 -0.000229	 2.132828	 0.314774	 1
1463569264.425	 16	 -0.108932	 1.981918	 0.342606	 1
1463569264.435	 16	 -0.190369	 1.594223	 0.241837	 1
1463569264.445	 17	 -0.217026	 1.195709	 0.157852	 1
1463569264.465	 17	 -0.114487	 0.800964	 0.125366	 1
1463569264.475	 17	 -0.074265	 0.806198	 0.112259	 1
1463569264.485	 17	 -0.071167	 0.875702	 0.065170	 1
1463569264.495	 17	 -0.082413	 0.971207	 0.010071	 1
1463569264.515	 18	 -0.061050	 1.111954	 0.009232	 1
1463569264.525	 18	 -0.040268	 1.091049	 0.054932	 1
1463569264.535	 18	 -0.028854	 1.041824	 0.107727	 1
1463569264.545	 18	 -0.030548	 1.002655	 0.140152	 1
1463569264.555	 18	 -0.023605	 0.962631	 0.136719	 1
1463569264.565	 18	 0.008102	 0.963272	 0.125259	 1
1463569264.575	 18	 0.017197	 1.059875	 0.140411	 1
1463569264.585	 18	 0.022568	 1.107636	 0.158920	 1
1463569264.595	 18	 0.046753	 1.076218	 0.173187	 1
1463569264.605	 18	 0.064789	 1.024704	 0.168259	 1
1463569264.615	 18	 0.077011	 0.985504	 0.145279	 1
1463569264.625	 18	 0.073990	 0.958771	 0.113327	 1
1463569264.635	 18	 0.062088	 0.947876	 0.076538	 1
1463569264.645	 18	 0.047287	 0.968170	 0.067291	 1
1463569264.655	 18	 0.034164	 0.994522	 0.057999	 1
1463569264.665	 18	 0.030670	 1.015060	 0.051773	 1
1463569264.675	 18	 0.028992	 1.028366	 0.046112	 1
1463569264.685	 18	 0.052124	 1.044525	 0.063309	 1
1463569264.695	 18	 0.061996	 1.092911	 0.132690	 1
1463569264.705	 18	 0.038925	 1.037949	 0.102722	 1
1463569264.715	 18	 0.006607	 1.025055	 0.070374	 1
1463569264.725	 18	 -0.036072	 1.004501	 0.026123	 1
1463569264.735	 18	 -0.079453	 0.995087	 0.026886	 1
1463569264.745	 18	 -0.108215	 0.970490	 0.052811	 1
1463569264.755	 18	 -0.121231	 0.959976	 0.064316	 1
1463569264.765	 18	 -0.130325	 0.981842	 0.047668	 1
1463569264.775	 18	 -0.135513	 0.997330	 0.025879	 1
1463569264.785	 18	 -0.130707	 1.025818	 0.053635	 1
1463569264.795	 18	 -0.116379	 1.047424	 0.091797	 1
1463569264.805	 18	 -0.100021	 1.041306	 0.105499	 1
1463569264.815	 18	 -0.065414	 1.030014	 0.102753	 1
1463569264.825	 18	 -0.032288	 1.028320	 0.104126	 1
1463569264.835	 18	 -0.002197	 1.015930	 0.104538	 1
1463569264.845	 18	 0.011826	 0.999115	 0.110916	 1
1463569264.855	 18	 0.015091	 1.001953	 0.118423	 1
1463569264.865	 18	 0.016800	 1.005829	 0.119141	 1
1463569264.875	 18	 0.014633	 0.995270	 0.067062	 1
1463569264.885	 18	 0.002594	 0.982681	 0.040787	 1
1463569264.895	 18	 0.008224	 0.999222	 0.014023	 1
1463569264.905	 18	 0.002075	 1.015915	 0.014709	 1
1463569264.915	 18	 -0.040359	 1.031754	 0.051544	 1
1463569264.925	 18	 -0.060379	 1.045288	 0.075439	 1
1463569264.935	 18	 -0.072205	 1.053848	 0.082748	 1
1463569264.945	 18	 -0.062943	 1.054932	 0.090805	 1
1463569264.955	 18	 -0.058487	 1.053040	 0.096512	 1
1463569264.965	 18	 -0.062973	 1.039841	 0.110291	 1
1463569264.975	 18	 -0.076752	 1.022797	 0.117615	 1
1463569264.985	 18	 -0.073425	 1.008972	 0.119949	 1
1463569264.995	 18	 -0.029419	 1.020920	 0.105392	 1
1463569265.005	 18	 -0.023651	 1.059402	 0.118225	 1
1463569265.015	 18	 -0.052429	 1.054733	 0.140808	 1
1463569265.025	 18	 -0.083649	 1.034714	 0.155945	 1
1463569265.035	 18	 -0.084335	 1.013123	 0.113754	 1
1463569265.045	 18	 -0.073334	 0.984848	 0.057068	 1
1463569265.055	 18	 -0.071335	 0.971436	 0.057159	 1
1463569265.065	 18	 -0.081146	 0.969040	 0.072983	 1
1463569265.075	 18	 -0.090378	 0.962662	 0.063187	 1
1463569265.085	 18	 -0.101227	 0.971512	 0.054001	 1
1463569265.095	 18	 -0.094238	 0.991486	 0.064590	 1
1463569265.105	 18	 -0.090958	 1.011246	 0.087387	 1
1463569265.115	 18	 -0.087372	 1.018280	 0.103012	 1
1463569265.125	 18	 -0.090988	 1.021790	 0.116730	 1
1463569265.135	 18	 -0.104294	 1.023560	 0.137878	 1
1463569265.145	 18	 -0.122482	 1.022491	 0.136948	 1
1463569265.155	 18	 -0.148453	 1.028992	 0.133881	 1
1463569265.165	 18	 -0.160919	 1.031662	 0.136246	 1
1463569265.175	 18	 -0.153503	 1.035965	 0.142441	 1
1463569265.185	 18	 -0.132462	 1.034882	 0.147125	 1
1463569265.195	 18	 -0.120483	 1.023895	 0.152222	 1
1463569265.205	 18	 -0.122787	 1.001953	 0.145035	 1
1463569265.215	 18	 -0.118118	 0.979706	 0.120895	 1
1463569265.225	 18	 -0.117004	 0.960770	 0.080154	 1
1463569265.235	 18	 -0.123688	 0.951996	 0.055099	 1
1463569265.245	 18	 -0.127274	 0.955688	 0.048233	 1
1463569265.255	 18	 -0.131226	 0.966492	 0.045929	 1
1463569265.265	 18	 -0.133865	 0.983917	 0.037628	 1
1463569265.275	 18	 -0.134750	 1.000137	 0.044769	 1
1463569265.285	 18	 -0.125214	 1.000961	 0.043915	 1
1463569265.295	 18	 -0.114594	 1.000656	 0.039978	 1
1463569265.305	 18	 -0.124771	 1.007721	 0.047760	 1
1463569265.315	 18	 -0.141113	 1.015167	 0.060852	 1
1463569265.325	 18	 -0.150574	 1.012283	 0.090714	 1
1463569265.335	 18	 -0.166122	 1.025101	 0.121353	 1
1463569265.345	 18	 -0.177124	 1.022278	 0.137619	 1
1463569265.355	 18	 -0.190277	 1.017105	 0.140625	 1
1463569265.365	 18	 -0.211975	 1.016586	 0.147415	 1
1463569265.375	 18	 -0.244278	 1.020828	 0.124344	 1
1463569265.385	 18	 -0.257523	 1.011093	 0.095535	 1
1463569265.395	 18	 -0.250336	 1.002441	 0.080536	 1
1463569265.405	 18	 -0.235886	 0.995605	 0.092590	 1
1463569265.415	 18	 -0.224060	 0.985275	 0.104263	 1
1463569265.425	 18	 -0.216003	 0.979691	 0.116318	 1
1463569265.435	 18	 -0.204224	 0.979889	 0.110458	 1
1463569265.445	 18	 -0.184616	 0.978149	 0.089752	 1
1463569265.455	 18	 -0.168427	 0.964828	 0.088623	 1
1463569265.465	 18	 -0.157593	 0.982071	 0.099213	 1
1463569265.475	 18	 -0.147125	 1.008514	 0.110565	 1
1463569265.485	 18	 -0.132690	 1.024322	 0.114410	 1
1463569265.495	 18	 -0.124680	 1.030884	 0.105835	 1
1463569265.505	 18	 -0.131668	 1.036331	 0.106522	 1
1463569265.515	 18	 -0.141052	 0.999954	 0.093109	 1
1463569265.525	 18	 -0.156113	 1.009598	 0.103821	 1
1463569265.535	 18	 -0.174011	 1.006271	 0.102295	 1
1463569265.545	 18	 -0.187103	 1.004333	 0.099121	 1
1463569265.555	 18	 -0.193298	 0.999023	 0.105469	 1
1463569265.565	 18	 -0.207077	 1.005798	 0.107529	 1
1463569265.575	 18	 -0.212921	 0.995361	 0.111328	 1
1463569265.585	 18	 -0.194580	 0.985565	 0.096115	 1
1463569265.595	 18	 -0.198822	 1.000320	 0.095795	 1
1463569265.605	 18	 -0.180389	 0.995392	 0.091003	 1
1463569265.615	 18	 -0.166901	 0.990906	 0.081955	 1
1463569265.625	 18	 -0.163330	 0.995178	 0.086670	 1
1463569265.635	 18	 -0.167252	 1.002411	 0.094238	 1
1463569265.645	 18	 -0.171097	 1.005951	 0.100220	 1
1463569265.655	 18	 -0.179611	 1.005936	 0.101852	 1
1463569265.665	 18	 -0.177032	 1.007660	 0.100113	 1
1463569265.675	 18	 -0.170853	 1.004822	 0.096954	 1
1463569265.685	 18	 -0.172440	 1.001328	 0.090027	 1
1463569265.695	 18	 -0.177505	 1.002625	 0.085678	 1
1463569265.705	 18	 -0.184921	 1.001999	 0.086060	 1
1463569265.715	 18	 -0.185425	 1.001007	 0.088684	 1
1463569265.725	 18	 -0.185074	 1.000702	 0.089035	 1
1463569265.735	 18	 -0.183044	 1.001816	 0.095505	 1
1463569265.745	 18	 -0.174194	 1.001694	 0.097046	 1
1463569265.755	 18	 -0.175446	 1.002625	 0.097717	 1
1463569265.765	 18	 -0.173706	 0.997360	 0.100174	 1
1463569265.775	 18	 -0.173065	 0.997787	 0.097305	 1
1463569265.785	 18	 -0.170303	 1.004852	 0.100143	 1
1463569265.795	 18	 -0.163101	 1.005341	 0.098618	 1
1463569265.805	 18	 -0.163223	 1.003387	 0.097092	 1
1463569265.815	 18	 -0.169479	 1.005814	 0.095047	 1
1463569265.825	 18	 -0.169952	 1.009491	 0.091019	 1
1463569265.835	 18	 -0.173920	 1.012924	 0.091599	 1
1463569265.845	 18	 -0.174210	 1.010254	 0.095505	 1
1463569265.855	 18	 -0.175079	 1.005554	 0.093033	 1
1463569265.865	 18	 -0.179153	 1.004150	 0.093933	 1
1463569265.875	 18	 -0.196106	 1.008530	 0.091324	 1
1463569265.885	 18	 -0.181168	 1.003036	 0.089981	 1
1463569265.895	 18	 -0.190308	 0.996140	 0.091629	 1
1463569265.905	 18	 -0.197968	 1.000961	 0.100327	 1
1463569265.915	 18	 -0.199814	 0.999603	 0.101562	 1
1463569265.925	 18	 -0.201019	 1.002121	 0.101120	 1
1463569265.935	 18	 -0.192993	 1.004776	 0.100708	 1
1463569265.945	 18	 -0.188049	 1.001099	 0.094589	 1
1463569265.955	 18	 -0.182220	 0.999893	 0.095184	 1
1463569265.965	 18	 -0.179123	 1.001038	 0.091537	 1
1463569265.975	 18	 -0.178879	 1.002380	 0.091339	 1
1463569265.985	 18	 -0.175323	 1.001465	 0.092316	 1
1463569265.995	 18	 -0.170258	 0.998291	 0.091751	 1
1463569266.005	 18	 -0.169403	 0.996124	 0.090393	 1
1463569266.015	 18	 -0.172348	 1.000809	 0.089569	 1
1463569266.025	 18	 -0.171204	 1.002121	 0.094757	 1
1463569266.035	 18	 -0.164093	 1.004059	 0.093140	 1
1463569266.045	 18	 -0.160645	 1.005035	 0.097443	 1
1463569266.055	 18	 -0.162781	 1.009308	 0.101776	 1
1463569266.065	 18	 -0.160172	 1.009766	 0.101349	 1
1463569266.075	 18	 -0.164536	 1.008942	 0.099945	 1
1463569266.085	 18	 -0.167526	 1.004715	 0.100937	 1
1463569266.095	 18	 -0.169067	 1.006210	 0.096909	 1
1463569266.105	 18	 -0.165512	 1.003082	 0.095917	 1
1463569266.115	 18	 -0.167862	 1.001007	 0.092987	 1
1463569266.125	 18	 -0.176086	 1.003342	 0.097137	 1
1463569266.135	 18	 -0.171890	 1.001923	 0.095505	 1
1463569266.145	 18	 -0.170166	 1.002243	 0.098679	 1
1463569266.155	 18	 -0.166824	 1.001480	 0.101334	 1
1463569266.165	 18	 -0.167053	 1.003479	 0.103119	 1
1463569266.175	 18	 -0.166092	 1.003036	 0.103653	 1
1463569266.185	 18	 -0.163086	 1.001770	 0.102768	 1
1463569266.195	 18	 -0.165146	 1.003662	 0.106400	 1
1463569266.205	 18	 -0.164658	 1.003540	 0.107193	 1
1463569266.215	 18	 -0.162338	 1.001816	 0.104309	 1
1463569266.225	 18	 -0.161163	 1.000793	 0.104370	 1
1463569266.235	 18	 -0.161926	 1.001801	 0.102707	 1
1463569266.245	 18	 -0.164093	 1.000549	 0.102249	 1
1463569266.255	 18	 -0.167114	 0.999817	 0.101974	 1
1463569266.265	 18	 -0.167969	 1.000259	 0.102966	 1
1463569266.275	 18	 -0.169693	 1.002701	 0.100098	 1
1463569266.285	 18	 -0.163742	 1.002563	 0.101028	 1
1463569266.295	 18	 -0.164612	 1.004257	 0.099594	 1
1463569266.305	 18	 -0.164124	 1.004959	 0.103760	 1
1463569266.315	 18	 -0.163879	 1.007401	 0.103653	 1
1463569266.325	 18	 -0.161285	 1.006729	 0.103165	 1
1463569266.335	 18	 -0.161346	 1.002548	 0.103851	 1
1463569266.345	 18	 -0.166107	 1.002899	 0.105606	 1
1463569266.355	 18	 -0.168304	 1.002747	 0.109436	 1
1463569266.365	 18	 -0.168335	 1.000793	 0.107574	 1
1463569266.375	 18	 -0.165741	 0.999817	 0.104462	 1
1463569266.385	 18	 -0.163605	 1.002487	 0.103500	 1
1463569266.395	 18	 -0.165131	 0.999970	 0.102356	 1
1463569266.405	 18	 -0.161621	 0.998810	 0.099609	 1
1463569266.415	 18	 -0.162216	 1.000320	 0.101837	 1
1463569266.425	 18	 -0.156021	 0.999771	 0.102081	 1
1463569266.435	 18	 -0.156403	 1.001038	 0.106262	 1
1463569266.445	 18	 -0.156143	 0.999786	 0.108826	 1
1463569266.455	 18	 -0.152649	 1.000916	 0.111343	 1
1463569266.465	 18	 -0.147659	 1.003876	 0.111771	 1
1463569266.475	 18	 -0.147583	 1.005295	 0.108536	 1
1463569266.485	 18	 -0.151321	 1.007950	 0.107025	 1
1463569266.495	 18	 -0.151794	 1.007248	 0.107529	 1
1463569266.505	 18	 -0.150238	 1.005386	 0.105942	 1
1463569266.515	 18	 -0.158112	 1.003494	 0.104141	 1
1463569266.525	 18	 -0.160324	 1.004150	 0.102783	 1
1463569266.535	 18	 -0.162689	 1.004898	 0.100967	 1
1463569266.545	 18	 -0.165283	 1.003067	 0.103333	 1
1463569266.555	 18	 -0.164627	 1.003113	 0.104706	 1
1463569266.565	 18	 -0.165039	 0.998550	 0.105728	 1
1463569266.575	 18	 -0.167709	 0.998962	 0.106522	 1
1463569266.585	 18	 -0.172043	 1.000305	 0.106598	 1
1463569266.595	 18	 -0.170486	 1.001205	 0.108292	 1
1463569266.605	 18	 -0.166153	 0.999420	 0.107834	 1
1463569266.615	 18	 -0.162598	 0.997086	 0.106308	 1
1463569266.625	 18	 -0.164322	 1.001114	 0.104675	 1
1463569266.635	 18	 -0.159287	 1.004059	 0.106003	 1
1463569266.645	 18	 -0.159180	 1.001526	 0.108368	 1
1463569266.655	 18	 -0.157227	 1.004456	 0.105698	 1
1463569266.665	 18	 -0.160522	 1.005112	 0.104630	 1
1463569266.675	 18	 -0.163559	 1.003738	 0.101334	 1
1463569266.685	 18	 -0.162888	 1.005905	 0.102524	 1
1463569266.695	 18	 -0.158752	 1.003967	 0.100983	 1
1463569266.705	 18	 -0.163147	 1.002991	 0.104248	 1
1463569266.715	 18	 -0.166534	 1.001892	 0.105850	 1
1463569266.725	 18	 -0.166992	 1.000351	 0.108017	 1
1463569266.735	 18	 -0.168808	 0.999084	 0.108337	 1
1463569266.745	 18	 -0.168030	 1.000961	 0.105194	 1
1463569266.755	 18	 -0.169144	 1.003525	 0.107346	 1
1463569266.765	 18	 -0.164261	 1.002838	 0.107681	 1
1463569266.775	 18	 -0.162247	 1.001877	 0.108673	 1
1463569266.785	 18	 -0.160431	 1.004181	 0.110245	 1
1463569266.795	 18	 -0.160751	 1.003921	 0.112503	 1
1463569266.805	 18	 -0.158142	 1.004211	 0.110809	 1
1463569266.815	 18	 -0.159851	 1.002640	 0.112381	 1
1463569266.825	 18	 -0.160233	 1.001068	 0.107513	 1
1463569266.835	 18	 -0.162674	 0.999771	 0.106094	 1
1463569266.845	 18	 -0.163330	 0.999451	 0.106934	 1
1463569266.855	 18	 -0.162537	 0.997940	 0.106277	 1
1463569266.865	 18	 -0.162720	 0.999054	 0.106857	 1
1463569266.875	 18	 -0.162827	 1.002930	 0.106186	 1
1463569266.885	 18	 -0.161957	 1.001282	 0.109207	 1
1463569266.895	 18	 -0.161545	 1.003204	 0.112625	 1
1463569266.905	 18	 -0.161224	 1.003769	 0.110931	 1
1463569266.915	 18	 -0.160797	 1.002930	 0.111465	 1
1463569266.925	 18	 -0.161987	 1.002441	 0.112015	 1
1463569266.935	 18	 -0.162842	 1.003815	 0.111099	 1
1463569266.945	 18	 -0.163528	 1.004440	 0.110626	 1
1463569266.955	 18	 -0.165878	 1.003647	 0.110336	 1
1463569266.965	 18	 -0.165451	 1.000000	 0.109146	 1
1463569266.975	 18	 -0.168716	 1.000122	 0.106384	 1
1463569266.985	 18	 -0.170425	 0.999786	 0.106506	 1
1463569266.995	 18	 -0.172104	 0.998840	 0.104584	 1
1463569267.005	 18	 -0.174057	 1.001221	 0.105728	 1
1463569267.015	 18	 -0.171448	 1.003113	 0.103897	 1
1463569267.025	 18	 -0.168579	 1.002274	 0.106750	 1
1463569267.035	 18	 -0.164215	 1.001617	 0.106613	 1
1463569267.045	 18	 -0.164032	 1.002075	 0.104446	 1
1463569267.055	 18	 -0.162506	 1.001389	 0.106964	 1
1463569267.065	 18	 -0.165054	 0.999573	 0.107788	 1
1463569267.075	 18	 -0.168671	 1.000549	 0.104553	 1
1463569267.085	 18	 -0.170654	 1.002762	 0.104599	 1
1463569267.095	 18	 -0.167267	 1.003830	 0.106293	 1
1463569267.105	 18	 -0.164108	 1.004227	 0.103180	 1
1463569267.115	 18	 -0.163330	 1.000473	 0.103607	 1
1463569267.125	 18	 -0.164032	 1.001007	 0.105148	 1
1463569267.135	 18	 -0.163879	 0.998901	 0.110916	 1
1463569267.145	 18	 -0.163010	 0.997543	 0.108429	 1
1463569267.155	 18	 -0.162598	 0.998703	 0.112793	 1
1463569267.165	 18	 -0.163101	 0.999237	 0.112930	 1
1463569267.175	 18	 -0.162048	 0.999527	 0.111588	 1
1463569267.185	 18	 -0.159683	 1.001587	 0.114365	 1
1463569267.195	 18	 -0.157410	 1.000641	 0.108887	 1
1463569267.205	 18	 -0.157501	 1.004593	 0.107483	 1
1463569267.215	 18	 -0.158539	 1.005005	 0.105804	 1
1463569267.225	 18	 -0.159882	 1.004776	 0.105515	 1
1463569267.235	 18	 -0.162491	 1.003418	 0.106628	 1
1463569267.245	 18	 -0.165039	 1.000168	 0.108154	 1
1463569267.255	 18	 -0.165878	 1.002457	 0.109070	 1
1463569267.265	 18	 -0.165588	 1.002472	 0.108643	 1
1463569267.275	 18	 -0.165115	 1.000092	 0.109634	 1
1463569267.285	 18	 -0.164261	 1.002396	 0.110062	 1
1463569267.295	 18	 -0.164780	 1.002335	 0.110535	 1
1463569267.305	 18	 -0.164398	 1.001144	 0.108109	 1
1463569267.315	 18	 -0.162796	 1.005402	 0.107300	 1
1463569267.325	 18	 -0.164215	 1.002014	 0.105133	 1
1463569267.335	 18	 -0.166779	 1.002213	 0.102325	 1
1463569267.345	 18	 -0.167755	 0.999969	 0.101608	 1
1463569267.355	 18	 -0.165207	 0.998276	 0.103409	 1
1463569267.365	 18	 -0.168655	 1.000549	 0.105042	 1
1463569267.375	 18	 -0.166885	 1.002594	 0.105911	 1
1463569267.385	 18	 -0.161850	 1.002502	 0.105026	 1
1463569267.395	 18	 -0.159225	 1.002579	 0.105484	 1
1463569267.405	 18	 -0.163361	 1.005920	 0.104828	 1
1463569267.415	 18	 -0.161484	 1.003509	 0.102448	 1
1463569267.425	 18	 -0.159653	 1.004333	 0.102707	 1
1463569267.435	 18	 -0.161087	 1.001358	 0.101654	 1
1463569267.445	 18	 -0.165604	 1.001419	 0.103119	 1
1463569267.455	 18	 -0.171036	 1.000351	 0.103973	 1
1463569267.465	 18	 -0.173477	 1.000977	 0.108688	 1
1463569267.475	 18	 -0.167709	 1.000839	 0.106918	 1
1463569267.485	 18	 -0.168900	 1.003296	 0.107712	 1
1463569267.495	 18	 -0.166534	 1.003189	 0.108566	 1
1463569267.505	 18	 -0.167679	 1.002136	 0.106201	 1
1463569267.515	 18	 -0.162521	 1.001602	 0.105469	 1
1463569267.525	 18	 -0.163086	 1.003510	 0.105774	 1
1463569267.535	 18	 -0.163040	 1.003448	 0.101944	 1
1463569267.545	 18	 -0.165863	 1.001907	 0.103699	 1
1463569267.555	 18	 -0.164261	 1.001999	 0.105713	 1
1463569267.565	 18	 -0.162964	 1.003387	 0.103790	 1
1463569267.575	 18	 -0.161392	 1.001190	 0.105743	 1
1463569267.585	 18	 -0.158920	 1.002197	 0.106186	 1
1463569267.595	 18	 -0.159470	 1.001038	 0.107010	 1
1463569267.605	 18	 -0.163818	 1.003479	 0.106033	 1
1463569267.615	 18	 -0.164017	 1.001816	 0.105148	 1
1463569267.625	 18	 -0.167984	 1.001785	 0.107605	 1
1463569267.635	 18	 -0.167221	 1.001984	 0.104233	 1
1463569267.645	 18	 -0.170395	 1.003677	 0.105560	 1
1463569267.655	 18	 -0.168808	 1.001968	 0.103653	 1
1463569267.665	 18	 -0.171112	 1.000870	 0.102737	 1
1463569267.675	 18	 -0.169266	 0.999054	 0.102585	 1
1463569267.685	 18	 -0.168839	 1.000290	 0.106995	 1
1463569267.695	 18	 -0.169540	 1.001160	 0.104141	 1
1463569267.705	 18	 -0.170349	 1.001678	 0.106354	 1
1463569267.715	 18	 -0.166412	 1.000473	 0.105942	 1
1463569267.725	 18	 -0.166534	 1.000015	 0.100601	 1
1463569267.735	 18	 -0.170654	 1.002167	 0.101471	 1
1463569267.745	 18	 -0.167725	 1.003342	 0.102219	 1
1463569267.755	 18	 -0.166077	 1.007828	 0.100403	 1
1463569267.765	 18	 -0.166321	 1.006577	 0.101471	 1
1463569267.775	 18	 -0.163956	 1.004196	 0.103638	 1
1463569267.785	 18	 -0.169815	 1.004501	 0.100876	 1
1463569267.795	 18	 -0.170700	 1.004547	 0.102142	 1
1463569267.805	 18	 -0.173996	 1.003525	 0.103455	 1
1463569267.815	 18	 -0.177643	 1.000519	 0.103256	 1
1463569267.825	 18	 -0.179169	 0.998154	 0.104218	 1
1463569267.835	 18	 -0.174500	 1.001328	 0.104324	 1
1463569267.845	 18	 -0.169464	 1.000519	 0.103516	 1
1463569267.855	 18	 -0.169556	 1.001221	 0.101883	 1
1463569267.865	 18	 -0.170288	 1.002182	 0.103165	 1
1463569267.875	 18	 -0.168930	 1.001862	 0.102036	 1
1463569267.885	 18	 -0.163864	 1.002365	 0.105835	 1
1463569267.895	 18	 -0.163696	 1.002457	 0.104752	 1
1463569267.905	 18	 -0.163010	 1.002792	 0.109970	 1
1463569267.915	 18	 -0.161987	 1.002960	 0.107300	 1
1463569267.925	 18	 -0.164764	 1.004501	 0.107162	 1
1463569267.935	 18	 -0.164261	 1.002335	 0.105927	 1
1463569267.945	 18	 -0.163300	 1.003189	 0.106796	 1
1463569267.955	 18	 -0.164383	 0.999176	 0.103439	 1
1463569267.965	 18	 -0.163681	 1.002274	 0.101334	 1
1463569267.975	 18	 -0.168381	 1.001663	 0.101654	 1
1463569267.985	 18	 -0.169495	 1.002625	 0.101166	 1
1463569267.995	 18	 -0.171082	 1.003479	 0.103729	 1
1463569268.005	 18	 -0.172333	 1.003922	 0.103592	 1
1463569268.015	 18	 -0.171555	 1.000397	 0.103348	 1
1463569268.025	 18	 -0.169830	 1.001160	 0.105759	 1
1463569268.035	 18	 -0.170731	 1.001892	 0.101837	 1
1463569268.045	 18	 -0.173187	 1.002686	 0.103806	 1
1463569268.055	 18	 -0.175583	 1.002930	 0.105621	 1
1463569268.065	 18	 -0.175598	 1.001617	 0.103088	 1
1463569268.075	 18	 -0.174118	 1.000549	 0.102676	 1
1463569268.085	 18	 -0.175064	 0.999313	 0.102951	 1
1463569268.095	 18	 -0.175171	 1.001877	 0.105957	 1
1463569268.105	 18	 -0.171921	 1.000885	 0.104874	 1
1463569268.115	 18	 -0.171310	 1.001938	 0.105759	 1
1463569268.125	 18	 -0.167755	 1.003937	 0.107208	 1
1463569268.135	 18	 -0.165756	 1.003189	 0.104523	 1
1463569268.145	 18	 -0.167694	 1.004822	 0.104706	 1
1463569268.155	 18	 -0.168152	 1.006302	 0.102066	 1
1463569268.165	 18	 -0.168823	 1.004501	 0.102707	 1
1463569268.175	 18	 -0.168976	 1.004105	 0.100571	 1
1463569268.185	 18	 -0.170807	 1.004013	 0.100327	 1
1463569268.195	 18	 -0.170364	 1.003220	 0.103668	 1
1463569268.205	 18	 -0.170853	 0.999970	 0.103928	 1
1463569268.215	 18	 -0.171463	 1.000504	 0.104599	 1
1463569268.225	 18	 -0.170273	 1.001694	 0.104980	 1
1463569268.235	 18	 -0.169601	 1.001251	 0.104370	 1
1463569268.245	 18	 -0.169342	 1.002808	 0.106598	 1
1463569268.255	 18	 -0.170136	 1.001633	 0.107620	 1
1463569268.265	 18	 -0.171234	 1.002624	 0.106537	 1
1463569268.275	 18	 -0.170380	 1.003906	 0.107376	 1
1463569268.285	 18	 -0.167084	 1.003784	 0.105011	 1
1463569268.295	 18	 -0.165527	 1.004593	 0.103836	 1
1463569268.305	 18	 -0.166443	 1.000961	 0.102402	 1
1463569268.315	 18	 -0.164703	 1.001984	 0.103302	 1
1463569268.325	 18	 -0.171005	 0.999420	 0.104752	 1
1463569268.335	 18	 -0.174438	 1.000885	 0.105133	 1
1463569268.345	 18	 -0.177795	 0.999481	 0.107040	 1
1463569268.355	 18	 -0.174683	 0.998749	 0.105789	 1
1463569268.365	 18	 -0.174026	 0.999222	 0.102982	 1
1463569268.375	 18	 -0.174820	 1.000687	 0.104019	 1
1463569268.385	 18	 -0.173904	 1.002258	 0.104782	 1
1463569268.395	 18	 -0.170959	 1.003021	 0.104858	 1
1463569268.405	 18	 -0.172729	 1.002487	 0.103531	 1
1463569268.415	 18	 -0.172974	 1.002426	 0.103745	 1
1463569268.425	 18	 -0.177017	 1.001938	 0.103302	 1
1463569268.435	 18	 -0.172897	 0.999893	 0.104523	 1
1463569268.445	 18	 -0.173767	 0.999283	 0.103531	 1
1463569268.455	 18	 -0.172546	 1.000610	 0.104065	 1
1463569268.465	 18	 -0.171844	 1.003128	 0.104782	 1
1463569268.475	 18	 -0.173050	 1.000977	 0.100967	 1
1463569268.485	 18	 -0.172623	 1.000351	 0.099915	 1
1463569268.495	 18	 -0.172058	 0.999680	 0.097443	 1
1463569268.505	 18	 -0.172806	 1.001770	 0.097931	 1
1463569268.515	 18	 -0.170517	 1.001892	 0.098190	 1
1463569268.525	 18	 -0.171280	 1.003525	 0.097870	 1
1463569268.535	 18	 -0.172150	 1.002869	 0.098618	 1
1463569268.545	 18	 -0.172348	 1.002670	 0.096512	 1
1463569268.555	 18	 -0.176544	 0.999985	 0.101715	 1
1463569268.565	 18	 -0.176437	 0.999344	 0.100815	 1
1463569268.575	 18	 -0.178604	 0.997070	 0.100113	 1
1463569268.585	 18	 -0.175903	 0.997238	 0.101974	 1
1463569268.595	 18	 -0.177246	 1.001541	 0.097244	 1
1463569268.605	 18	 -0.175079	 1.002304	 0.098679	 1
1463569268.615	 18	 -0.173538	 1.001617	 0.101303	 1
1463569268.625	 18	 -0.177063	 1.000854	 0.099731	 1
1463569268.635	 18	 -0.176819	 1.000534	 0.102264	 1
1463569268.645	 18	 -0.173935	 1.001068	 0.107437	 1
1463569268.655	 18	 -0.173004	 1.000946	 0.107391	 1
1463569268.665	 18	 -0.166092	 0.999451	 0.110825	 1
1463569268.675	 18	 -0.167679	 1.001312	 0.108780	 1
1463569268.685	 18	 -0.164108	 1.000748	 0.108215	 1
1463569268.695	 18	 -0.166473	 1.002274	 0.104523	 1
1463569268.705	 18	 -0.164734	 1.001022	 0.108063	 1
1463569268.715	 18	 -0.165604	 1.003113	 0.102402	 1
1463569268.725	 18	 -0.167633	 1.003723	 0.097122	 1
1463569268.735	 18	 -0.170609	 1.002167	 0.100754	 1
1463569268.745	 18	 -0.169998	 1.003311	 0.100449	 1
1463569268.755	 18	 -0.174316	 1.002899	 0.099380	 1
1463569268.765	 18	 -0.176529	 1.002319	 0.104187	 1
1463569268.775	 18	 -0.178009	 1.001038	 0.109802	 1
1463569268.785	 18	 -0.176514	 1.001358	 0.106903	 1
1463569268.795	 18	 -0.184967	 1.001678	 0.111404	 1
1463569268.805	 18	 -0.167603	 1.003067	 0.103973	 1
1463569268.815	 18	 -0.166214	 1.003403	 0.099808	 1
1463569268.825	 18	 -0.172363	 1.003860	 0.104675	 1
1463569268.835	 18	 -0.173035	 1.005081	 0.102005	 1
1463569268.845	 18	 -0.170563	 1.002838	 0.104202	 1
1463569268.855	 18	 -0.165939	 1.002441	 0.094757	 1
1463569268.865	 18	 -0.167435	 1.001678	 0.093719	 1
1463569268.875	 18	 -0.173187	 1.001282	 0.094208	 1
1463569268.885	 18	 -0.178467	 1.001404	 0.099762	 1
1463569268.895	 18	 -0.176239	 1.002930	 0.100861	 1
1463569268.905	 18	 -0.171463	 1.000519	 0.102417	 1
1463569268.915	 18	 -0.172729	 1.001663	 0.104202	 1
1463569268.925	 18	 -0.165497	 0.999969	 0.105804	 1
1463569268.935	 18	 -0.166122	 0.999832	 0.111084	 1
1463569268.945	 18	 -0.161407	 0.999664	 0.107803	 1
1463569268.955	 18	 -0.169830	 1.004364	 0.099609	 1
1463569268.965	 18	 -0.167130	 1.004532	 0.100098	 1
1463569268.975	 18	 -0.168701	 1.003189	 0.100006	 1
1463569268.985	 18	 -0.168518	 1.002197	 0.098175	 1
1463569268.995	 18	 -0.167862	 1.003326	 0.098190	 1
1463569269.005	 18	 -0.170517	 1.003067	 0.099716	 1
1463569269.015	 18	 -0.171402	 1.001633	 0.103577	 1
1463569269.025	 18	 -0.171310	 0.999924	 0.102448	 1
1463569269.035	 18	 -0.169922	 0.999054	 0.105759	 1
1463569269.045	 18	 -0.165970	 0.999817	 0.104477	 1
1463569269.055	 18	 -0.166245	 0.999481	 0.104294	 1
1463569269.065	 18	 -0.166763	 1.004074	 0.104401	 1
1463569269.075	 18	 -0.163498	 0.996262	 0.109909	 1
1463569269.085	 18	 -0.158646	 0.999573	 0.105423	 1
1463569269.095	 18	 -0.162857	 1.002518	 0.106903	 1
1463569269.105	 18	 -0.160904	 1.000214	 0.108871	 1
1463569269.115	 18	 -0.159988	 1.004150	 0.101425	 1
1463569269.125	 18	 -0.162338	 1.006104	 0.100677	 1
1463569269.135	 18	 -0.162277	 1.006027	 0.101501	 1
1463569269.145	 18	 -0.166199	 1.003922	 0.100693	 1
1463569269.155	 18	 -0.164185	 1.001801	 0.104965	 1
1463569269.165	 18	 -0.166321	 1.001556	 0.101776	 1
1463569269.175	 18	 -0.166885	 1.000397	 0.101471	 1
1463569269.185	 18	 -0.168701	 1.001480	 0.097961	 1
1463569269.195	 18	 -0.168976	 1.001251	 0.101456	 1
1463569269.205	 18	 -0.167618	 0.999634	 0.100250	 1
1463569269.215	 18	 -0.171432	 1.002151	 0.101257	 1
1463569269.225	 18	 -0.170792	 1.003616	 0.100784	 1
1463569269.235	 18	 -0.167023	 1.002991	 0.102081	 1
1463569269.245	 18	 -0.166367	 1.005844	 0.097809	 1
1463569269.255	 18	 -0.168503	 1.006088	 0.101578	 1
1463569269.265	 18	 -0.168564	 1.007614	 0.104950	 1
1463569269.275	 18	 -0.167328	 1.007507	 0.102722	 1
1463569269.285	 18	 -0.167206	 1.006027	 0.103424	 1
1463569269.295	 18	 -0.167877	 1.003586	 0.098450	 1
1463569269.305	 18	 -0.168442	 1.004532	 0.100128	 1
1463569269.315	 18	 -0.170273	 1.002930	 0.098389	 1
1463569269.325	 18	 -0.170151	 1.000229	 0.100952	 1
1463569269.335	 18	 -0.169891	 0.999542	 0.100571	 1
1463569269.345	 18	 -0.172043	 0.999695	 0.104401	 1
1463569269.355	 18	 -0.169830	 1.001312	 0.105682	 1
1463569269.365	 18	 -0.165863	 1.000839	 0.107895	 1
1463569269.375	 18	 -0.163208	 1.003983	 0.108398	 1
1463569269.385	 18	 -0.161270	 1.002182	 0.110626	 1
1463569269.395	 18	 -0.159027	 1.005417	 0.110458	 1
1463569269.405	 18	 -0.157501	 1.005859	 0.111389	 1
1463569269.415	 18	 -0.157608	 1.005890	 0.108963	 1
1463569269.425	 18	 -0.159103	 1.008408	 0.104996	 1
1463569269.435	 18	 -0.165283	 1.006683	 0.105591	 1
1463569269.445	 18	 -0.168472	 1.006622	 0.102127	 1
1463569269.455	 18	 -0.167633	 1.008423	 0.104523	 1
1463569269.465	 18	 -0.169312	 1.007507	 0.106766	 1
1463569269.475	 18	 -0.167526	 1.005630	 0.101654	 1
1463569269.485	 18	 -0.168640	 1.006683	 0.101624	 1
1463569269.495	 18	 -0.166199	 1.006165	 0.104691	 1
1463569269.505	 18	 -0.171753	 1.007126	 0.106262	 1
1463569269.515	 18	 -0.178574	 1.008789	 0.106293	 1
1463569269.525	 18	 -0.179596	 1.011185	 0.106293	 1
1463569269.535	 18	 -0.173340	 1.011810	 0.105942	 1
1463569269.545	 18	 -0.175232	 1.008392	 0.106659	 1
1463569269.555	 18	 -0.186447	 1.005798	 0.106583	 1
1463569269.565	 18	 -0.195816	 1.007034	 0.099884	 1
1463569269.575	 18	 -0.218277	 1.016632	 0.109528	 1
1463569269.585	 18	 -0.191925	 1.018250	 0.111832	 1
1463569269.595	 18	 -0.175400	 1.006409	 0.103226	 1
1463569269.605	 18	 -0.179840	 1.010849	 0.103210	 1
1463569269.615	 18	 -0.180695	 1.005875	 0.094589	 1
1463569269.625	 18	 -0.185715	 0.919815	 0.114410	 1
1463569269.635	 18	 -0.166687	 0.969635	 0.104752	 1
1463569269.645	 18	 -0.161331	 1.017197	 0.102844	 1
1463569269.655	 18	 -0.171188	 1.029236	 0.111740	 1
1463569269.665	 18	 -0.197784	 1.017899	 0.098007	 1
1463569269.675	 18	 -0.206848	 1.005951	 0.079437	 1
1463569269.685	 18	 -0.148422	 1.027374	 0.051132	 1
1463569269.695	 18	 -0.166977	 1.036545	 0.128204	 1
1463569269.705	 18	 -0.198883	 1.005264	 0.121063	 1
1463569269.715	 18	 -0.184402	 0.999725	 0.085861	 1
1463569269.725	 18	 -0.119537	 1.044159	 0.100937	 1
1463569269.735	 18	 -0.090698	 1.062469	 0.158325	 1
1463569269.745	 18	 -0.072037	 1.061584	 0.172974	 1
1463569269.755	 18	 -0.038315	 1.070236	 0.171280	 1
1463569269.765	 18	 -0.037521	 1.065063	 0.156662	 1
1463569269.775	 18	 -0.033401	 1.067352	 0.128189	 1
1463569269.785	 18	 -0.056183	 1.058746	 0.087646	 1
1463569269.795	 18	 -0.087753	 1.023392	 0.028458	 1
1463569269.805	 18	 -0.022034	 1.091354	 0.097656	 1
1463569269.815	 18	 -0.031647	 1.147858	 0.113968	 1
1463569269.825	 18	 -0.051071	 1.165543	 0.098038	 1
1463569269.835	 18	 -0.067123	 1.151855	 0.077744	 1
1463569269.845	 18	 -0.077530	 1.136475	 0.063171	 1
1463569269.855	 18	 -0.094528	 1.211853	 0.063568	 1
1463569269.865	 18	 -0.087631	 1.235611	 0.054245	 1
1463569269.875	 18	 -0.091141	 1.198074	 0.042175	 1
1463569269.885	 18	 -0.072708	 1.148163	 0.026703	 1
1463569269.895	 18	 -0.052353	 1.126907	 0.024384	 1
1463569269.905	 18	 -0.039642	 1.133621	 0.016571	 1
1463569269.915	 18	 -0.003418	 1.198822	 0.043396	 1
1463569269.925	 18	 0.015778	 1.206253	 0.047852	 1
1463569269.935	 18	 0.042664	 1.184601	 0.069809	 1
1463569269.945	 18	 0.060425	 1.237549	 0.086441	 1
1463569269.955	 18	 0.065430	 1.240524	 0.097687	 1
1463569269.965	 18	 0.045136	 1.265076	 0.155273	 1
1463569269.975	 18	 0.016846	 1.243515	 0.160858	 1
1463569269.985	 18	 0.020248	 1.227982	 0.171783	 1
1463569269.995	 18	 0.019730	 1.242065	 0.150848	 1
1463569270.005	 18	 0.019501	 1.242142	 0.104309	 1
1463569270.015	 18	 0.022842	 1.218872	 0.037674	 1
1463569270.025	 18	 0.027649	 1.207565	 0.018616	 1
1463569270.035	 18	 0.039734	 1.169540	 0.019150	 1
1463569270.045	 18	 0.031525	 1.126373	 0.072723	 1
1463569270.055	 18	 0.075912	 0.829742	 0.030533	 1
1463569270.065	 18	 0.236282	 0.776443	 -0.057327	 1
1463569270.075	 18	 0.255203	 0.830124	 0.047653	 1
1463569270.085	 18	 0.189896	 0.755280	 0.043198	 1
1463569270.095	 18	 0.100708	 0.593811	 -0.017395	 1
1463569270.105	 18	 0.085449	 0.570435	 -0.009384	 1
1463569270.115	 18	 0.356812	 0.939911	 -0.060822	 1
1463569270.125	 18	 0.710587	 1.392487	 -0.118927	 1
1463569270.135	 18	 0.707687	 1.246704	 -0.129959	 1
1463569270.145	 18	 0.669846	 0.961349	 -0.107529	 1
1463569270.155	 18	 0.753540	 0.891678	 0.007690	 1
1463569270.165	 18	 0.739944	 0.817307	 0.161209	 1
1463569270.175	 18	 0.638931	 0.722443	 0.173294	 1
1463569270.185	 18	 0.615601	 0.710510	 0.156982	 1
1463569270.195	 18	 0.647125	 0.714600	 0.187714	 1
1463569270.205	 18	 0.683258	 0.788712	 0.070786	 1
1463569270.215	 18	 0.702362	 0.774200	 -0.005692	 1
1463569270.225	 18	 0.738922	 0.522507	 -0.090866	 1
1463569270.235	 18	 0.797699	 0.433136	 -0.099365	 1
1463569270.245	 18	 0.762909	 0.574783	 -0.132919	 1
1463569270.255	 18	 0.693451	 0.648880	 -0.124557	 1
1463569270.265	 18	 0.673080	 0.557312	 -0.065979	 1
1463569270.275	 18	 0.724136	 0.375809	 0.081543	 1
1463569270.285	 18	 0.717239	 0.290283	 0.048141	 1
1463569270.295	 18	 0.737411	 0.324799	 0.064865	 1
1463569270.305	 18	 0.725906	 0.398163	 0.109253	 1
1463569270.315	 18	 0.724762	 0.420731	 0.100189	 1
1463569270.325	 18	 0.786026	 0.370331	 0.090851	 1
1463569270.335	 18	 0.840607	 0.358688	 0.110657	 1
1463569270.345	 18	 0.853226	 0.366241	 0.161606	 1
1463569270.355	 18	 0.952042	 0.327164	 0.166946	 1
1463569270.365	 18	 0.924088	 0.299942	 0.121140	 1
1463569270.375	 18	 1.024139	 0.315994	 0.143951	 1
1463569270.385	 18	 1.040237	 0.278580	 0.056763	 1
1463569270.395	 18	 1.041458	 0.231171	 0.108963	 1
1463569270.405	 18	 1.114517	 0.154861	 0.016388	 1
1463569270.415	 18	 1.164215	 0.078918	 -0.026794	 1
1463569270.425	 18	 1.216919	 0.065872	 -0.107651	 1
1463569270.435	 18	 1.240265	 0.013168	 -0.189621	 1
1463569270.445	 18	 1.292709	 0.013351	 -0.289474	 1
1463569270.455	 18	 1.298142	 0.044296	 -0.452270	 1
1463569270.465	 18	 1.264938	 0.051056	 -0.588776	 1
1463569270.475	 18	 1.270523	 0.025757	 -0.689468	 1
1463569270.485	 18	 1.273315	 -0.004089	 -0.796646	 1
1463569270.495	 18	 1.203842	 -0.052170	 -0.908203	 1
1463569270.505	 18	 1.076126	 -0.121933	 -1.009506	 1
1463569270.515	 18	 0.872543	 -0.274536	 -1.016525	 1
1463569270.525	 18	 0.678818	 -0.154282	 -0.890747	 1
1463569270.535	 18	 0.749237	 0.033463	 -1.037613	 1
1463569270.545	 18	 0.732834	 0.165329	 -1.126358	 1
1463569270.555	 18	 0.709045	 0.316162	 -1.103455	 1
1463569270.565	 18	 0.640457	 0.296036	 -1.048080	 1
1463569270.575	 18	 0.649231	 0.246796	 -1.019348	 1
1463569270.585	 18	 0.684753	 0.271317	 -1.066452	 1
1463569270.595	 18	 0.706177	 0.296448	 -1.098267	 1
1463569270.605	 18	 0.724625	 0.254852	 -1.116486	 1
1463569270.615	 18	 0.727936	 0.166946	 -1.111313	 1
1463569270.625	 18	 0.773346	 0.129944	 -1.102905	 1
1463569270.635	 18	 0.870316	 0.190048	 -1.235138	 1
1463569270.645	 18	 1.001968	 0.309906	 -1.262268	 1
1463569270.655	 18	 0.946259	 0.213089	 -1.083939	 1
1463569270.665	 18	 0.932404	 0.217346	 -1.029175	 1
1463569270.675	 18	 0.853531	 0.154709	 -0.989197	 1
1463569270.685	 18	 0.816879	 0.129181	 -0.975159	 1
1463569270.695	 18	 0.777161	 0.108231	 -0.937271	 1
1463569270.705	 18	 0.707932	 0.120453	 -0.968658	 1
1463569270.725	 18	 0.721283	 0.080399	 -0.841293	 1
1463569270.715	 18	 0.685760	 0.101532	 -0.920410	 1
1463569270.735	 18	 0.691055	 0.051041	 -0.814728	 1
1463569270.745	 18	 0.568527	 0.014786	 -0.879868	 1
1463569270.755	 18	 0.523361	 0.021103	 -0.838501	 1
1463569270.765	 18	 0.526306	 0.058167	 -0.780304	 1
1463569270.775	 18	 0.516937	 0.083160	 -0.729569	 1
1463569270.785	 18	 0.518600	 0.088516	 -0.694412	 1
1463569270.795	 18	 0.481873	 0.073837	 -0.712997	 1
1463569270.805	 18	 0.401306	 0.062912	 -0.776901	 1
1463569270.815	 18	 0.381729	 0.066376	 -0.813812	 1
1463569270.825	 18	 0.400391	 0.070175	 -0.854782	 1
1463569270.835	 18	 0.413055	 0.034973	 -0.890594	 1
1463569270.845	 18	 0.424530	 0.014725	 -0.878967	 1
1463569270.855	 18	 0.347717	 -0.057861	 -0.909210	 1
1463569270.865	 18	 0.398468	 -0.056244	 -0.764603	 1
1463569270.875	 18	 0.435638	 -0.059372	 -0.655869	 1
1463569270.885	 18	 0.398010	 -0.143845	 -0.656769	 1
1463569270.895	 18	 0.361130	 -0.214600	 -0.661667	 1
1463569270.905	 18	 0.345993	 -0.268814	 -0.680634	 1
1463569270.915	 18	 0.391953	 -0.258652	 -0.650391	 1
1463569270.925	 18	 0.400375	 -0.235092	 -0.643219	 1
1463569270.935	 18	 0.327332	 -0.251389	 -0.688934	 1
1463569270.945	 18	 0.300858	 -0.249115	 -0.664947	 1
1463569270.955	 19	 0.274399	 -0.259018	 -0.638626	 1
1463569270.975	 19	 0.215179	 -0.317673	 -0.577683	 1
1463569270.985	 19	 0.165573	 -0.358002	 -0.562393	 1
1463569270.995	 19	 0.111435	 -0.456024	 -0.592865	 1
1463569271.005	 19	 0.163086	 -0.469269	 -0.525696	 1
1463569271.015	 19	 0.092148	 -0.511124	 -0.618927	 1
1463569271.025	 19	 0.176804	 -0.488678	 -0.585022	 1
1463569271.035	 19	 0.182144	 -0.485596	 -0.606232	 1
1463569271.045	 19	 0.123550	 -0.549973	 -0.686768	 1
1463569271.055	 19	 0.125626	 -0.546356	 -0.681854	 1
1463569271.065	 19	 0.101624	 -0.535233	 -0.683975	 1
1463569271.075	 19	 0.069733	 -0.522308	 -0.659592	 1
1463569271.095	 20	 0.021255	 -0.612686	 -0.652924	 1
1463569271.105	 20	 0.053101	 -0.597473	 -0.650726	 1
1463569271.115	 20	 0.067474	 -0.603653	 -0.679169	 1
1463569271.125	 20	 0.082596	 -0.623016	 -0.717850	 1
1463569271.135	 20	 0.107651	 -0.609802	 -0.743149	 1
1463569271.145	 20	 0.115036	 -0.608231	 -0.754059	 1
1463569271.155	 20	 0.099945	 -0.614792	 -0.768814	 1
1463569271.165	 20	 0.089584	 -0.599197	 -0.771698	 1
1463569271.175	 20	 0.076462	 -0.575867	 -0.755173	 1
1463569271.185	 20	 0.073608	 -0.560852	 -0.733566	 1
1463569271.195	 20	 0.015396	 -0.610809	 -0.721176	 1
1463569271.205	 20	 0.009552	 -0.605896	 -0.697067	 1
1463569271.215	 20	 0.014709	 -0.576660	 -0.693497	 1
1463569271.225	 20	 0.012299	 -0.587418	 -0.710556	 1
1463569271.235	 20	 0.019928	 -0.587250	 -0.730804	 1
1463569271.245	 20	 0.037857	 -0.587952	 -0.755646	 1
1463569271.255	 20	 0.047195	 -0.598709	 -0.774567	 1
1463569271.265	 20	 0.055832	 -0.608719	 -0.775772	 1
1463569271.275	 20	 0.049438	 -0.608780	 -0.763458	 1
1463569271.285	 20	 0.041794	 -0.598663	 -0.740006	 1
1463569271.295	 20	 0.031296	 -0.594009	 -0.712479	 1
1463569271.305	 20	 0.034882	 -0.587448	 -0.700912	 1
1463569271.315	 20	 0.009293	 -0.623276	 -0.705475	 1
1463569271.325	 20	 0.010269	 -0.622498	 -0.689880	 1
1463569271.335	 20	 0.019989	 -0.613998	 -0.679688	 1
1463569271.345	 20	 0.016495	 -0.630295	 -0.677109	 1
1463569271.365	 21	 0.028610	 -0.629684	 -0.687836	 1
1463569271.375	 21	 0.032608	 -0.641983	 -0.725708	 1
1463569271.385	 21	 0.019989	 -0.651306	 -0.735062	 1
1463569271.395	 21	 0.044464	 -0.590500	 -0.683151	 1
1463569271.405	 21	 0.035767	 -0.610687	 -0.687256	 1
1463569271.415	 21	 0.030930	 -0.626602	 -0.722305	 1
1463569271.425	 21	 0.045822	 -0.613937	 -0.724228	 1
1463569271.435	 21	 0.049500	 -0.625153	 -0.730835	 1
1463569271.445	 21	 0.059402	 -0.628540	 -0.758636	 1
