% Accelerometer data recorded with 'snsrlog'
% 
% Sampling frequency: 100 Hz
% 
% Label description:
% 	 0: Default Label
% 	 1: still_drop
% 	 2: walk_drop
% 	 3: other
% 	 4: dtw_same
% 	 5: dtw_diff
% 	 6: delete
% 	 7: steal
% 
% Column description:
% 	 1: Seconds.milliseconds since 1970
% 	 2: Number of skipped measurements
% 	 3: Acceleration value in x-direction
% 	 4: Acceleration value in y-direction
% 	 5: Acceleration value in z-direction
% 	 6: Label used for the current sample
% 
% 
1463571460.917	 0	 0.861557	 0.448517	 -0.109390	 2
1463571460.927	 0	 0.854767	 0.467789	 -0.118240	 2
1463571460.937	 0	 0.866592	 0.436020	 -0.177338	 2
1463571460.947	 0	 0.846298	 0.455353	 -0.217133	 2
1463571460.957	 0	 0.851624	 0.498367	 -0.135666	 2
1463571460.967	 0	 0.898590	 0.500595	 -0.146927	 2
1463571460.977	 1	 0.924850	 0.487991	 -0.169800	 2
1463571460.997	 1	 0.978867	 0.637695	 -0.121918	 2
1463571461.007	 1	 0.929245	 0.673843	 -0.063202	 2
1463571461.017	 1	 0.879944	 0.648849	 0.015106	 2
1463571461.027	 1	 0.907455	 0.708633	 0.082916	 2
1463571461.037	 2	 0.910767	 0.742203	 0.111038	 2
1463571461.057	 2	 1.008530	 0.724106	 0.039780	 2
1463571461.067	 2	 1.097183	 0.715958	 -0.005951	 2
1463571461.077	 2	 1.197311	 0.719894	 -0.026886	 2
1463571461.087	 2	 1.296219	 0.738571	 -0.016861	 2
1463571461.097	 2	 1.395706	 0.709686	 -0.000488	 2
1463571461.107	 2	 1.445221	 0.597916	 0.061264	 2
1463571461.117	 2	 1.460144	 0.538101	 0.120911	 2
1463571461.127	 3	 1.467789	 0.588745	 0.120285	 2
1463571461.147	 3	 1.460663	 0.770538	 0.067780	 2
1463571461.157	 3	 1.494522	 0.855576	 0.049530	 2
1463571461.167	 3	 1.559494	 0.855743	 0.061188	 2
1463571461.177	 3	 1.640503	 0.798767	 0.081085	 2
1463571461.187	 3	 1.680649	 0.723907	 0.091339	 2
1463571461.197	 3	 1.719833	 0.595322	 0.111755	 2
1463571461.207	 3	 1.681610	 0.491821	 0.126938	 2
1463571461.217	 3	 1.663376	 0.515823	 0.120422	 2
1463571461.227	 3	 1.610626	 0.552795	 0.118149	 2
1463571461.237	 3	 1.554657	 0.602386	 0.143707	 2
1463571461.247	 3	 1.470535	 0.675934	 0.140045	 2
1463571461.257	 3	 1.375107	 0.756409	 0.150208	 2
1463571461.267	 3	 1.355301	 0.729630	 0.185699	 2
1463571461.277	 3	 1.423996	 0.738785	 0.239563	 2
1463571461.287	 3	 1.565063	 0.561325	 0.319489	 2
1463571461.297	 3	 1.558594	 0.418381	 0.380508	 2
1463571461.307	 3	 1.494308	 0.570618	 0.341843	 2
1463571461.317	 3	 1.451538	 0.746704	 0.355194	 2
1463571461.327	 3	 1.362656	 0.908783	 0.332108	 2
1463571461.337	 4	 1.256210	 0.957291	 0.324097	 2
1463571461.357	 4	 1.129730	 0.911224	 0.243286	 2
1463571461.367	 4	 1.114471	 1.006165	 0.197739	 2
1463571461.377	 4	 1.099869	 1.083176	 0.179810	 2
1463571461.387	 4	 1.125763	 1.133820	 0.250137	 2
1463571461.397	 4	 1.130157	 1.074554	 0.306580	 2
1463571461.407	 4	 1.138763	 1.039734	 0.352753	 2
1463571461.417	 4	 1.103470	 1.075790	 0.338913	 2
1463571461.427	 4	 0.972900	 1.082535	 0.308456	 2
1463571461.437	 4	 0.806137	 1.052170	 0.268326	 2
1463571461.447	 4	 0.665085	 1.011551	 0.222351	 2
1463571461.457	 4	 0.598648	 0.965927	 0.168121	 2
1463571461.467	 4	 0.567841	 0.879013	 0.134598	 2
1463571461.477	 4	 0.535934	 0.763824	 0.135315	 2
1463571461.487	 4	 0.517456	 0.658142	 0.152573	 2
1463571461.497	 4	 0.551773	 0.572784	 0.168427	 2
1463571461.507	 4	 0.580765	 0.482025	 0.136642	 2
1463571461.517	 4	 0.585342	 0.414429	 0.065536	 2
1463571461.527	 4	 0.603226	 0.386230	 -0.007736	 2
1463571461.537	 4	 0.625595	 0.342331	 -0.087494	 2
1463571461.547	 4	 0.642334	 0.230621	 -0.135147	 2
1463571461.557	 4	 0.645935	 0.107529	 -0.167984	 2
1463571461.567	 4	 0.618332	 0.069763	 -0.142456	 2
1463571461.577	 4	 0.466904	 0.107422	 -0.088486	 2
1463571461.587	 4	 0.254501	 0.164719	 0.030975	 2
1463571461.597	 4	 0.051544	 -0.055557	 0.118607	 2
1463571461.607	 4	 -0.122238	 -0.067337	 0.270477	 2
1463571461.617	 4	 -0.209183	 0.035080	 0.428146	 2
1463571461.637	 5	 -0.230667	 0.211868	 0.555069	 2
1463571461.647	 5	 -0.061050	 0.025162	 0.509476	 2
1463571461.657	 5	 0.097931	 -0.196396	 0.460419	 2
1463571461.667	 5	 0.311676	 -0.202942	 0.417816	 2
1463571461.677	 5	 0.489090	 -0.244019	 0.335785	 2
1463571461.687	 5	 0.701691	 -0.152100	 0.288513	 2
1463571461.697	 5	 1.032227	 -0.192230	 0.128723	 2
1463571461.707	 5	 1.376099	 -0.306885	 0.005463	 2
1463571461.717	 5	 1.420853	 0.133820	 -0.121048	 2
1463571461.727	 5	 1.196198	 0.481140	 -0.195511	 2
1463571461.737	 5	 1.001740	 0.575165	 -0.232956	 2
1463571461.747	 5	 0.942734	 0.512329	 -0.182510	 2
1463571461.757	 5	 0.836273	 0.569870	 0.270645	 2
1463571461.767	 5	 0.781662	 0.533875	 0.761444	 2
1463571461.777	 5	 0.932678	 0.414490	 0.579559	 2
1463571461.787	 5	 1.163574	 0.420044	 0.199173	 2
1463571461.797	 6	 1.441284	 0.842438	 0.280746	 2
1463571461.817	 6	 1.467606	 1.188309	 0.758682	 2
1463571461.827	 6	 1.586777	 0.756256	 0.693222	 2
1463571461.837	 6	 1.655426	 0.390854	 -0.539978	 2
1463571461.847	 6	 1.807022	 0.993790	 -0.478073	 2
1463571461.857	 6	 1.793991	 1.195511	 -0.027710	 2
1463571461.867	 6	 1.541824	 1.116074	 0.278091	 2
1463571461.877	 6	 1.416580	 0.591354	 -0.257462	 2
1463571461.887	 7	 1.403503	 0.305328	 -0.536682	 2
1463571461.907	 7	 1.291733	 0.560959	 -0.132111	 2
1463571461.917	 7	 1.186966	 0.534836	 -0.050278	 2
1463571461.927	 7	 1.019775	 0.426392	 -0.002075	 2
1463571461.937	 7	 0.583481	 0.424133	 0.127487	 2
1463571461.947	 7	 1.063004	 0.709869	 0.707779	 2
1463571461.957	 7	 1.124741	 0.393723	 2.037872	 2
1463571461.967	 7	 1.089127	 -0.032883	 1.669250	 2
1463571461.977	 7	 0.824829	 -0.101959	 -0.640976	 2
1463571461.987	 7	 1.017166	 0.154572	 0.407013	 2
1463571461.997	 7	 0.990173	 0.415833	 0.581970	 2
1463571462.007	 7	 0.698959	 0.409515	 0.066360	 2
1463571462.017	 7	 0.476440	 0.369446	 0.160873	 2
1463571462.027	 7	 0.251236	 0.381378	 0.326736	 2
1463571462.037	 7	 0.005234	 0.431152	 0.191315	 2
1463571462.047	 7	 0.152786	 0.434647	 0.032791	 2
1463571462.057	 7	 0.329163	 0.349579	 0.125885	 2
1463571462.067	 7	 0.448074	 0.210098	 0.228851	 2
1463571462.077	 7	 0.471008	 0.108505	 0.239136	 2
1463571462.087	 7	 0.473221	 0.109375	 0.230408	 2
1463571462.097	 8	 0.571609	 0.226349	 0.246185	 2
1463571462.117	 8	 0.637878	 0.287216	 0.183456	 2
1463571462.127	 8	 0.678009	 0.309814	 0.186554	 2
1463571462.137	 8	 0.683777	 0.337677	 0.237106	 2
1463571462.147	 8	 0.630127	 0.297455	 0.339020	 2
1463571462.157	 8	 0.618484	 0.256958	 0.343201	 2
1463571462.167	 8	 0.611740	 0.327454	 0.319626	 2
1463571462.177	 8	 0.456894	 0.359406	 0.258865	 2
1463571462.187	 8	 0.411881	 0.544220	 0.340851	 2
1463571462.197	 8	 0.554337	 0.894928	 0.493179	 2
1463571462.207	 8	 0.695938	 1.027023	 0.388245	 2
1463571462.227	 9	 1.166534	 0.956482	 0.311646	 2
1463571462.237	 10	 1.368317	 0.731659	 0.360199	 2
1463571462.257	 10	 1.569885	 -0.167618	 0.438873	 2
1463571462.267	 10	 1.608353	 -0.261337	 0.640518	 2
1463571462.277	 10	 1.510147	 0.059326	 0.365158	 2
1463571462.287	 10	 1.289124	 0.483490	 0.181808	 2
1463571462.297	 10	 0.961609	 0.746750	 0.257339	 2
1463571462.307	 10	 0.451492	 1.051392	 0.372849	 2
1463571462.317	 10	 0.088898	 1.430267	 0.405365	 2
1463571462.327	 10	 0.217819	 1.607712	 0.277359	 2
1463571462.337	 10	 0.326416	 1.730377	 0.085190	 2
1463571462.347	 10	 0.451386	 1.849106	 0.271042	 2
1463571462.357	 10	 0.584671	 1.932068	 0.571320	 2
1463571462.367	 10	 0.603012	 1.749451	 0.773529	 2
1463571462.377	 10	 0.554184	 1.588272	 0.651947	 2
1463571462.387	 10	 0.445908	 1.459366	 0.407303	 2
1463571462.397	 10	 0.301926	 1.375458	 0.312103	 2
1463571462.407	 10	 0.242386	 1.349380	 0.318405	 2
1463571462.417	 10	 0.241531	 1.329864	 0.348175	 2
1463571462.427	 10	 0.210724	 1.349762	 0.358948	 2
1463571462.437	 10	 -0.149796	 0.855804	 0.192551	 2
1463571462.447	 10	 -0.208130	 0.776825	 0.081787	 2
1463571462.457	 10	 -0.227646	 0.742752	 0.049469	 2
1463571462.467	 10	 -0.219330	 0.602066	 0.105942	 2
1463571462.477	 10	 -0.182632	 0.608643	 0.160461	 2
1463571462.487	 10	 -0.105240	 0.628738	 0.168228	 2
1463571462.497	 10	 0.010544	 0.588516	 0.181061	 2
1463571462.507	 10	 0.119888	 0.502686	 0.221680	 2
1463571462.517	 10	 0.196884	 0.462524	 0.239655	 2
1463571462.527	 10	 0.331421	 0.421432	 0.318466	 2
1463571462.537	 10	 0.313721	 0.479675	 0.147125	 2
1463571462.547	 10	 0.274460	 0.565872	 0.067825	 2
1463571462.557	 10	 0.240143	 0.624756	 0.094910	 2
1463571462.567	 10	 0.272903	 0.575180	 0.037033	 2
1463571462.577	 10	 0.316147	 0.572495	 0.133926	 2
1463571462.587	 10	 0.377029	 0.557510	 0.207535	 2
1463571462.597	 10	 0.418076	 0.529144	 0.386398	 2
1463571462.607	 10	 0.429245	 0.437439	 0.547089	 2
1463571462.617	 10	 0.489304	 0.401077	 0.785492	 2
1463571462.627	 10	 0.577835	 0.371704	 1.095154	 2
1463571462.637	 10	 0.743546	 0.384506	 1.414810	 2
1463571462.647	 10	 0.980133	 0.376343	 1.631058	 2
1463571462.657	 10	 1.117889	 0.470612	 1.375565	 2
1463571462.667	 10	 1.122192	 0.600632	 0.986237	 2
1463571462.677	 10	 1.142242	 0.885422	 0.833847	 2
1463571462.687	 10	 1.102951	 0.983871	 0.772018	 2
1463571462.697	 10	 1.097610	 0.907196	 1.035461	 2
1463571462.707	 10	 0.992111	 0.656448	 1.642853	 2
1463571462.717	 10	 0.786392	 0.779312	 1.108749	 2
1463571462.727	 10	 0.460342	 1.080063	 0.087524	 2
1463571462.737	 10	 0.153748	 1.348572	 -0.804108	 2
1463571462.747	 10	 0.164291	 1.540619	 -0.983215	 2
1463571462.757	 10	 0.529312	 1.992645	 0.051956	 2
1463571462.767	 10	 0.304413	 1.510391	 -0.936935	 2
1463571462.777	 10	 0.073944	 1.915695	 -0.719452	 2
1463571462.787	 10	 -0.236267	 1.962051	 0.318466	 2
1463571462.797	 10	 -0.155975	 1.636963	 -0.089478	 2
1463571462.807	 10	 0.147537	 1.741333	 -0.441330	 2
1463571462.817	 10	 0.086044	 1.608368	 -0.318970	 2
1463571462.827	 10	 0.206024	 1.588425	 -0.538269	 2
1463571462.837	 10	 0.241013	 1.514618	 -0.492203	 2
1463571462.847	 10	 0.166611	 1.485733	 -0.402405	 2
1463571462.857	 10	 0.173126	 1.451889	 -0.364075	 2
1463571462.867	 10	 0.231934	 1.368744	 -0.322556	 2
1463571462.877	 10	 0.310410	 1.397156	 -0.283051	 2
1463571462.887	 10	 0.345520	 1.436798	 -0.224106	 2
1463571462.897	 10	 0.398926	 1.600937	 -0.166748	 2
1463571462.907	 10	 0.305923	 1.455353	 -0.119141	 2
1463571462.917	 10	 0.226624	 1.229553	 -0.102005	 2
1463571462.927	 10	 0.252579	 1.036789	 -0.024246	 2
1463571462.937	 10	 0.378189	 0.938385	 0.119492	 2
1463571462.947	 10	 0.521484	 0.847870	 0.222183	 2
1463571462.957	 10	 0.624207	 0.834824	 0.273880	 2
1463571462.967	 10	 0.645660	 0.834168	 0.253815	 2
1463571462.977	 10	 0.580627	 0.833023	 0.181427	 2
1463571462.987	 10	 0.529480	 0.909363	 0.118500	 2
1463571462.997	 10	 0.436829	 0.792236	 0.138641	 2
1463571463.007	 10	 0.380798	 0.719681	 0.198608	 2
1463571463.017	 10	 0.350204	 0.689056	 0.225433	 2
1463571463.027	 10	 0.294800	 0.677933	 0.229523	 2
1463571463.037	 10	 0.242126	 0.647095	 0.215668	 2
1463571463.047	 10	 0.203705	 0.618652	 0.160553	 2
1463571463.057	 10	 0.198349	 0.614990	 0.061783	 2
1463571463.067	 10	 0.215454	 0.602264	 -0.038071	 2
1463571463.077	 10	 0.233307	 0.625595	 -0.136703	 2
1463571463.087	 10	 0.235657	 0.694824	 -0.192810	 2
1463571463.097	 10	 0.248581	 0.728989	 -0.131714	 2
1463571463.107	 10	 0.310257	 0.760193	 -0.040802	 2
1463571463.117	 10	 0.372345	 0.812637	 0.104996	 2
1463571463.127	 10	 0.411713	 0.858826	 0.251907	 2
1463571463.137	 10	 0.470825	 0.888443	 0.378616	 2
1463571463.147	 10	 0.565201	 0.975464	 0.454681	 2
1463571463.157	 10	 0.658951	 1.080994	 0.463562	 2
1463571463.167	 10	 0.722656	 1.160873	 0.451477	 2
1463571463.177	 10	 0.772614	 1.201752	 0.444855	 2
1463571463.187	 10	 0.805420	 1.213547	 0.418488	 2
1463571463.197	 10	 0.844284	 1.219208	 0.397415	 2
1463571463.207	 10	 0.911713	 1.285294	 0.355240	 2
1463571463.217	 10	 0.945038	 1.305771	 0.282593	 2
1463571463.227	 10	 1.031815	 1.369293	 0.266876	 2
1463571463.237	 10	 1.058762	 1.407074	 0.260071	 2
1463571463.247	 10	 0.988510	 1.392593	 0.287750	 2
1463571463.257	 10	 0.890335	 1.296783	 0.420502	 2
1463571463.267	 10	 0.763260	 1.252930	 0.529510	 2
1463571463.277	 10	 0.633194	 1.319443	 0.436371	 2
1463571463.287	 10	 0.601105	 1.425522	 0.156723	 2
1463571463.297	 10	 0.634125	 1.490692	 -0.142502	 2
1463571463.307	 10	 0.681717	 1.494446	 -0.320160	 2
1463571463.317	 10	 0.699188	 1.513702	 -0.355270	 2
1463571463.327	 10	 0.662613	 1.572021	 -0.349197	 2
1463571463.337	 10	 0.557571	 1.608932	 -0.356598	 2
1463571463.347	 10	 0.403610	 1.637222	 -0.295456	 2
1463571463.357	 10	 0.280640	 1.569672	 -0.238434	 2
1463571463.367	 10	 0.251312	 1.506699	 -0.200760	 2
1463571463.377	 10	 0.178528	 1.415878	 -0.131088	 2
1463571463.387	 10	 0.061417	 1.374893	 -0.077850	 2
1463571463.397	 10	 0.036072	 1.409592	 -0.028549	 2
1463571463.407	 10	 0.078552	 1.252701	 0.063889	 2
1463571463.417	 10	 0.088196	 1.102402	 0.117783	 2
1463571463.427	 10	 0.062912	 0.963669	 0.151886	 2
1463571463.437	 10	 0.013687	 0.905960	 0.155060	 2
1463571463.447	 10	 0.016693	 0.837296	 0.065552	 2
1463571463.457	 10	 0.054794	 0.747986	 -0.017944	 2
1463571463.467	 10	 0.062576	 0.630280	 -0.048309	 2
1463571463.477	 10	 0.078461	 0.536423	 -0.093735	 2
1463571463.487	 10	 0.078445	 0.435715	 -0.178452	 2
1463571463.497	 10	 0.073196	 0.358093	 -0.216858	 2
1463571463.507	 10	 0.060440	 0.304886	 -0.215942	 2
1463571463.517	 10	 0.008224	 0.308334	 -0.209366	 2
1463571463.527	 10	 -0.075272	 0.349243	 -0.159302	 2
1463571463.537	 10	 -0.158661	 0.374969	 -0.112701	 2
1463571463.547	 10	 -0.203934	 0.394180	 -0.092941	 2
1463571463.557	 10	 -0.182755	 0.431946	 -0.067947	 2
1463571463.567	 10	 -0.169678	 0.475525	 -0.035202	 2
1463571463.577	 10	 -0.194000	 0.466019	 -0.025009	 2
1463571463.587	 10	 -0.105606	 0.570404	 0.182556	 2
1463571463.597	 10	 -0.030029	 0.589218	 0.292694	 2
1463571463.607	 10	 0.092651	 0.698807	 0.624145	 2
1463571463.617	 10	 0.278030	 0.843384	 1.318024	 2
1463571463.627	 10	 0.684021	 0.921860	 2.100052	 2
1463571463.637	 10	 1.219971	 0.920410	 3.055176	 2
1463571463.647	 10	 1.674835	 1.109818	 1.925629	 2
1463571463.657	 10	 1.585526	 1.103348	 0.597198	 2
1463571463.667	 10	 1.449905	 0.978836	 0.312042	 2
1463571463.677	 10	 1.367798	 0.943314	 0.148041	 2
1463571463.687	 10	 1.205734	 0.942551	 0.140732	 2
1463571463.697	 10	 0.969711	 1.034973	 0.476669	 2
1463571463.707	 10	 0.781357	 1.109573	 0.790268	 2
1463571463.717	 10	 0.658813	 1.203384	 0.661499	 2
1463571463.727	 10	 0.536743	 1.291290	 0.485916	 2
1463571463.737	 10	 0.441925	 1.224670	 0.213287	 2
1463571463.747	 10	 0.360153	 1.240555	 -0.433319	 2
1463571463.757	 10	 0.157227	 1.261169	 -0.749237	 2
1463571463.767	 10	 0.149216	 1.361115	 -0.442535	 2
1463571463.777	 10	 -0.079620	 1.318192	 0.543961	 2
1463571463.787	 10	 -0.463974	 0.878357	 1.319870	 2
1463571463.797	 10	 -0.359009	 0.824463	 0.750168	 2
1463571463.807	 10	 -0.042572	 0.995834	 -0.424316	 2
1463571463.817	 10	 0.085022	 1.194656	 -0.951508	 2
1463571463.827	 10	 0.098068	 1.372131	 -0.910614	 2
1463571463.837	 10	 -0.047195	 1.253601	 -0.711899	 2
1463571463.847	 10	 -0.023636	 1.262497	 -0.495956	 2
1463571463.857	 10	 0.100311	 1.274963	 -0.368469	 2
1463571463.867	 10	 0.100830	 1.274796	 -0.188614	 2
1463571463.877	 10	 0.170074	 1.285721	 0.028275	 2
1463571463.887	 10	 0.282150	 1.227158	 0.153290	 2
1463571463.897	 10	 0.386902	 1.164307	 0.223587	 2
1463571463.907	 10	 0.454239	 1.131439	 0.257767	 2
1463571463.917	 10	 0.471832	 1.078659	 0.241562	 2
1463571463.927	 10	 0.458115	 1.012009	 0.211945	 2
1463571463.937	 10	 0.400223	 0.989273	 0.203979	 2
1463571463.947	 10	 0.345428	 0.952744	 0.172287	 2
1463571463.957	 10	 0.369156	 0.847137	 0.109940	 2
1463571463.967	 10	 0.427322	 0.859329	 0.124344	 2
1463571463.977	 10	 0.446579	 0.793900	 0.066483	 2
1463571463.987	 10	 0.447281	 0.726227	 0.033005	 2
1463571463.997	 10	 0.438416	 0.717545	 0.047760	 2
1463571464.007	 10	 0.407349	 0.704392	 0.032684	 2
1463571464.017	 10	 0.368286	 0.674499	 0.010910	 2
1463571464.027	 10	 0.327408	 0.670425	 0.009903	 2
1463571464.037	 10	 0.280121	 0.684540	 0.002579	 2
1463571464.047	 10	 0.234253	 0.696533	 -0.021683	 2
1463571464.057	 10	 0.241745	 0.788895	 -0.004303	 2
1463571464.067	 10	 0.218765	 0.784622	 -0.008636	 2
1463571464.077	 10	 0.209747	 0.768295	 0.052338	 2
1463571464.087	 10	 0.225815	 0.752884	 0.131531	 2
1463571464.097	 10	 0.245483	 0.739059	 0.222916	 2
1463571464.107	 10	 0.267242	 0.717316	 0.254501	 2
1463571464.117	 10	 0.313736	 0.797394	 0.243835	 2
1463571464.127	 10	 0.375046	 0.870316	 0.139252	 2
1463571464.137	 10	 0.458450	 0.963547	 0.026123	 2
1463571464.147	 10	 0.572754	 1.036438	 -0.108215	 2
1463571464.157	 10	 0.663406	 1.030472	 -0.177124	 2
1463571464.167	 10	 0.754990	 1.198807	 -0.096344	 2
1463571464.177	 10	 0.849319	 1.238785	 -0.084671	 2
1463571464.187	 10	 0.928787	 1.192276	 -0.000626	 2
1463571464.197	 10	 0.965424	 1.145355	 0.177597	 2
1463571464.207	 10	 0.929901	 1.122543	 0.363617	 2
1463571464.217	 10	 0.863220	 1.104675	 0.518753	 2
1463571464.227	 10	 0.805847	 1.141678	 0.594467	 2
1463571464.237	 10	 0.759506	 1.249680	 0.573898	 2
1463571464.247	 10	 0.784882	 1.281418	 0.639832	 2
1463571464.257	 10	 0.633316	 1.376007	 0.478638	 2
1463571464.267	 10	 0.416229	 1.540115	 0.140747	 2
1463571464.277	 10	 0.324768	 1.521698	 -0.027145	 2
1463571464.287	 10	 0.417206	 1.282791	 0.405289	 2
1463571464.297	 10	 0.366455	 1.309265	 0.316437	 2
1463571464.307	 10	 0.167358	 1.256363	 0.033157	 2
1463571464.317	 10	 0.240570	 1.297928	 -0.179779	 2
1463571464.327	 10	 0.301468	 1.372955	 -0.295975	 2
1463571464.337	 10	 0.305801	 1.456833	 -0.261734	 2
1463571464.347	 10	 0.323364	 1.443665	 -0.168686	 2
1463571464.357	 10	 0.307434	 1.428482	 -0.285614	 2
1463571464.367	 10	 0.260941	 1.408035	 0.025940	 2
1463571464.377	 10	 0.230392	 1.479950	 0.087601	 2
1463571464.387	 10	 0.161057	 1.545029	 0.035797	 2
1463571464.397	 10	 0.130096	 1.515640	 -0.154037	 2
1463571464.407	 10	 0.130096	 1.515640	 -0.154037	 2
1463571464.417	 10	 0.105408	 1.414505	 -0.092499	 2
1463571464.427	 10	 0.108139	 1.294037	 -0.185226	 2
1463571464.437	 10	 0.150620	 1.169464	 -0.136169	 2
1463571464.447	 10	 0.199097	 1.085281	 -0.112732	 2
1463571464.457	 10	 0.213989	 0.921890	 -0.067734	 2
1463571464.467	 10	 0.191391	 0.784088	 -0.013443	 2
1463571464.477	 10	 0.158615	 0.715317	 0.032410	 2
1463571464.487	 10	 0.106781	 0.659927	 0.049606	 2
1463571464.497	 10	 0.060730	 0.629791	 0.037231	 2
1463571464.507	 10	 0.020523	 0.581345	 0.072144	 2
1463571464.517	 10	 0.010071	 0.530884	 0.097122	 2
1463571464.537	 11	 -0.006241	 0.535553	 0.101120	 2
1463571464.547	 11	 -0.034607	 0.505630	 0.115250	 2
1463571464.557	 11	 -0.030777	 0.481827	 0.072891	 2
1463571464.567	 11	 -0.048035	 0.464661	 0.034363	 2
1463571464.577	 11	 -0.052368	 0.444229	 0.006378	 2
1463571464.597	 12	 -0.033585	 0.458420	 -0.080551	 2
1463571464.607	 12	 -0.000961	 0.503662	 -0.047516	 2
1463571464.617	 12	 0.003021	 0.491302	 0.000488	 2
1463571464.627	 12	 0.007751	 0.499939	 0.136658	 2
1463571464.637	 12	 0.042267	 0.579315	 0.453629	 2
1463571464.647	 12	 0.154236	 0.714035	 0.891418	 2
1463571464.657	 12	 0.443619	 0.777893	 1.536575	 2
1463571464.667	 12	 1.052765	 0.737167	 2.642654	 2
1463571464.677	 12	 1.602600	 1.025421	 1.572525	 2
1463571464.687	 12	 1.776749	 1.130493	 0.626114	 2
1463571464.697	 12	 1.669876	 1.112305	 0.279785	 2
1463571464.707	 12	 1.432495	 0.977631	 0.109802	 2
1463571464.717	 12	 1.129364	 0.944504	 0.169388	 2
1463571464.727	 12	 0.912018	 1.114563	 0.494263	 2
1463571464.737	 12	 0.565369	 1.307007	 0.582947	 2
1463571464.747	 12	 0.388275	 1.303757	 0.435257	 2
1463571464.757	 12	 0.389587	 1.266632	 0.092789	 2
1463571464.767	 12	 0.434357	 1.284988	 -0.056213	 2
1463571464.777	 12	 0.345490	 1.394791	 0.008698	 2
1463571464.787	 12	 0.054962	 1.320190	 0.340286	 2
1463571464.797	 12	 -0.197372	 1.103027	 0.806290	 2
1463571464.807	 12	 -0.129181	 0.867447	 0.106476	 2
1463571464.817	 12	 0.255554	 0.898270	 -0.650482	 2
1463571464.827	 12	 0.339218	 1.057495	 -0.919678	 2
1463571464.837	 12	 0.236160	 1.220596	 -0.875351	 2
1463571464.847	 12	 0.142075	 1.294785	 -0.709122	 2
1463571464.857	 12	 0.043137	 1.246277	 -0.455444	 2
1463571464.867	 12	 0.001389	 1.223679	 -0.128540	 2
1463571464.877	 12	 0.023773	 1.197189	 0.165497	 2
1463571464.887	 12	 0.108902	 1.152222	 0.337204	 2
1463571464.897	 12	 0.182480	 1.113525	 0.390793	 2
1463571464.907	 12	 0.248856	 1.116119	 0.319962	 2
1463571464.917	 12	 0.316574	 1.089157	 0.176453	 2
1463571464.927	 12	 0.379013	 1.053894	 0.043289	 2
1463571464.937	 12	 0.410141	 0.975372	 -0.028412	 2
1463571464.947	 12	 0.448669	 0.898117	 -0.043396	 2
1463571464.957	 12	 0.462402	 0.823593	 -0.014099	 2
1463571464.967	 12	 0.457916	 0.770325	 0.024658	 2
1463571464.977	 12	 0.446320	 0.722382	 0.098877	 2
1463571464.987	 12	 0.418564	 0.676575	 0.205902	 2
1463571464.997	 12	 0.405350	 0.679504	 0.239624	 2
1463571465.007	 12	 0.421295	 0.675964	 0.183258	 2
1463571465.017	 12	 0.437576	 0.679123	 0.085083	 2
1463571465.027	 12	 0.441742	 0.692795	 0.008926	 2
1463571465.037	 12	 0.438690	 0.716522	 -0.055878	 2
1463571465.047	 12	 0.426712	 0.773651	 -0.060333	 2
1463571465.057	 12	 0.373566	 0.835648	 -0.020615	 2
1463571465.067	 12	 0.311142	 0.720535	 0.049927	 2
1463571465.077	 12	 0.307098	 0.938553	 0.166733	 2
1463571465.087	 12	 0.291824	 0.916153	 0.154053	 2
1463571465.097	 12	 0.282608	 0.879150	 0.217255	 2
1463571465.107	 12	 0.358170	 0.983337	 0.263336	 2
1463571465.117	 12	 0.452271	 0.992874	 0.285294	 2
1463571465.127	 12	 0.556580	 0.919022	 0.258423	 2
1463571465.137	 12	 0.688324	 0.910751	 0.130325	 2
1463571465.147	 12	 0.799973	 0.953049	 -0.027542	 2
1463571465.157	 12	 0.911179	 0.975998	 -0.107697	 2
1463571465.167	 12	 1.020065	 1.006592	 -0.133911	 2
1463571465.177	 12	 1.062576	 1.050797	 -0.126862	 2
1463571465.187	 12	 1.119782	 1.080765	 -0.090103	 2
1463571465.197	 12	 1.150406	 1.052261	 -0.014725	 2
1463571465.207	 12	 1.138382	 1.028015	 0.118698	 2
1463571465.217	 12	 1.051636	 1.051132	 0.332809	 2
1463571465.227	 12	 0.985016	 1.101013	 0.453293	 2
1463571465.237	 12	 0.976471	 1.275696	 0.270706	 2
1463571465.247	 12	 0.941650	 1.417114	 0.088867	 2
1463571465.257	 12	 0.954742	 1.471146	 0.036728	 2
1463571465.267	 12	 0.919754	 1.464935	 0.051971	 2
1463571465.277	 12	 0.866104	 1.328140	 0.209579	 2
1463571465.287	 12	 0.876129	 1.257690	 0.184433	 2
1463571465.297	 12	 0.864883	 1.247940	 0.074768	 2
1463571465.307	 12	 0.862610	 1.254059	 -0.017853	 2
1463571465.317	 12	 0.846848	 1.281021	 -0.102524	 2
1463571465.327	 12	 0.844376	 1.275040	 -0.267029	 2
1463571465.337	 12	 0.843460	 1.291534	 -0.460663	 2
1463571465.347	 12	 0.798386	 1.313171	 -0.469315	 2
1463571465.357	 12	 0.695313	 1.264908	 -0.413208	 2
1463571465.367	 12	 0.545135	 1.016129	 -0.408951	 2
1463571465.377	 12	 0.592392	 1.275558	 -0.256424	 2
1463571465.387	 12	 0.505569	 1.413727	 -0.213089	 2
1463571465.397	 12	 0.450806	 1.303650	 -0.209045	 2
1463571465.407	 12	 0.391083	 1.350174	 -0.183395	 2
1463571465.417	 12	 0.308075	 1.868530	 -0.246262	 2
1463571465.427	 12	 -0.042801	 1.468597	 -0.566498	 2
1463571465.437	 12	 0.037399	 1.088043	 -0.524719	 2
1463571465.447	 12	 0.064209	 1.066605	 -0.506241	 2
1463571465.457	 12	 0.085312	 0.824509	 -0.364288	 2
1463571465.467	 12	 0.108261	 0.804916	 -0.315262	 2
1463571465.477	 12	 0.086212	 0.798630	 -0.372421	 2
1463571465.487	 12	 0.146530	 0.613174	 -0.247498	 2
1463571465.497	 12	 0.191528	 0.603088	 -0.190033	 2
1463571465.507	 12	 0.171204	 0.601761	 -0.210205	 2
1463571465.517	 12	 0.188736	 0.488266	 -0.152054	 2
1463571465.527	 12	 0.232193	 0.473557	 -0.111084	 2
1463571465.537	 12	 0.309814	 0.325272	 -0.083252	 2
1463571465.547	 12	 0.463043	 0.201721	 -0.072250	 2
1463571465.557	 12	 0.580124	 0.095276	 -0.059967	 2
1463571465.567	 12	 0.620010	 0.033005	 -0.068588	 2
1463571465.577	 12	 0.613144	 -0.011932	 -0.039856	 2
1463571465.587	 12	 0.658371	 -0.014999	 0.000198	 2
1463571465.597	 12	 0.714096	 -0.066589	 0.012650	 2
1463571465.607	 12	 0.793625	 -0.139450	 0.019440	 2
1463571465.617	 12	 0.907486	 -0.162476	 0.010010	 2
1463571465.627	 12	 1.005920	 -0.156876	 -0.039764	 2
1463571465.637	 12	 1.005920	 -0.156876	 -0.039764	 2
1463571465.647	 12	 1.099426	 -0.171509	 -0.187958	 2
1463571465.657	 12	 1.088028	 -0.134567	 -0.245743	 2
1463571465.667	 12	 1.082825	 -0.082413	 -0.332565	 2
1463571465.677	 12	 1.061722	 -0.055496	 -0.440308	 2
1463571465.687	 12	 1.116196	 -0.022339	 -0.512146	 2
1463571465.697	 12	 1.168259	 -0.081604	 -0.609100	 2
1463571465.707	 12	 1.227966	 -0.170151	 -0.685226	 2
1463571465.717	 12	 1.287231	 -0.213318	 -0.774826	 2
1463571465.727	 12	 1.338943	 -0.234131	 -0.852341	 2
1463571465.737	 12	 1.376129	 -0.225510	 -0.907288	 2
1463571465.747	 12	 1.396667	 -0.174210	 -0.958389	 2
1463571465.757	 13	 1.449417	 -0.083984	 -1.034317	 2
1463571465.777	 13	 1.485443	 0.207916	 -1.388001	 2
1463571465.787	 13	 1.331299	 0.367233	 -1.423660	 2
1463571465.797	 13	 1.259399	 0.387680	 -1.409836	 2
1463571465.807	 13	 1.237335	 0.255005	 -1.441193	 2
1463571465.817	 13	 1.175293	 0.175140	 -1.432892	 2
1463571465.827	 13	 1.098206	 0.110840	 -1.407532	 2
1463571465.837	 13	 1.030640	 0.147873	 -1.371185	 2
1463571465.847	 13	 0.963470	 0.287476	 -1.338013	 2
1463571465.857	 13	 0.901489	 0.463364	 -1.334351	 2
1463571465.867	 14	 0.830978	 0.571579	 -1.354446	 2
1463571465.887	 14	 0.727097	 0.471878	 -1.297760	 2
1463571465.897	 14	 0.735352	 0.395966	 -1.264145	 2
1463571465.907	 14	 0.752914	 0.318863	 -1.223343	 2
1463571465.917	 14	 0.768448	 0.271942	 -1.168549	 2
1463571465.927	 14	 0.765778	 0.206451	 -1.143448	 2
1463571465.937	 14	 0.776138	 0.182404	 -1.178848	 2
1463571465.947	 14	 0.794785	 0.231262	 -1.232224	 2
1463571465.957	 14	 0.792099	 0.292603	 -1.291367	 2
1463571465.967	 14	 0.779480	 0.348068	 -1.302322	 2
1463571465.977	 14	 0.746613	 0.388367	 -1.248154	 2
1463571465.987	 14	 0.731262	 0.311646	 -1.102325	 2
1463571465.997	 14	 0.691833	 0.380966	 -1.090622	 2
1463571466.007	 14	 0.660492	 0.422577	 -1.021240	 2
1463571466.017	 14	 0.690933	 0.312347	 -0.860794	 2
1463571466.027	 14	 0.654236	 0.226593	 -0.790237	 2
1463571466.037	 14	 0.636856	 0.210815	 -0.663834	 2
1463571466.047	 14	 0.613174	 0.168198	 -0.600693	 2
1463571466.057	 14	 0.557495	 0.157471	 -0.536865	 2
1463571466.067	 14	 0.519028	 0.171616	 -0.476059	 2
1463571466.077	 14	 0.489502	 0.167419	 -0.443558	 2
1463571466.087	 14	 0.473190	 0.151627	 -0.404953	 2
1463571466.097	 14	 0.499496	 0.119904	 -0.360764	 2
1463571466.107	 14	 0.425522	 0.092072	 -0.364090	 2
1463571466.117	 14	 0.360519	 0.053360	 -0.356430	 2
1463571466.127	 14	 0.335022	 0.001862	 -0.347778	 2
1463571466.137	 14	 0.345459	 -0.017563	 -0.352860	 2
1463571466.147	 14	 0.333344	 -0.012039	 -0.379028	 2
1463571466.157	 14	 0.351471	 -0.027115	 -0.423599	 2
1463571466.167	 14	 0.366638	 -0.063370	 -0.463226	 2
1463571466.177	 14	 0.371048	 -0.092987	 -0.486282	 2
1463571466.187	 14	 0.363846	 -0.124893	 -0.501770	 2
1463571466.197	 14	 0.361069	 -0.145630	 -0.512283	 2
1463571466.207	 14	 0.349167	 -0.165756	 -0.526688	 2
1463571466.217	 14	 0.333923	 -0.181290	 -0.540283	 2
1463571466.227	 14	 0.283768	 -0.204498	 -0.538681	 2
1463571466.237	 14	 0.252670	 -0.240601	 -0.528687	 2
1463571466.247	 14	 0.234589	 -0.293900	 -0.519226	 2
1463571466.257	 15	 0.222961	 -0.342331	 -0.526505	 2
1463571466.277	 15	 0.233856	 -0.507767	 -0.587784	 2
1463571466.287	 15	 0.246628	 -0.562805	 -0.624374	 2
1463571466.297	 15	 0.278412	 -0.583557	 -0.638794	 2
1463571466.307	 15	 0.296646	 -0.615829	 -0.639008	 2
1463571466.317	 15	 0.291855	 -0.648575	 -0.659378	 2
1463571466.327	 15	 0.287598	 -0.672333	 -0.702774	 2
1463571466.337	 15	 0.298080	 -0.642105	 -0.760086	 2
1463571466.347	 15	 0.303528	 -0.605240	 -0.838562	 2
1463571466.357	 15	 0.299652	 -0.582993	 -0.902405	 2
1463571466.367	 15	 0.320206	 -0.574097	 -0.949753	 2
1463571466.377	 15	 0.366272	 -0.575699	 -0.963226	 2
1463571466.387	 15	 0.409149	 -0.577866	 -0.948532	 2
1463571466.397	 15	 0.445862	 -0.575867	 -0.912842	 2
1463571466.407	 15	 0.471374	 -0.591232	 -0.863876	 2
1463571466.417	 16	 0.460052	 -0.643295	 -0.825943	 2
1463571466.437	 16	 0.384216	 -0.702011	 -0.766769	 2
1463571466.447	 16	 0.329590	 -0.721436	 -0.736237	 2
1463571466.457	 16	 0.270264	 -0.732788	 -0.702301	 2
1463571466.467	 16	 0.233673	 -0.733871	 -0.656464	 2
1463571466.477	 16	 0.169907	 -0.741577	 -0.621033	 2
1463571466.487	 16	 0.126221	 -0.731110	 -0.581787	 2
1463571466.497	 16	 0.113510	 -0.697800	 -0.532532	 2
1463571466.507	 16	 0.114746	 -0.661453	 -0.495422	 2
1463571466.517	 16	 0.106476	 -0.640488	 -0.479050	 2
1463571466.527	 16	 0.082092	 -0.601288	 -0.484909	 2
1463571466.537	 16	 0.062912	 -0.544876	 -0.514542	 2
1463571466.547	 16	 0.044373	 -0.485046	 -0.555695	 2
1463571466.557	 16	 0.034103	 -0.439255	 -0.590057	 2
1463571466.567	 16	 0.041870	 -0.415161	 -0.602371	 2
1463571466.577	 16	 0.026230	 -0.433960	 -0.601257	 2
1463571466.587	 16	 0.024231	 -0.464752	 -0.583893	 2
1463571466.597	 16	 0.048325	 -0.503464	 -0.560165	 2
1463571466.607	 16	 0.034088	 -0.542435	 -0.539856	 2
1463571466.617	 16	 0.015869	 -0.558029	 -0.495468	 2
1463571466.627	 16	 0.009171	 -0.585449	 -0.440613	 2
1463571466.637	 17	 0.007568	 -0.591415	 -0.454361	 2
1463571466.657	 17	 0.006683	 -0.618225	 -0.519516	 2
