% Accelerometer data recorded with 'snsrlog'
% 
% Sampling frequency: 100 Hz
% 
% Label description:
% 	 0: Default Label
% 	 1: still_drop
% 	 2: walk_drop
% 	 3: other
% 	 4: dtw_same
% 	 5: dtw_diff
% 	 6: delete
% 	 7: steal
% 
% Column description:
% 	 1: Seconds.milliseconds since 1970
% 	 2: Number of skipped measurements
% 	 3: Acceleration value in x-direction
% 	 4: Acceleration value in y-direction
% 	 5: Acceleration value in z-direction
% 	 6: Label used for the current sample
% 
% 
1463569560.843	 0	 0.237610	 -0.216843	 -0.625366	 1
1463569560.853	 0	 0.221954	 -0.222076	 -0.636230	 1
1463569560.863	 0	 0.212112	 -0.250519	 -0.638626	 1
1463569560.873	 0	 0.214706	 -0.303268	 -0.650787	 1
1463569560.883	 0	 0.233719	 -0.358353	 -0.636841	 1
1463569560.893	 0	 0.262192	 -0.389313	 -0.590714	 1
1463569560.903	 0	 0.318237	 -0.353455	 -0.528366	 1
1463569560.913	 0	 0.342346	 -0.255707	 -0.518311	 1
1463569560.923	 0	 0.309097	 -0.224182	 -0.519089	 1
1463569560.933	 0	 0.322403	 -0.171097	 -0.513870	 1
1463569560.943	 0	 0.404236	 -0.079575	 -0.475845	 1
1463569560.953	 0	 0.500961	 0.004776	 -0.445801	 1
1463569560.963	 0	 0.575562	 0.107605	 -0.403900	 1
1463569560.973	 0	 0.604462	 0.246994	 -0.333298	 1
1463569560.983	 0	 0.544647	 0.311249	 -0.261398	 1
1463569560.993	 0	 0.576950	 0.285721	 -0.228668	 1
1463569561.003	 0	 0.720505	 0.260269	 -0.295074	 1
1463569561.013	 0	 0.801208	 0.283615	 -0.376205	 1
1463569561.023	 1	 0.862213	 0.388351	 -0.413178	 1
1463569561.043	 1	 0.920593	 0.563400	 -0.445831	 1
1463569561.053	 2	 0.910660	 0.550980	 -0.423965	 1
1463569561.073	 2	 0.980789	 0.594391	 -0.287979	 1
1463569561.083	 2	 1.063232	 0.720596	 -0.085159	 1
1463569561.093	 3	 1.053146	 0.615265	 -0.233154	 1
1463569561.113	 3	 1.151566	 0.663406	 -0.294266	 1
1463569561.123	 3	 1.268814	 0.845718	 -0.384155	 1
1463569561.133	 3	 1.410477	 0.898117	 -0.479568	 1
1463569561.143	 3	 1.514252	 0.936172	 -0.534546	 1
1463569561.153	 4	 1.568222	 0.899719	 -0.567184	 1
1463569561.173	 4	 1.687378	 0.625732	 -0.441086	 1
1463569561.183	 4	 1.723557	 0.532135	 -0.385849	 1
1463569561.193	 4	 1.756378	 0.539993	 -0.362991	 1
1463569561.203	 4	 1.785385	 0.559097	 -0.354660	 1
1463569561.213	 4	 1.839035	 0.563004	 -0.317825	 1
1463569561.223	 4	 1.840378	 0.545807	 -0.238647	 1
1463569561.233	 4	 1.814102	 0.519547	 -0.160721	 1
1463569561.243	 4	 1.798019	 0.521164	 -0.091141	 1
1463569561.253	 4	 1.775391	 0.483810	 -0.042130	 1
1463569561.263	 4	 1.761383	 0.404175	 -0.019791	 1
1463569561.273	 4	 1.749619	 0.365341	 0.036682	 1
1463569561.283	 4	 1.691833	 0.283234	 0.112396	 1
1463569561.293	 4	 1.623657	 0.249313	 0.176468	 1
1463569561.303	 4	 1.546082	 0.253693	 0.219208	 1
1463569561.313	 4	 1.469604	 0.272263	 0.241974	 1
1463569561.323	 4	 1.387436	 0.279404	 0.241684	 1
1463569561.333	 4	 1.309799	 0.331482	 0.245316	 1
1463569561.343	 4	 1.220367	 0.362488	 0.245422	 1
1463569561.353	 4	 1.149185	 0.366623	 0.270081	 1
1463569561.363	 4	 1.066757	 0.325943	 0.337280	 1
1463569561.373	 4	 1.025909	 0.272903	 0.364120	 1
1463569561.383	 4	 1.003845	 0.232117	 0.384094	 1
1463569561.393	 4	 0.968048	 0.193497	 0.403229	 1
1463569561.403	 4	 0.947433	 0.180023	 0.406631	 1
1463569561.413	 4	 0.936295	 0.272018	 0.383713	 1
1463569561.423	 4	 0.891815	 0.353943	 0.379517	 1
1463569561.433	 4	 0.726166	 0.644562	 0.348892	 1
1463569561.443	 4	 0.675354	 0.755661	 0.313919	 1
1463569561.453	 4	 0.689865	 0.715591	 0.292038	 1
1463569561.463	 4	 0.733627	 0.645981	 0.264557	 1
1463569561.473	 4	 0.765884	 0.605225	 0.257050	 1
1463569561.483	 5	 0.801758	 0.606766	 0.280075	 1
1463569561.503	 5	 0.871765	 0.640915	 0.257492	 1
1463569561.513	 5	 0.880402	 0.673416	 0.246063	 1
1463569561.523	 5	 0.898911	 0.559525	 0.164658	 1
1463569561.533	 5	 0.971390	 0.557343	 -0.002838	 1
1463569561.543	 5	 1.033005	 0.784698	 -0.149689	 1
1463569561.553	 5	 0.925323	 0.996033	 -0.232635	 1
1463569561.563	 5	 0.800354	 0.928024	 -0.262161	 1
1463569561.573	 5	 0.817322	 0.818253	 -0.192657	 1
1463569561.583	 5	 0.908401	 0.728485	 -0.118530	 1
1463569561.593	 5	 0.895737	 0.631897	 -0.026947	 1
1463569561.603	 5	 0.833557	 0.664505	 -0.045135	 1
1463569561.613	 5	 0.830597	 0.746613	 -0.041489	 1
1463569561.623	 5	 0.793976	 0.842865	 0.003113	 1
1463569561.633	 5	 0.792191	 0.883713	 0.021194	 1
1463569561.643	 5	 0.885574	 0.854111	 -0.017441	 1
1463569561.653	 5	 0.993668	 0.805740	 -0.037125	 1
1463569561.663	 5	 0.992661	 0.787613	 -0.031097	 1
1463569561.673	 5	 0.975281	 0.613525	 -0.075851	 1
1463569561.683	 5	 0.962204	 0.514359	 -0.050247	 1
1463569561.693	 5	 0.950638	 0.530273	 0.004532	 1
1463569561.703	 5	 1.018204	 0.532669	 0.085526	 1
1463569561.713	 5	 1.038361	 0.545364	 0.157272	 1
1463569561.723	 5	 0.958176	 0.587769	 0.180801	 1
1463569561.733	 5	 0.849304	 0.586899	 0.154709	 1
1463569561.743	 5	 0.828827	 0.565155	 0.123917	 1
1463569561.753	 5	 0.795013	 0.633636	 0.095505	 1
1463569561.763	 5	 0.720032	 0.720322	 0.076370	 1
1463569561.773	 5	 0.621552	 0.768265	 0.096695	 1
1463569561.783	 5	 0.556992	 0.730789	 0.139999	 1
1463569561.793	 5	 0.594559	 0.621750	 0.148376	 1
1463569561.803	 5	 0.602768	 0.503952	 0.245392	 1
1463569561.813	 5	 0.555710	 0.497208	 0.228333	 1
1463569561.823	 5	 0.449600	 0.563675	 0.119049	 1
1463569561.833	 5	 0.277863	 0.503525	 0.054794	 1
1463569561.843	 5	 0.202225	 0.410706	 0.032150	 1
1463569561.853	 5	 0.257523	 0.516357	 0.020325	 1
1463569561.863	 5	 0.454010	 0.610626	 0.209152	 1
1463569561.873	 5	 0.593231	 0.620728	 0.344910	 1
1463569561.883	 5	 0.676514	 0.642410	 0.400986	 1
1463569561.893	 5	 0.751282	 0.606064	 0.414398	 1
1463569561.903	 5	 0.801346	 0.532959	 0.416733	 1
1463569561.913	 5	 0.776276	 0.526566	 0.357101	 1
1463569561.923	 5	 0.740967	 0.560669	 0.236618	 1
1463569561.933	 5	 0.803848	 0.577637	 0.140961	 1
1463569561.943	 5	 0.866302	 0.534012	 0.153656	 1
1463569561.953	 6	 0.913040	 0.523300	 0.180176	 1
1463569561.973	 6	 0.868073	 0.501892	 0.245285	 1
1463569561.983	 7	 0.870880	 0.526398	 0.282852	 1
1463569562.003	 7	 0.876389	 0.464569	 0.301056	 1
1463569562.013	 7	 0.854599	 0.408279	 0.206635	 1
1463569562.023	 7	 0.835098	 0.397507	 0.110474	 1
1463569562.033	 7	 0.870178	 0.480072	 0.061783	 1
1463569562.043	 7	 0.869156	 0.595032	 -0.043243	 1
1463569562.053	 7	 0.838135	 0.624313	 -0.095428	 1
1463569562.063	 7	 0.808136	 0.659851	 -0.059769	 1
1463569562.073	 7	 0.734192	 0.682068	 -0.059769	 1
1463569562.083	 7	 0.640060	 0.693726	 -0.103500	 1
1463569562.093	 7	 0.540802	 0.685638	 -0.122787	 1
1463569562.103	 7	 0.456375	 0.658295	 -0.064972	 1
1463569562.113	 7	 0.370758	 0.575653	 0.160324	 1
1463569562.123	 7	 0.455566	 0.543854	 0.601975	 1
1463569562.133	 8	 0.522842	 0.562836	 0.554871	 1
1463569562.153	 8	 0.346649	 0.401520	 -0.018417	 1
1463569562.163	 8	 0.446213	 0.630371	 0.217377	 1
1463569562.173	 8	 0.498978	 0.707916	 0.189285	 1
1463569562.183	 8	 0.620636	 0.772034	 0.192581	 1
1463569562.193	 8	 0.796310	 0.899139	 0.322906	 1
1463569562.203	 8	 0.991608	 1.028412	 0.414474	 1
1463569562.213	 8	 1.083038	 1.101242	 0.417969	 1
1463569562.223	 8	 0.991272	 1.021301	 0.236954	 1
1463569562.233	 8	 0.779892	 0.852753	 0.133179	 1
1463569562.243	 8	 0.614212	 0.820496	 0.131683	 1
1463569562.253	 8	 0.689636	 0.961914	 0.103592	 1
1463569562.263	 9	 0.625076	 1.051117	 0.042419	 1
1463569562.283	 9	 0.449661	 1.190659	 0.024734	 1
1463569562.293	 9	 0.421722	 1.244812	 0.053635	 1
1463569562.303	 9	 0.421600	 1.316391	 0.031525	 1
1463569562.313	 9	 0.349991	 1.335785	 -0.045898	 1
1463569562.323	 9	 0.321442	 1.146835	 -0.027756	 1
1463569562.333	 9	 0.386658	 1.072830	 0.173874	 1
1463569562.343	 9	 0.362717	 1.042343	 0.271667	 1
1463569562.353	 9	 0.340347	 0.941986	 0.220367	 1
1463569562.363	 9	 0.333344	 0.910751	 0.182526	 1
1463569562.373	 9	 0.365524	 0.911331	 0.111023	 1
1463569562.383	 9	 0.341614	 0.818451	 0.071823	 1
1463569562.393	 9	 0.331528	 0.756378	 0.116928	 1
1463569562.403	 9	 0.363663	 0.680756	 0.159546	 1
1463569562.413	 9	 0.429932	 0.740707	 0.136444	 1
1463569562.423	 9	 0.419067	 0.995712	 -0.052307	 1
1463569562.433	 9	 0.363327	 1.026260	 -0.063812	 1
1463569562.443	 9	 0.378006	 0.974533	 0.047852	 1
1463569562.453	 9	 0.384979	 1.037979	 0.099854	 1
1463569562.463	 9	 0.368027	 1.035339	 0.121033	 1
1463569562.473	 9	 0.377243	 1.032043	 0.138870	 1
1463569562.483	 9	 0.386215	 0.949921	 0.110321	 1
1463569562.493	 9	 0.382950	 0.840881	 0.225555	 1
1463569562.503	 9	 0.348846	 0.822601	 0.268738	 1
1463569562.513	 9	 0.279633	 0.956650	 0.136261	 1
1463569562.523	 9	 0.223160	 1.041534	 0.079041	 1
1463569562.533	 9	 0.247757	 1.007660	 0.099854	 1
1463569562.543	 9	 0.298248	 1.051208	 0.061813	 1
1463569562.553	 9	 0.354309	 1.095352	 0.047134	 1
1463569562.563	 9	 0.428787	 1.018509	 0.101028	 1
1463569562.573	 9	 0.473236	 0.963867	 0.155930	 1
1463569562.583	 9	 0.448166	 0.965988	 0.094727	 1
1463569562.593	 9	 0.423416	 0.903305	 0.163269	 1
1463569562.603	 9	 0.434006	 0.818985	 0.129562	 1
1463569562.613	 9	 0.420807	 0.871140	 0.019608	 1
1463569562.623	 9	 0.318878	 0.960358	 -0.172211	 1
1463569562.633	 9	 0.222137	 1.069000	 -0.045349	 1
1463569562.643	 9	 0.226883	 1.058441	 0.148895	 1
1463569562.653	 9	 0.196320	 0.982498	 0.145233	 1
1463569562.663	 9	 0.188156	 0.944794	 0.134735	 1
1463569562.673	 9	 0.241913	 0.919128	 0.204376	 1
1463569562.683	 9	 0.240311	 0.921204	 0.228989	 1
1463569562.693	 9	 0.184296	 0.930908	 0.228546	 1
1463569562.703	 9	 0.198944	 0.930115	 0.246948	 1
1463569562.713	 9	 0.248444	 0.867111	 0.182495	 1
1463569562.723	 9	 0.272263	 0.872604	 0.197861	 1
1463569562.733	 9	 0.258484	 0.803085	 0.078232	 1
1463569562.743	 9	 0.292892	 0.733383	 -0.088791	 1
1463569562.753	 9	 0.241257	 0.944015	 0.120972	 1
1463569562.763	 9	 0.283432	 0.927551	 0.349808	 1
1463569562.773	 9	 0.483673	 0.883942	 0.138000	 1
1463569562.783	 9	 0.514313	 0.881165	 0.105911	 1
1463569562.793	 9	 0.510544	 0.862854	 0.036728	 1
1463569562.803	 9	 0.464340	 0.869583	 0.048477	 1
1463569562.813	 9	 0.378754	 0.856781	 0.044403	 1
1463569562.823	 9	 0.298599	 0.849350	 0.071915	 1
1463569562.833	 9	 0.259903	 0.880676	 0.124847	 1
1463569562.843	 9	 0.196686	 0.904984	 0.206573	 1
1463569562.853	 9	 0.212250	 0.936432	 0.278427	 1
1463569562.863	 9	 0.270691	 0.943954	 0.262848	 1
1463569562.873	 9	 0.290344	 0.929962	 0.272644	 1
1463569562.883	 9	 0.313065	 0.894745	 0.122162	 1
1463569562.893	 9	 0.262939	 1.044373	 -0.059296	 1
1463569562.903	 9	 0.247757	 1.368027	 -0.106171	 1
1463569562.913	 9	 0.176636	 1.353897	 0.117783	 1
1463569562.923	 9	 0.193039	 0.999008	 0.171082	 1
1463569562.933	 9	 0.324127	 0.864243	 0.237259	 1
1463569562.943	 9	 0.365921	 0.853546	 0.230453	 1
1463569562.953	 9	 0.341400	 0.902298	 0.150742	 1
1463569562.963	 9	 0.318726	 0.934296	 0.082550	 1
1463569562.973	 9	 0.308792	 0.925003	 0.098633	 1
1463569562.983	 9	 0.322876	 0.878128	 0.105499	 1
1463569562.993	 9	 0.347778	 0.874374	 0.111237	 1
1463569563.003	 9	 0.352066	 0.907486	 0.110779	 1
1463569563.013	 9	 0.345398	 0.917175	 0.099106	 1
1463569563.023	 9	 0.349045	 0.951767	 0.062073	 1
1463569563.033	 9	 0.338776	 0.932037	 0.061569	 1
1463569563.043	 9	 0.332474	 0.945587	 0.074005	 1
1463569563.053	 9	 0.376633	 0.960022	 0.108994	 1
1463569563.063	 9	 0.368866	 0.997696	 0.111938	 1
1463569563.073	 9	 0.384506	 1.041504	 0.123764	 1
1463569563.083	 9	 0.452332	 1.108734	 0.162369	 1
1463569563.093	 9	 0.342728	 0.987946	 0.078506	 1
1463569563.103	 9	 0.363281	 1.027878	 0.169586	 1
1463569563.113	 9	 0.487503	 1.077377	 0.429047	 1
1463569563.123	 9	 0.346710	 1.000580	 0.010803	 1
1463569563.133	 9	 0.392258	 0.961319	 0.181488	 1
1463569563.143	 9	 0.333313	 0.982849	 0.015930	 1
1463569563.153	 9	 0.207794	 1.094269	 -0.117859	 1
1463569563.163	 9	 0.204117	 1.055649	 0.171249	 1
1463569563.173	 9	 0.227585	 1.081772	 0.184402	 1
1463569563.183	 9	 0.270645	 1.053040	 0.180145	 1
1463569563.193	 9	 0.346741	 0.972717	 0.202850	 1
1463569563.203	 9	 0.376404	 0.946899	 0.175812	 1
1463569563.213	 9	 0.394821	 0.948319	 0.150421	 1
1463569563.223	 9	 0.387390	 0.959076	 0.111969	 1
1463569563.233	 9	 0.372574	 0.964294	 0.114456	 1
1463569563.243	 9	 0.352585	 0.949081	 0.128220	 1
1463569563.253	 9	 0.324768	 0.933411	 0.138763	 1
1463569563.263	 9	 0.290619	 0.936707	 0.110916	 1
1463569563.273	 9	 0.273148	 0.988907	 0.108337	 1
1463569563.283	 9	 0.265442	 0.924042	 0.082489	 1
1463569563.293	 9	 0.203491	 0.894470	 0.113174	 1
1463569563.303	 9	 0.209564	 0.924988	 0.062622	 1
1463569563.313	 9	 0.233521	 0.977188	 0.076309	 1
1463569563.323	 9	 0.223557	 0.952972	 0.082764	 1
1463569563.333	 9	 0.252365	 0.977859	 0.113617	 1
1463569563.343	 9	 0.278137	 1.086319	 0.108917	 1
1463569563.353	 9	 0.282532	 1.017014	 0.106430	 1
1463569563.363	 9	 0.297531	 0.960739	 0.091904	 1
1463569563.373	 9	 0.302551	 0.945221	 0.087143	 1
1463569563.383	 9	 0.307709	 0.966126	 0.079803	 1
1463569563.393	 9	 0.305374	 0.992081	 0.123306	 1
1463569563.403	 9	 0.285950	 1.006241	 0.136414	 1
1463569563.413	 9	 0.264801	 1.002136	 0.131210	 1
1463569563.423	 9	 0.254105	 1.001572	 0.113632	 1
1463569563.433	 9	 0.239563	 1.019989	 0.081955	 1
1463569563.443	 9	 0.222534	 1.022522	 0.076019	 1
1463569563.453	 9	 0.217758	 0.997787	 0.082718	 1
1463569563.463	 9	 0.237518	 0.961990	 0.085663	 1
1463569563.473	 9	 0.258911	 0.933731	 0.084442	 1
1463569563.483	 9	 0.261993	 0.896362	 0.098251	 1
1463569563.493	 9	 0.255402	 0.868500	 0.104919	 1
1463569563.503	 9	 0.277725	 0.994461	 0.133789	 1
1463569563.513	 9	 0.271912	 1.009232	 0.130661	 1
1463569563.523	 9	 0.269424	 0.972351	 0.107712	 1
1463569563.533	 9	 0.268372	 0.960892	 0.105148	 1
1463569563.543	 9	 0.268265	 0.958069	 0.092117	 1
1463569563.553	 9	 0.272339	 0.989517	 0.088028	 1
1463569563.563	 9	 0.266083	 1.017258	 0.088455	 1
1463569563.573	 9	 0.254745	 1.019531	 0.089828	 1
1463569563.583	 9	 0.245560	 0.999145	 0.075592	 1
1463569563.593	 9	 0.242737	 0.978958	 0.085281	 1
1463569563.603	 9	 0.249481	 1.009064	 0.115768	 1
1463569563.613	 9	 0.260834	 1.023453	 0.143280	 1
1463569563.623	 9	 0.281250	 1.007874	 0.146591	 1
1463569563.633	 9	 0.238770	 1.044220	 0.153671	 1
1463569563.643	 9	 0.307098	 0.963959	 0.127991	 1
1463569563.653	 9	 0.328537	 0.972000	 0.140961	 1
1463569563.663	 9	 0.289551	 1.002914	 0.125275	 1
1463569563.673	 9	 0.279678	 0.992035	 0.098740	 1
1463569563.683	 9	 0.279160	 0.980423	 0.094482	 1
1463569563.693	 9	 0.272263	 0.971100	 0.091827	 1
1463569563.703	 9	 0.267395	 0.966324	 0.087189	 1
1463569563.713	 9	 0.260864	 0.967285	 0.086136	 1
1463569563.723	 9	 0.259994	 0.970398	 0.086197	 1
1463569563.733	 9	 0.253235	 0.969101	 0.090118	 1
1463569563.743	 9	 0.250046	 0.961319	 0.095123	 1
1463569563.753	 9	 0.254868	 0.961853	 0.102722	 1
1463569563.763	 9	 0.254547	 0.967072	 0.105194	 1
1463569563.773	 9	 0.256729	 0.974442	 0.105103	 1
1463569563.783	 9	 0.259720	 0.984207	 0.105011	 1
1463569563.793	 9	 0.270035	 0.984665	 0.104828	 1
1463569563.803	 9	 0.262588	 0.990967	 0.098999	 1
1463569563.813	 9	 0.256683	 0.995728	 0.100586	 1
1463569563.823	 9	 0.250900	 0.994751	 0.106125	 1
1463569563.833	 9	 0.242477	 0.989700	 0.112656	 1
1463569563.843	 9	 0.235626	 0.985367	 0.116867	 1
1463569563.853	 9	 0.232513	 0.976578	 0.117477	 1
1463569563.863	 9	 0.248062	 0.972794	 0.113937	 1
1463569563.873	 9	 0.256546	 0.968521	 0.103012	 1
1463569563.883	 9	 0.256821	 0.965668	 0.098068	 1
1463569563.893	 9	 0.254990	 0.967270	 0.100098	 1
1463569563.903	 9	 0.262955	 0.971344	 0.099121	 1
1463569563.913	 9	 0.264893	 0.978332	 0.087662	 1
1463569563.923	 9	 0.262039	 0.987213	 0.084381	 1
1463569563.933	 9	 0.254471	 0.999588	 0.082199	 1
1463569563.943	 9	 0.251526	 1.002029	 0.082916	 1
1463569563.953	 9	 0.252670	 0.995270	 0.095749	 1
1463569563.963	 9	 0.256592	 0.987488	 0.105957	 1
1463569563.973	 9	 0.256363	 0.984268	 0.110519	 1
1463569563.983	 9	 0.252304	 0.979065	 0.106842	 1
1463569563.993	 9	 0.244064	 0.979980	 0.102158	 1
1463569564.003	 9	 0.236481	 0.978897	 0.098892	 1
1463569564.013	 9	 0.232864	 0.976883	 0.101898	 1
1463569564.023	 9	 0.228607	 0.969803	 0.110275	 1
1463569564.033	 9	 0.240173	 0.971725	 0.117203	 1
1463569564.043	 9	 0.255859	 0.973709	 0.117355	 1
1463569564.053	 9	 0.275024	 0.977707	 0.117187	 1
1463569564.063	 9	 0.281128	 0.984467	 0.106216	 1
1463569564.073	 9	 0.285583	 0.985275	 0.094208	 1
1463569564.083	 9	 0.284302	 0.993652	 0.077179	 1
1463569564.093	 9	 0.285812	 0.995758	 0.076477	 1
1463569564.103	 9	 0.286880	 0.987549	 0.077621	 1
1463569564.113	 9	 0.283081	 0.981216	 0.082275	 1
1463569564.123	 9	 0.281616	 0.975967	 0.090057	 1
1463569564.133	 9	 0.279098	 0.971161	 0.105392	 1
1463569564.143	 9	 0.271790	 0.964157	 0.116638	 1
1463569564.153	 9	 0.258270	 0.962143	 0.117218	 1
1463569564.163	 9	 0.247116	 0.964081	 0.111115	 1
1463569564.173	 9	 0.239197	 0.970749	 0.107620	 1
1463569564.183	 9	 0.239517	 0.980713	 0.104477	 1
1463569564.193	 9	 0.243332	 0.986786	 0.101990	 1
1463569564.203	 9	 0.245941	 0.987701	 0.101227	 1
1463569564.213	 9	 0.250671	 0.989380	 0.097595	 1
1463569564.223	 9	 0.254761	 0.990356	 0.095535	 1
1463569564.233	 9	 0.258728	 0.988770	 0.088867	 1
1463569564.243	 9	 0.261917	 0.984543	 0.084991	 1
1463569564.253	 9	 0.266098	 0.984451	 0.080811	 1
1463569564.263	 9	 0.268234	 0.984467	 0.079773	 1
1463569564.273	 9	 0.270798	 0.983597	 0.082153	 1
1463569564.283	 9	 0.270523	 0.979095	 0.083618	 1
1463569564.293	 9	 0.266785	 0.979797	 0.083633	 1
1463569564.303	 9	 0.263321	 0.980545	 0.078217	 1
1463569564.313	 9	 0.258606	 0.981659	 0.077301	 1
1463569564.323	 9	 0.253830	 0.984955	 0.082779	 1
1463569564.333	 9	 0.250717	 0.984406	 0.088516	 1
1463569564.343	 9	 0.240356	 0.980011	 0.099548	 1
1463569564.353	 9	 0.240128	 0.975296	 0.107590	 1
1463569564.363	 9	 0.239426	 0.972809	 0.115189	 1
1463569564.373	 9	 0.245392	 0.968475	 0.112305	 1
1463569564.383	 9	 0.255737	 0.968933	 0.104477	 1
1463569564.393	 9	 0.262451	 0.973114	 0.097992	 1
1463569564.403	 9	 0.276291	 0.979477	 0.090927	 1
1463569564.413	 9	 0.284882	 0.977142	 0.090286	 1
1463569564.423	 9	 0.287415	 0.980301	 0.097260	 1
1463569564.433	 9	 0.282700	 0.981262	 0.098236	 1
1463569564.443	 9	 0.271790	 0.981811	 0.092041	 1
1463569564.453	 9	 0.262558	 0.978241	 0.085785	 1
1463569564.463	 9	 0.257599	 0.979584	 0.078110	 1
1463569564.473	 9	 0.257172	 0.978378	 0.072083	 1
1463569564.483	 9	 0.257690	 0.982697	 0.071289	 1
1463569564.493	 9	 0.254974	 0.984177	 0.080109	 1
1463569564.503	 9	 0.245209	 0.981888	 0.093033	 1
1463569564.513	 9	 0.239136	 0.981384	 0.097916	 1
1463569564.523	 9	 0.231293	 0.980087	 0.093063	 1
1463569564.533	 9	 0.224899	 0.982925	 0.093140	 1
1463569564.543	 9	 0.222122	 0.986328	 0.094986	 1
1463569564.553	 9	 0.232773	 0.989807	 0.094452	 1
1463569564.563	 9	 0.245056	 0.994827	 0.096359	 1
1463569564.573	 9	 0.257263	 0.996399	 0.096069	 1
1463569564.583	 9	 0.264328	 0.999069	 0.090591	 1
1463569564.593	 9	 0.264648	 1.001938	 0.091690	 1
1463569564.603	 9	 0.269684	 0.994064	 0.098373	 1
1463569564.613	 9	 0.274445	 0.979492	 0.101563	 1
1463569564.623	 9	 0.273636	 0.970581	 0.100571	 1
1463569564.633	 9	 0.275604	 0.965347	 0.094711	 1
1463569564.643	 9	 0.277145	 0.962524	 0.097778	 1
1463569564.653	 9	 0.277847	 0.965897	 0.106674	 1
1463569564.663	 9	 0.267975	 0.970306	 0.108978	 1
1463569564.673	 9	 0.251709	 0.983368	 0.109955	 1
1463569564.683	 9	 0.234756	 0.990814	 0.104263	 1
1463569564.693	 9	 0.219406	 0.997742	 0.102661	 1
1463569564.703	 9	 0.215088	 0.997971	 0.104523	 1
1463569564.713	 9	 0.217911	 0.991486	 0.102188	 1
1463569564.723	 9	 0.224808	 0.988861	 0.097946	 1
1463569564.733	 9	 0.232910	 0.986252	 0.092163	 1
1463569564.743	 9	 0.242020	 0.985626	 0.089584	 1
1463569564.753	 9	 0.251328	 0.986847	 0.088287	 1
1463569564.763	 9	 0.257523	 0.984558	 0.090057	 1
1463569564.773	 9	 0.261200	 0.986725	 0.093765	 1
1463569564.783	 9	 0.266647	 0.983124	 0.095520	 1
1463569564.793	 9	 0.263992	 0.985306	 0.089859	 1
1463569564.803	 9	 0.263641	 0.983719	 0.081451	 1
1463569564.813	 9	 0.264618	 0.978653	 0.076965	 1
1463569564.823	 9	 0.265244	 0.972397	 0.079819	 1
1463569564.833	 9	 0.264877	 0.970932	 0.085663	 1
1463569564.843	 9	 0.263428	 0.968536	 0.099304	 1
1463569564.853	 9	 0.262955	 0.968430	 0.108459	 1
1463569564.863	 9	 0.270126	 0.973206	 0.110352	 1
1463569564.873	 9	 0.276733	 0.974152	 0.098068	 1
1463569564.883	 9	 0.279434	 0.980072	 0.090012	 1
1463569564.893	 9	 0.272446	 0.974030	 0.093521	 1
1463569564.903	 9	 0.272659	 0.968582	 0.097336	 1
1463569564.913	 9	 0.270218	 0.964493	 0.094101	 1
1463569564.923	 9	 0.265167	 0.968857	 0.075272	 1
1463569564.933	 9	 0.259644	 0.974243	 0.062210	 1
1463569564.943	 9	 0.255554	 0.975372	 0.053040	 1
1463569564.953	 9	 0.255814	 0.983032	 0.052353	 1
1463569564.963	 9	 0.260437	 0.986481	 0.066513	 1
1463569564.973	 9	 0.261948	 0.986633	 0.085831	 1
1463569564.983	 9	 0.259750	 0.991135	 0.104248	 1
1463569564.993	 9	 0.252594	 0.987915	 0.104248	 1
1463569565.003	 9	 0.241928	 0.985092	 0.103088	 1
1463569565.013	 9	 0.242203	 0.982101	 0.099045	 1
1463569565.023	 9	 0.243637	 0.979416	 0.089569	 1
1463569565.033	 9	 0.252563	 0.985718	 0.083221	 1
1463569565.043	 9	 0.257553	 0.988297	 0.082718	 1
1463569565.053	 9	 0.256058	 0.995651	 0.087906	 1
1463569565.063	 9	 0.262756	 0.989716	 0.093689	 1
1463569565.073	 9	 0.267960	 0.981644	 0.087540	 1
1463569565.083	 9	 0.270081	 0.976257	 0.079788	 1
1463569565.093	 9	 0.273392	 0.973373	 0.070068	 1
1463569565.103	 9	 0.278336	 0.968658	 0.075867	 1
1463569565.113	 9	 0.280212	 0.972137	 0.089066	 1
1463569565.123	 9	 0.277939	 0.975830	 0.097412	 1
1463569565.133	 9	 0.266190	 0.981934	 0.103348	 1
1463569565.143	 9	 0.251175	 0.986404	 0.102661	 1
1463569565.153	 9	 0.241867	 0.989120	 0.101959	 1
1463569565.163	 9	 0.230499	 0.991852	 0.100571	 1
1463569565.173	 9	 0.225418	 0.991531	 0.093155	 1
1463569565.183	 9	 0.223160	 0.990295	 0.086884	 1
1463569565.193	 9	 0.225403	 0.986023	 0.082291	 1
1463569565.203	 9	 0.228088	 0.985626	 0.074356	 1
1463569565.213	 9	 0.236679	 0.983902	 0.070541	 1
1463569565.223	 9	 0.247498	 0.981354	 0.069000	 1
1463569565.233	 9	 0.259171	 0.986511	 0.069550	 1
1463569565.243	 9	 0.268112	 0.987793	 0.070435	 1
1463569565.253	 9	 0.273743	 0.990448	 0.073181	 1
1463569565.263	 9	 0.271973	 0.987656	 0.078430	 1
1463569565.273	 9	 0.273331	 0.989227	 0.082031	 1
1463569565.283	 9	 0.269241	 0.989471	 0.086838	 1
1463569565.293	 9	 0.261230	 0.984177	 0.090530	 1
1463569565.303	 9	 0.256119	 0.984695	 0.093491	 1
1463569565.313	 9	 0.253799	 0.985016	 0.094162	 1
1463569565.323	 9	 0.251801	 0.984314	 0.095657	 1
1463569565.333	 9	 0.249832	 0.985306	 0.093765	 1
1463569565.343	 9	 0.249329	 0.985214	 0.090485	 1
1463569565.353	 9	 0.248947	 0.987289	 0.086639	 1
1463569565.363	 9	 0.247269	 0.988022	 0.080734	 1
1463569565.373	 9	 0.248764	 0.983322	 0.082489	 1
1463569565.383	 9	 0.252335	 0.981110	 0.080872	 1
1463569565.393	 9	 0.251526	 0.976654	 0.081177	 1
1463569565.403	 9	 0.257507	 0.973969	 0.079544	 1
1463569565.413	 9	 0.265411	 0.974777	 0.077911	 1
1463569565.423	 9	 0.266022	 0.972549	 0.072144	 1
1463569565.433	 9	 0.263077	 0.965332	 0.080856	 1
1463569565.443	 9	 0.266052	 0.954880	 0.102036	 1
1463569565.453	 9	 0.271927	 0.954376	 0.101318	 1
1463569565.463	 9	 0.277267	 0.961227	 0.084900	 1
1463569565.473	 9	 0.277161	 0.969345	 0.063416	 1
1463569565.483	 9	 0.275360	 0.969040	 0.056168	 1
1463569565.493	 9	 0.274826	 0.983353	 0.059463	 1
1463569565.503	 9	 0.273132	 0.990067	 0.069229	 1
1463569565.513	 9	 0.272644	 0.992233	 0.085739	 1
1463569565.523	 9	 0.269485	 0.988617	 0.099701	 1
1463569565.533	 9	 0.265656	 0.983200	 0.105545	 1
1463569565.543	 9	 0.263809	 0.982651	 0.107162	 1
1463569565.553	 9	 0.261780	 0.983734	 0.098816	 1
1463569565.563	 9	 0.264740	 0.987183	 0.087662	 1
1463569565.573	 9	 0.269302	 0.987823	 0.089096	 1
1463569565.583	 9	 0.264420	 0.993423	 0.084671	 1
1463569565.593	 9	 0.254852	 0.996643	 0.082214	 1
1463569565.603	 9	 0.255249	 0.995483	 0.083405	 1
1463569565.613	 9	 0.261826	 0.982864	 0.084030	 1
1463569565.623	 9	 0.268433	 0.977234	 0.079697	 1
1463569565.633	 9	 0.275711	 0.976776	 0.072357	 1
1463569565.643	 9	 0.283081	 0.974472	 0.076080	 1
1463569565.653	 9	 0.288040	 0.974503	 0.092758	 1
1463569565.663	 9	 0.275223	 0.975021	 0.105103	 1
1463569565.673	 9	 0.258881	 0.983444	 0.106506	 1
1463569565.683	 9	 0.241028	 0.989746	 0.100998	 1
1463569565.693	 9	 0.232346	 0.992661	 0.100082	 1
1463569565.703	 9	 0.231461	 0.990112	 0.098007	 1
1463569565.713	 9	 0.234955	 0.985855	 0.094070	 1
1463569565.723	 9	 0.241409	 0.983582	 0.091812	 1
1463569565.733	 9	 0.245102	 0.981445	 0.086548	 1
1463569565.743	 9	 0.252563	 0.982895	 0.079102	 1
1463569565.753	 9	 0.258789	 0.984970	 0.073608	 1
1463569565.763	 9	 0.265366	 0.985962	 0.074203	 1
1463569565.773	 9	 0.272614	 0.985153	 0.075699	 1
1463569565.783	 9	 0.274567	 0.985443	 0.077454	 1
1463569565.793	 9	 0.276505	 0.984131	 0.077545	 1
1463569565.803	 9	 0.274323	 0.982895	 0.073532	 1
1463569565.813	 9	 0.271454	 0.981232	 0.072403	 1
1463569565.823	 9	 0.272293	 0.978043	 0.070145	 1
1463569565.833	 9	 0.269485	 0.974670	 0.078201	 1
1463569565.843	 9	 0.266968	 0.969467	 0.090744	 1
1463569565.853	 9	 0.261719	 0.967819	 0.102325	 1
1463569565.863	 9	 0.260544	 0.965714	 0.109558	 1
1463569565.873	 9	 0.260834	 0.964722	 0.105957	 1
1463569565.883	 9	 0.264496	 0.962860	 0.099319	 1
1463569565.893	 9	 0.271713	 0.963425	 0.094055	 1
1463569565.903	 9	 0.284439	 0.965790	 0.088913	 1
1463569565.913	 9	 0.297577	 0.973465	 0.080811	 1
1463569565.923	 9	 0.296188	 0.979370	 0.072571	 1
1463569565.933	 9	 0.291336	 0.985107	 0.080566	 1
1463569565.943	 9	 0.285965	 0.982483	 0.096237	 1
1463569565.953	 9	 0.282059	 0.976395	 0.103333	 1
1463569565.963	 9	 0.272278	 0.978806	 0.106323	 1
1463569565.973	 9	 0.263107	 0.978806	 0.100281	 1
1463569565.983	 9	 0.257599	 0.982208	 0.088364	 1
1463569565.993	 9	 0.256912	 0.984116	 0.081116	 1
1463569566.003	 9	 0.258133	 0.986938	 0.079102	 1
1463569566.013	 9	 0.256073	 0.995926	 0.082825	 1
1463569566.023	 9	 0.255203	 0.999283	 0.091980	 1
1463569566.033	 9	 0.252151	 0.999207	 0.098953	 1
1463569566.043	 9	 0.246216	 0.993164	 0.105469	 1
1463569566.053	 9	 0.242203	 0.984558	 0.106598	 1
1463569566.063	 9	 0.235809	 0.974731	 0.107681	 1
1463569566.073	 9	 0.235977	 0.968826	 0.112930	 1
1463569566.083	 9	 0.233780	 0.967041	 0.108994	 1
1463569566.093	 9	 0.232391	 0.976456	 0.105438	 1
1463569566.103	 9	 0.233505	 0.981827	 0.099472	 1
1463569566.113	 9	 0.237350	 0.989563	 0.099258	 1
1463569566.123	 9	 0.241272	 0.993088	 0.094894	 1
1463569566.133	 9	 0.238174	 0.990234	 0.094757	 1
1463569566.143	 9	 0.235550	 0.988754	 0.093262	 1
1463569566.153	 9	 0.234131	 0.987228	 0.085083	 1
1463569566.163	 9	 0.230911	 0.979324	 0.081619	 1
1463569566.173	 9	 0.230728	 0.971848	 0.086166	 1
1463569566.183	 9	 0.232803	 0.969620	 0.089905	 1
1463569566.193	 9	 0.236267	 0.969696	 0.097229	 1
1463569566.203	 9	 0.241318	 0.969254	 0.099426	 1
1463569566.213	 9	 0.252289	 0.970535	 0.098007	 1
1463569566.223	 9	 0.264755	 0.973343	 0.085861	 1
1463569566.233	 9	 0.268921	 0.975555	 0.085007	 1
1463569566.243	 9	 0.274582	 0.974442	 0.085403	 1
1463569566.253	 9	 0.278183	 0.977371	 0.084991	 1
1463569566.263	 9	 0.281326	 0.982651	 0.092743	 1
1463569566.273	 9	 0.288132	 0.977417	 0.098801	 1
1463569566.283	 9	 0.293427	 0.980286	 0.100632	 1
1463569566.293	 9	 0.299164	 0.979828	 0.094025	 1
1463569566.303	 9	 0.307922	 0.980255	 0.081055	 1
1463569566.313	 9	 0.312607	 0.984192	 0.068207	 1
1463569566.323	 9	 0.312027	 0.986603	 0.056381	 1
1463569566.333	 9	 0.313309	 0.979614	 0.052444	 1
1463569566.343	 9	 0.314911	 0.976395	 0.057144	 1
1463569566.353	 9	 0.309143	 0.977798	 0.061462	 1
1463569566.363	 9	 0.300201	 0.980576	 0.067535	 1
1463569566.373	 9	 0.287628	 0.981537	 0.074692	 1
1463569566.383	 9	 0.272644	 0.986740	 0.077866	 1
1463569566.393	 9	 0.267410	 0.992538	 0.080444	 1
1463569566.403	 9	 0.263855	 0.994415	 0.077606	 1
1463569566.413	 9	 0.261719	 0.994736	 0.077316	 1
1463569566.423	 9	 0.266785	 0.989349	 0.074005	 1
1463569566.433	 9	 0.268616	 0.984879	 0.075455	 1
1463569566.443	 9	 0.270081	 0.976532	 0.071259	 1
1463569566.453	 9	 0.266586	 0.974731	 0.071136	 1
1463569566.463	 9	 0.260651	 0.975021	 0.066986	 1
1463569566.473	 9	 0.252686	 0.976028	 0.064377	 1
1463569566.483	 9	 0.249222	 0.976547	 0.062576	 1
1463569566.493	 9	 0.244690	 0.979675	 0.060822	 1
1463569566.503	 9	 0.243973	 0.974976	 0.061630	 1
1463569566.513	 9	 0.249619	 0.978729	 0.060120	 1
1463569566.523	 9	 0.253143	 0.984085	 0.065277	 1
1463569566.533	 9	 0.256790	 0.983078	 0.073792	 1
1463569566.543	 9	 0.256927	 0.984924	 0.084122	 1
1463569566.553	 9	 0.256012	 0.990173	 0.092041	 1
1463569566.563	 9	 0.254913	 0.993774	 0.096527	 1
1463569566.573	 9	 0.261017	 0.991531	 0.096252	 1
1463569566.583	 9	 0.264130	 0.990295	 0.094101	 1
1463569566.593	 9	 0.268433	 0.985001	 0.090027	 1
1463569566.603	 9	 0.266220	 0.977798	 0.087006	 1
1463569566.613	 9	 0.260223	 0.974091	 0.079651	 1
1463569566.623	 9	 0.254211	 0.969849	 0.076492	 1
1463569566.633	 9	 0.246872	 0.970139	 0.076019	 1
1463569566.643	 9	 0.239746	 0.972443	 0.078140	 1
1463569566.653	 9	 0.239914	 0.975998	 0.079056	 1
1463569566.663	 9	 0.243179	 0.975861	 0.080017	 1
1463569566.673	 9	 0.249557	 0.970093	 0.069702	 1
1463569566.683	 9	 0.253311	 0.983459	 0.089661	 1
1463569566.693	 9	 0.263824	 0.968002	 0.094116	 1
1463569566.703	 9	 0.273270	 0.971344	 0.091446	 1
1463569566.713	 9	 0.279007	 0.972061	 0.078232	 1
1463569566.723	 9	 0.272614	 0.980896	 0.076096	 1
1463569566.733	 9	 0.263580	 0.983170	 0.078979	 1
1463569566.743	 9	 0.258011	 0.987503	 0.073730	 1
1463569566.753	 9	 0.256378	 0.986359	 0.070541	 1
1463569566.763	 9	 0.253922	 0.977859	 0.074722	 1
1463569566.773	 9	 0.251068	 0.977005	 0.068329	 1
1463569566.783	 9	 0.248856	 0.970901	 0.065292	 1
1463569566.793	 9	 0.241898	 0.983337	 0.071701	 1
1463569566.803	 9	 0.242722	 0.941681	 0.063828	 1
1463569566.813	 9	 0.252823	 0.986313	 0.083084	 1
1463569566.823	 9	 0.257217	 1.022141	 0.091766	 1
1463569566.833	 9	 0.256638	 1.024338	 0.094650	 1
1463569566.843	 9	 0.255646	 1.016357	 0.085907	 1
1463569566.853	 9	 0.261246	 0.995682	 0.071594	 1
1463569566.863	 9	 0.262619	 0.989105	 0.066101	 1
1463569566.873	 9	 0.257736	 0.997314	 0.056885	 1
1463569566.883	 9	 0.246490	 0.998596	 0.053864	 1
1463569566.893	 9	 0.228394	 0.994873	 0.061508	 1
1463569566.903	 9	 0.217957	 0.981476	 0.077866	 1
1463569566.913	 9	 0.211517	 0.979645	 0.088028	 1
1463569566.923	 9	 0.212952	 0.983032	 0.093826	 1
1463569566.933	 9	 0.219940	 0.983597	 0.095108	 1
1463569566.943	 9	 0.219360	 0.976563	 0.091156	 1
1463569566.953	 9	 0.232269	 0.949585	 0.075088	 1
1463569566.963	 9	 0.241776	 1.042648	 0.088089	 1
1463569566.973	 9	 0.233597	 1.033829	 0.073547	 1
1463569566.983	 9	 0.220276	 0.989075	 0.069839	 1
1463569566.993	 9	 0.219986	 0.986725	 0.069000	 1
1463569567.003	 9	 0.220566	 0.974625	 0.068375	 1
1463569567.013	 9	 0.223175	 0.968506	 0.070496	 1
1463569567.023	 9	 0.230347	 0.946960	 0.061417	 1
1463569567.033	 9	 0.235596	 0.969864	 0.073868	 1
1463569567.043	 9	 0.243088	 1.018021	 0.089218	 1
1463569567.053	 9	 0.237274	 1.011322	 0.102829	 1
1463569567.063	 9	 0.240875	 1.003784	 0.117218	 1
1463569567.073	 9	 0.250031	 1.006699	 0.118958	 1
1463569567.083	 9	 0.255722	 1.002869	 0.111649	 1
1463569567.093	 9	 0.253601	 0.996048	 0.104172	 1
1463569567.103	 9	 0.246323	 0.989822	 0.090073	 1
1463569567.113	 9	 0.228683	 0.986557	 0.071335	 1
1463569567.123	 9	 0.211624	 0.986359	 0.051544	 1
1463569567.133	 9	 0.198654	 0.990372	 0.041367	 1
1463569567.143	 9	 0.191803	 0.992004	 0.042160	 1
1463569567.153	 9	 0.187607	 0.991608	 0.049515	 1
1463569567.163	 9	 0.183167	 0.990494	 0.057953	 1
1463569567.173	 9	 0.186691	 0.989288	 0.069702	 1
1463569567.183	 9	 0.197906	 0.982834	 0.078888	 1
1463569567.193	 9	 0.219086	 0.918488	 0.065964	 1
1463569567.203	 9	 0.244308	 0.992859	 0.094528	 1
1463569567.213	 9	 0.246384	 1.027084	 0.096497	 1
1463569567.223	 9	 0.244308	 1.006104	 0.092209	 1
1463569567.233	 9	 0.243851	 0.979462	 0.086975	 1
1463569567.243	 9	 0.250137	 0.983826	 0.083435	 1
1463569567.253	 9	 0.249588	 0.982864	 0.082520	 1
1463569567.263	 9	 0.247421	 0.981323	 0.074875	 1
1463569567.273	 9	 0.246628	 0.981827	 0.063141	 1
1463569567.283	 9	 0.247162	 0.990280	 0.056717	 1
1463569567.293	 9	 0.245026	 0.996399	 0.057755	 1
1463569567.303	 9	 0.250702	 1.004669	 0.061050	 1
1463569567.313	 9	 0.251846	 1.002945	 0.071915	 1
1463569567.323	 9	 0.244614	 1.004608	 0.077438	 1
1463569567.333	 9	 0.235199	 1.003372	 0.077972	 1
1463569567.343	 9	 0.221817	 0.996414	 0.074326	 1
1463569567.353	 9	 0.219788	 0.986496	 0.065292	 1
1463569567.363	 9	 0.217178	 0.980469	 0.054184	 1
1463569567.373	 9	 0.222244	 0.987915	 0.036896	 1
1463569567.383	 9	 0.196289	 0.979782	 0.031235	 1
1463569567.393	 9	 0.188934	 0.951187	 0.044357	 1
1463569567.403	 9	 0.180588	 0.886002	 0.048340	 1
1463569567.413	 9	 0.217575	 0.973740	 0.093140	 1
1463569567.423	 9	 0.218140	 1.040314	 0.110550	 1
1463569567.433	 9	 0.205002	 1.032578	 0.096390	 1
1463569567.443	 9	 0.200668	 1.028122	 0.087021	 1
1463569567.453	 9	 0.207733	 1.015945	 0.092941	 1
1463569567.463	 9	 0.223892	 1.021103	 0.097946	 1
1463569567.473	 9	 0.240021	 1.007721	 0.104477	 1
1463569567.483	 9	 0.253769	 0.994064	 0.098755	 1
1463569567.493	 9	 0.263031	 0.991501	 0.092896	 1
1463569567.503	 9	 0.267380	 0.988602	 0.085968	 1
1463569567.513	 9	 0.271698	 0.977188	 0.063507	 1
1463569567.523	 9	 0.266602	 0.975143	 0.068085	 1
1463569567.533	 9	 0.256882	 0.992599	 0.065308	 1
1463569567.543	 9	 0.248093	 0.989761	 0.056274	 1
1463569567.553	 9	 0.246872	 0.982269	 0.059570	 1
1463569567.563	 9	 0.236435	 0.945129	 0.052505	 1
1463569567.573	 9	 0.256439	 0.979675	 0.079132	 1
1463569567.583	 9	 0.235992	 0.992325	 0.064941	 1
1463569567.593	 9	 0.240738	 1.046890	 0.084991	 1
1463569567.603	 9	 0.220413	 0.999130	 0.079193	 1
1463569567.613	 9	 0.220505	 0.982574	 0.098434	 1
1463569567.623	 9	 0.216080	 0.975922	 0.095657	 1
1463569567.633	 9	 0.214035	 0.980316	 0.087570	 1
1463569567.643	 9	 0.204666	 0.980911	 0.081467	 1
1463569567.653	 9	 0.195023	 0.989365	 0.070999	 1
1463569567.663	 9	 0.189499	 0.998550	 0.069275	 1
1463569567.673	 9	 0.188965	 0.987457	 0.080643	 1
1463569567.683	 9	 0.201859	 0.986862	 0.077454	 1
1463569567.693	 9	 0.219666	 0.984070	 0.079483	 1
1463569567.703	 9	 0.233170	 0.986481	 0.085815	 1
1463569567.713	 9	 0.240433	 0.985886	 0.083817	 1
1463569567.723	 9	 0.236511	 0.996674	 0.069565	 1
1463569567.733	 9	 0.229095	 1.005173	 0.071167	 1
1463569567.743	 9	 0.226425	 1.001923	 0.077332	 1
1463569567.753	 9	 0.218140	 1.001495	 0.075775	 1
1463569567.763	 9	 0.208206	 1.010010	 0.069290	 1
1463569567.773	 9	 0.204636	 1.006393	 0.075394	 1
1463569567.783	 9	 0.204559	 0.998718	 0.085205	 1
1463569567.793	 9	 0.203003	 0.995087	 0.098297	 1
1463569567.803	 9	 0.201569	 0.992737	 0.098846	 1
1463569567.813	 9	 0.201447	 0.990707	 0.100327	 1
1463569567.823	 9	 0.203049	 0.988434	 0.097900	 1
1463569567.833	 9	 0.210083	 0.981659	 0.098007	 1
1463569567.843	 9	 0.219315	 0.978073	 0.090408	 1
1463569567.853	 9	 0.235764	 0.987411	 0.106476	 1
1463569567.863	 9	 0.233780	 0.973160	 0.100067	 1
1463569567.873	 9	 0.233490	 0.982758	 0.097763	 1
1463569567.883	 9	 0.223740	 0.996307	 0.089737	 1
1463569567.893	 9	 0.218460	 0.996185	 0.093872	 1
1463569567.903	 9	 0.222916	 1.000488	 0.091843	 1
1463569567.913	 9	 0.226715	 1.002808	 0.094467	 1
1463569567.923	 9	 0.231522	 1.003281	 0.098846	 1
1463569567.933	 9	 0.228195	 1.000977	 0.096008	 1
1463569567.943	 9	 0.223312	 0.992645	 0.095825	 1
1463569567.953	 9	 0.219391	 0.986542	 0.089081	 1
1463569567.963	 9	 0.224777	 0.975464	 0.086685	 1
1463569567.973	 9	 0.238953	 0.969971	 0.088364	 1
1463569567.983	 9	 0.251907	 0.974640	 0.087158	 1
1463569567.993	 9	 0.255386	 0.984802	 0.080414	 1
1463569568.003	 9	 0.245270	 0.995728	 0.075150	 1
1463569568.013	 9	 0.234741	 1.001007	 0.068542	 1
1463569568.023	 9	 0.217438	 0.984451	 0.059174	 1
1463569568.033	 9	 0.217148	 1.022461	 0.074966	 1
1463569568.043	 9	 0.208557	 1.033371	 0.075500	 1
1463569568.053	 9	 0.182236	 1.013351	 0.071167	 1
1463569568.063	 9	 0.170959	 1.042191	 0.076584	 1
1463569568.073	 9	 0.162308	 0.995697	 0.097046	 1
1463569568.083	 9	 0.197220	 0.978409	 0.122452	 1
1463569568.093	 9	 0.207214	 0.978012	 0.112091	 1
1463569568.103	 9	 0.215271	 0.995132	 0.099335	 1
1463569568.113	 9	 0.227951	 0.995300	 0.093643	 1
1463569568.123	 9	 0.234756	 0.990845	 0.089386	 1
1463569568.133	 9	 0.231384	 0.957123	 0.073120	 1
1463569568.143	 9	 0.254776	 0.991287	 0.082764	 1
1463569568.153	 9	 0.237183	 0.988495	 0.085907	 1
1463569568.163	 9	 0.250458	 1.028580	 0.097595	 1
1463569568.173	 9	 0.233780	 1.004745	 0.092972	 1
1463569568.183	 9	 0.226257	 1.004440	 0.097809	 1
1463569568.193	 9	 0.220306	 1.012497	 0.097870	 1
1463569568.203	 9	 0.222061	 1.028595	 0.088745	 1
1463569568.213	 9	 0.220367	 1.009720	 0.073456	 1
1463569568.223	 9	 0.244232	 1.047165	 0.104446	 1
1463569568.233	 9	 0.245514	 1.074890	 0.111130	 1
1463569568.243	 9	 0.199677	 0.995468	 0.075363	 1
1463569568.253	 9	 0.209778	 1.081100	 0.095932	 1
1463569568.263	 9	 0.244171	 1.174255	 0.122650	 1
1463569568.273	 9	 0.264832	 1.195007	 0.104950	 1
1463569568.283	 9	 0.267136	 1.163605	 0.099686	 1
1463569568.293	 9	 0.265289	 1.133087	 0.091690	 1
1463569568.303	 9	 0.265366	 1.139832	 0.077423	 1
1463569568.313	 9	 0.273911	 1.136215	 0.079330	 1
1463569568.323	 9	 0.273849	 1.121689	 0.090515	 1
1463569568.333	 9	 0.261139	 1.105881	 0.094818	 1
1463569568.343	 9	 0.269180	 1.124832	 0.109055	 1
1463569568.353	 9	 0.267487	 1.127197	 0.128586	 1
1463569568.363	 9	 0.243256	 1.132889	 0.105621	 1
1463569568.373	 9	 0.307373	 1.172455	 0.067596	 1
1463569568.383	 9	 0.361557	 1.264709	 0.113205	 1
1463569568.393	 9	 0.356659	 1.296112	 0.121490	 1
1463569568.403	 9	 0.323776	 1.290634	 0.114883	 1
1463569568.413	 9	 0.304611	 1.309494	 0.114090	 1
1463569568.423	 9	 0.282974	 1.332459	 0.120590	 1
1463569568.433	 9	 0.261353	 1.324493	 0.137375	 1
1463569568.443	 9	 0.205612	 1.338928	 0.124298	 1
1463569568.453	 9	 0.235825	 1.235367	 0.156601	 1
1463569568.463	 9	 0.295609	 1.225708	 0.144150	 1
1463569568.473	 9	 0.345367	 1.253143	 0.128174	 1
1463569568.483	 9	 0.331299	 1.238800	 0.122864	 1
1463569568.493	 9	 0.284088	 1.250427	 0.165482	 1
1463569568.503	 9	 0.331879	 1.164917	 0.180359	 1
1463569568.513	 9	 0.339416	 1.195297	 0.160156	 1
1463569568.523	 9	 0.330460	 1.209824	 0.053604	 1
1463569568.533	 9	 0.337784	 1.100204	 0.058014	 1
1463569568.543	 9	 0.328934	 1.125351	 -0.045929	 1
1463569568.553	 9	 0.425735	 0.977631	 -0.028610	 1
1463569568.563	 9	 0.495224	 0.909958	 -0.010223	 1
1463569568.573	 9	 0.570053	 0.826462	 0.032257	 1
1463569568.583	 9	 0.644135	 0.738327	 0.096069	 1
1463569568.593	 9	 0.674408	 0.670532	 0.161041	 1
1463569568.603	 9	 0.653259	 0.577576	 0.218140	 1
1463569568.613	 9	 0.622360	 0.532684	 0.260773	 1
1463569568.623	 9	 0.657806	 0.502960	 0.299210	 1
1463569568.633	 9	 0.707596	 0.407623	 0.290802	 1
1463569568.643	 9	 0.820023	 0.296310	 0.289322	 1
1463569568.653	 9	 0.922455	 0.187637	 0.268723	 1
1463569568.663	 9	 1.003662	 0.082001	 0.190704	 1
1463569568.673	 9	 1.074661	 0.001450	 0.017395	 1
1463569568.683	 9	 1.146851	 -0.047485	 0.116074	 1
1463569568.693	 9	 1.156082	 -0.146027	 -0.006470	 1
1463569568.703	 9	 1.183472	 -0.245712	 -0.135895	 1
1463569568.713	 9	 1.180206	 -0.303833	 -0.177155	 1
1463569568.723	 9	 1.245132	 -0.386520	 -0.236542	 1
1463569568.733	 9	 1.269501	 -0.431915	 -0.318604	 1
1463569568.743	 9	 1.242889	 -0.340881	 -0.363235	 1
1463569568.753	 9	 1.228455	 -0.320419	 -0.422150	 1
1463569568.763	 9	 1.215576	 -0.337921	 -0.466156	 1
1463569568.773	 9	 1.196030	 -0.374008	 -0.468018	 1
1463569568.783	 9	 1.167282	 -0.391952	 -0.462189	 1
1463569568.793	 9	 1.149368	 -0.373276	 -0.468689	 1
1463569568.803	 9	 1.132843	 -0.279388	 -0.521896	 1
1463569568.813	 9	 1.134201	 -0.256821	 -0.568863	 1
1463569568.823	 9	 1.077820	 -0.193817	 -0.661804	 1
1463569568.833	 9	 1.032913	 -0.117493	 -0.756058	 1
1463569568.843	 9	 1.001267	 -0.044052	 -0.832794	 1
1463569568.853	 9	 0.994263	 -0.001801	 -0.837021	 1
1463569568.863	 9	 1.000610	 0.006073	 -0.870255	 1
1463569568.873	 9	 0.986938	 0.023697	 -0.893219	 1
1463569568.883	 9	 0.914108	 0.088928	 -0.922211	 1
1463569568.893	 9	 0.809158	 0.166183	 -0.998428	 1
1463569568.903	 9	 0.707657	 0.192947	 -1.069870	 1
1463569568.913	 9	 0.687637	 0.083939	 -0.991379	 1
1463569568.923	 9	 0.657715	 0.081085	 -0.898392	 1
1463569568.933	 9	 0.704330	 0.098236	 -0.899475	 1
1463569568.943	 9	 0.771851	 0.106552	 -0.940887	 1
1463569568.953	 9	 0.757156	 0.166962	 -0.959473	 1
1463569568.963	 9	 0.724503	 0.241821	 -1.008850	 1
1463569568.973	 9	 0.711014	 0.271881	 -1.093262	 1
1463569568.983	 9	 0.721588	 0.297852	 -1.144409	 1
1463569568.993	 9	 0.740219	 0.293198	 -1.172913	 1
1463569569.003	 9	 0.701233	 0.198486	 -1.176834	 1
1463569569.013	 9	 0.723862	 0.127167	 -1.142792	 1
1463569569.023	 9	 0.663391	 0.061752	 -1.081558	 1
1463569569.033	 9	 0.630661	 -0.002899	 -1.017288	 1
1463569569.043	 9	 0.656570	 -0.036362	 -0.931564	 1
1463569569.053	 9	 0.657578	 -0.070221	 -0.869415	 1
1463569569.063	 9	 0.641708	 -0.073608	 -0.825714	 1
1463569569.073	 9	 0.572922	 -0.109589	 -0.804672	 1
1463569569.083	 9	 0.504135	 -0.092606	 -0.788788	 1
1463569569.094	 9	 0.472275	 -0.036560	 -0.757645	 1
1463569569.103	 9	 0.439270	 0.013458	 -0.756958	 1
1463569569.113	 9	 0.398453	 0.038010	 -0.782776	 1
1463569569.124	 10	 0.366058	 0.051590	 -0.806473	 1
1463569569.144	 10	 0.371841	 0.059967	 -0.833145	 1
1463569569.153	 10	 0.439682	 0.053040	 -0.795105	 1
1463569569.163	 10	 0.480392	 0.010254	 -0.739288	 1
1463569569.173	 10	 0.455185	 -0.052368	 -0.703857	 1
1463569569.183	 10	 0.359741	 -0.129272	 -0.659119	 1
1463569569.203	 11	 0.206573	 -0.157654	 -0.579300	 1
1463569569.213	 11	 0.227798	 -0.115509	 -0.517502	 1
1463569569.223	 12	 0.238800	 -0.076233	 -0.535751	 1
1463569569.243	 12	 0.172318	 -0.209518	 -0.596008	 1
1463569569.253	 12	 0.167572	 -0.301270	 -0.670990	 1
1463569569.263	 12	 0.188858	 -0.321960	 -0.705795	 1
1463569569.273	 12	 0.195755	 -0.349548	 -0.738388	 1
1463569569.283	 12	 0.210968	 -0.382217	 -0.759460	 1
1463569569.293	 12	 0.213730	 -0.387283	 -0.773010	 1
1463569569.303	 12	 0.200516	 -0.379562	 -0.779999	 1
1463569569.313	 12	 0.176102	 -0.375122	 -0.772003	 1
1463569569.323	 12	 0.151794	 -0.369339	 -0.749084	 1
1463569569.333	 12	 0.131439	 -0.381744	 -0.736786	 1
1463569569.343	 12	 0.125320	 -0.403839	 -0.737244	 1
1463569569.353	 12	 0.133209	 -0.424118	 -0.773422	 1
1463569569.363	 12	 0.142960	 -0.437836	 -0.841873	 1
1463569569.373	 12	 0.155563	 -0.428589	 -0.872726	 1
1463569569.383	 12	 0.165314	 -0.415131	 -0.864960	 1
1463569569.393	 12	 0.174835	 -0.430145	 -0.847305	 1
1463569569.403	 12	 0.169083	 -0.473328	 -0.830399	 1
1463569569.413	 12	 0.147766	 -0.486694	 -0.815369	 1
1463569569.423	 12	 0.112228	 -0.460083	 -0.791321	 1
1463569569.433	 12	 0.116348	 -0.416580	 -0.732559	 1
1463569569.443	 12	 0.039703	 -0.431732	 -0.723297	 1
1463569569.453	 12	 0.002548	 -0.482819	 -0.714203	 1
1463569569.463	 12	 0.002991	 -0.492279	 -0.711594	 1
1463569569.473	 12	 0.012039	 -0.466187	 -0.722610	 1
1463569569.483	 12	 0.017593	 -0.477081	 -0.738617	 1
1463569569.494	 12	 0.015244	 -0.507660	 -0.742615	 1
1463569569.503	 12	 0.011688	 -0.517319	 -0.744797	 1
1463569569.513	 12	 0.012253	 -0.514572	 -0.738815	 1
1463569569.524	 12	 0.003204	 -0.547928	 -0.759689	 1
1463569569.533	 12	 0.012497	 -0.528732	 -0.671494	 1
1463569569.543	 12	 -0.009094	 -0.540634	 -0.635742	 1
1463569569.554	 12	 -0.041122	 -0.572907	 -0.648468	 1
1463569569.564	 12	 -0.018936	 -0.542511	 -0.708130	 1
1463569569.573	 12	 0.007782	 -0.510101	 -0.739685	 1
1463569569.584	 12	 0.011093	 -0.521912	 -0.771103	 1
1463569569.594	 12	 0.016205	 -0.525665	 -0.811523	 1
